data Czas Rozpoczecia;kierunek;miejsce;OSG;PSG;PG;Odcienk granicy;rodzaj towaru;typ towaru;wartość;opis;JEDNOSTKA MIARY;ILOŚĆ;Rodzaje organów współdziałających
01.01.2024 07:10:00;wewnątrz kraju;strefa;Nadbużański;PSG w Dołhobyczowie;nie dotyczy;Ukraina;Inne;inna/inne;200,00;Tablice rejestracyjne;szt.;2,0000;Straż Graniczna
01.01.2024 12:25:00;do RP;przejście;Bieszczadzki;PSG w Medyce;Medyka – Szeginie;Ukraina;Papierosy;Papierosy;97,86;marki COMPLIMENT;szt.;120,0000;Straż Graniczna
01.01.2024 21:13:00;z RP;przejście;Bieszczadzki;PSG w Medyce;Medyka – Szeginie;Ukraina;Pojazdy;Osobowy;19000,00;Sorento, rok produkcji 2006;szt.;1,0000;Straż Graniczna
01.01.2024 21:35:00;do RP;przejście;Nadbużański;PSG w Terespolu;Terespol – Brześć;Białoruś;Inne;inna/inne;23,00;produkty odzwierzęce (mięso);kg;2,3000;Straż Graniczna
01.01.2024 21:35:00;do RP;przejście;Nadbużański;PSG w Terespolu;Terespol – Brześć;Białoruś;Inne;inna/inne;36,00;produkty roślinne ( owoce);kg;3,6000;Straż Graniczna
01.01.2024 21:35:00;do RP;przejście;Nadbużański;PSG w Terespolu;Terespol – Brześć;Białoruś;Papierosy;Papierosy;65,24;;szt.;80,0000;Straż Graniczna
02.01.2024 01:53:00;z RP;przejście;Śląski;PSG w Katowicach-Pyrzowicach;Katowice-Pyrzowice(Lotnicze);lotnicza;Amunicja;Ostra;4,00;"Amunicja koloru żółtego z napisem na denku łuski ""54 55""";szt.;2,0000;Straż Graniczna
03.01.2024 02:05:00;do RP;przejście;Nadbużański;PSG w Terespolu;Terespol – Brześć;Białoruś;Tytoń;Tytoń;3790,00;tytoń do fajki wodnej ;kg;5,0000;KAS
03.01.2024 10:37:00;wewnątrz kraju;kraj;Bieszczadzki;PSG w Rzeszowie–Jasionce;nie dotyczy;wewnątrz kraju;Alkohol;Spirytus;9450,00;;litr;105,0000;Straż Graniczna
03.01.2024 11:00:00;wewnątrz kraju;kraj;Warmińsko-Mazurski;PSG w Braniewie;nie dotyczy;wewnątrz kraju;Papierosy;Papierosy;6622,18;;szt.;8120,0000;KAS
03.01.2024 11:30:00;wewnątrz kraju;kraj;Morski;Wydział Operacyjno-Śledczy;nie dotyczy;wewnątrz kraju;Pojazdy;Osobowy;190000,00;Peugeot 3008, VIN: VF3M45GXVKS356667;szt.;1,0000;Straż Graniczna
03.01.2024 11:30:00;wewnątrz kraju;kraj;Morski;Wydział Operacyjno-Śledczy;nie dotyczy;wewnątrz kraju;Pojazdy;Osobowy;90000,00;Peugeot 5008, VIN: VF3MCYHZUNS111332;szt.;1,0000;Straż Graniczna
03.01.2024 16:45:00;z RP;przejście;Nadwiślański;PSG w Warszawie-Modlinie;Warszawa-Modlin(Lotnicze);lotnicza;Amunicja;Ostra;0,00;1 szt. amunicji niepozbawionej cech bojowych z napisem REM 223 PMC;szt.;1,0000;Straż Graniczna
03.01.2024 17:00:00;z RP;strefa;Śląski;PSG w Katowicach-Pyrzowicach;nie dotyczy;Słowacja;Narkotyki;Kokaina;330,00;;kg;0,0010;Straż Graniczna
03.01.2024 17:00:00;z RP;strefa;Śląski;PSG w Katowicach-Pyrzowicach;nie dotyczy;Słowacja;Inne;inna/inne;285,00;OXYDOLOR 80 mg ;szt.;60,0000;Straż Graniczna
03.01.2024 17:00:00;z RP;strefa;Śląski;PSG w Katowicach-Pyrzowicach;nie dotyczy;Słowacja;Inne;inna/inne;81,90;OXYCONTIM 40 mg ;szt.;30,0000;Straż Graniczna
03.01.2024 17:00:00;z RP;strefa;Śląski;PSG w Katowicach-Pyrzowicach;nie dotyczy;Słowacja;Inne;inna/inne;520,00;XANAX 2 mg ;szt.;200,0000;Straż Graniczna
03.01.2024 17:00:00;z RP;strefa;Śląski;PSG w Katowicach-Pyrzowicach;nie dotyczy;Słowacja;Inne;inna/inne;260,00;XANAX 2 mg ;szt.;100,0000;Straż Graniczna
03.01.2024 17:00:00;z RP;strefa;Śląski;PSG w Katowicach-Pyrzowicach;nie dotyczy;Słowacja;Inne;inna/inne;33,90;XANAX 0,5 mg ;szt.;30,0000;Straż Graniczna
03.01.2024 17:00:00;z RP;strefa;Śląski;PSG w Katowicach-Pyrzowicach;nie dotyczy;Słowacja;Inne;inna/inne;26,60;DIAZEPAM 10 mg ;szt.;20,0000;Straż Graniczna
03.01.2024 17:00:00;z RP;strefa;Śląski;PSG w Katowicach-Pyrzowicach;nie dotyczy;Słowacja;Inne;inna/inne;10,00;tabletka z napisem „80” w zielona;szt.;1,0000;Straż Graniczna
03.01.2024 17:00:00;z RP;strefa;Śląski;PSG w Katowicach-Pyrzowicach;nie dotyczy;Słowacja;Inne;inna/inne;20,00;tabletka różowa z napisem „2CB”;szt.;2,0000;Straż Graniczna
04.01.2024 07:30:00;do RP;przejście;Nadbużański;PSG w Dorohusku;Dorohusk – Jagodzin;Ukraina;Narkotyki;Marihuana;123,75;;kg;0,0028;Straż Graniczna
04.01.2024 13:50:00;z RP;przejście;Bieszczadzki;PSG w Rzeszowie–Jasionce;Rzeszów-Jasionka(Lotnicze);lotnicza;Broń;Granat;42,00;PIRO 5 M, kopia granatu RGD5 przeznaczony do szkolenia i edukacji personelu;szt.;1,0000;Straż Graniczna
05.01.2024 10:05:00;wewnątrz kraju;kraj;Nadodrzański;PSG w Poznaniu-Ławicy;nie dotyczy;wewnątrz kraju;Tytoń;krajanka tytoniowa;422998,71;723,05 kg;kg;723,0500;Straż Graniczna
05.01.2024 10:05:00;wewnątrz kraju;kraj;Nadodrzański;PSG w Poznaniu-Ławicy;nie dotyczy;wewnątrz kraju;Alkohol;Spirytus;20488,40;241,04;litr;241,0400;Straż Graniczna
05.01.2024 15:45:00;wewnątrz kraju;kraj;Karpacki;PSG w Kielcach;nie dotyczy;wewnątrz kraju;Tytoń;krajanka tytoniowa;772,23;krajanka ;kg;1,3200;Straż Graniczna
05.01.2024 15:45:00;wewnątrz kraju;kraj;Karpacki;PSG w Kielcach;nie dotyczy;wewnątrz kraju;Tytoń;susz tytoniowy;1904,67;susz liście;kg;94,7600;Straż Graniczna
05.01.2024 17:10:00;do RP;przejście;Nadbużański;PSG w Hrubieszowie;Zosin – Ustiług;Ukraina;Papierosy;Papierosy;97,86;;szt.;120,0000;Straż Graniczna
05.01.2024 17:10:00;do RP;przejście;Nadbużański;PSG w Hrubieszowie;Zosin – Ustiług;Ukraina;Tytoń;Tytoń do palenia;12,64;wkłady tytoniowe Heets;kg;0,0210;Straż Graniczna
06.01.2024 00:58:00;do RP;przejście;Nadbużański;PSG w Terespolu;Terespol – Brześć;Białoruś;Papierosy;Papierosy;326,22;;szt.;400,0000;KAS
06.01.2024 03:40:00;z RP;przejście;Nadbużański;PSG w Dorohusku;Dorohusk – Jagodzin;Ukraina;Narkotyki;Marihuana;55,80;;kg;0,0012;Straż Graniczna
06.01.2024 05:30:00;do RP;przejście;Bieszczadzki;PSG w Korczowej;Korczowa – Krakowiec;Ukraina;Pojazdy;Osobowy;40000,00;;szt.;1,0000;Straż Graniczna
07.01.2024 05:23:00;z RP;przejście;Nadodrzański;PSG w Poznaniu-Ławicy;Poznań-Ławica(Lotnicze);lotnicza;Narkotyki;inna/inne;8452,80;MDMA;kg;0,1878;Straż Graniczna
07.01.2024 15:20:00;do RP;przejście;Bieszczadzki;PSG w Korczowej;Korczowa – Krakowiec;Ukraina;Papierosy;Papierosy;195,73;;szt.;240,0000;Straż Graniczna
07.01.2024 15:40:00;z RP;przejście;Nadwiślański;PSG w Warszawie-Modlinie;Warszawa-Modlin(Lotnicze);lotnicza;Amunicja;Ostra;0,00;;szt.;1,0000;Straż Graniczna
08.01.2024 08:30:00;wewnątrz kraju;kraj;Nadbużański;PSG w Sławatyczach;nie dotyczy;wewnątrz kraju;Papierosy;Papierosy;652,43;;szt.;800,0000;Straż Graniczna
08.01.2024 09:00:00;do RP;strefa;Nadodrzański;PSG w Świecku;nie dotyczy;Niemcy;Pojazdy;Osobowy;65000,00;Audi Q3;szt.;1,0000;Straż Graniczna
08.01.2024 19:40:00;z RP;przejście;Nadwiślański;PSG w Warszawie-Okęciu;Warszawa-Okęcie(Lotnicze);lotnicza;Amunicja;Ostra;0,00;"7 szt. o oznaczeniu ""STS 223 REM""";szt.;7,0000;Straż Graniczna
08.01.2024 20:01:00;wewnątrz kraju;kraj;Morski;PSG w Świnoujściu;nie dotyczy;wewnątrz kraju;Pojazdy;inna/inne;400000,00;;szt.;1,0000;Straż Graniczna
08.01.2024 20:01:00;wewnątrz kraju;kraj;Morski;PSG w Świnoujściu;nie dotyczy;wewnątrz kraju;Pojazdy;inna/inne;250000,00;;szt.;1,0000;Straż Graniczna
09.01.2024 08:00:00;do RP;przejście;Nadbużański;PSG w Terespolu;Terespol – Brześć;Białoruś;Papierosy;Papierosy;962,34;;szt.;1180,0000;KAS
09.01.2024 08:00:00;do RP;przejście;Nadbużański;PSG w Terespolu;Terespol – Brześć;Białoruś;Inne;inna/inne;25,00;produkty pochodzenia zwierzęcego ;kg;2,5000;KAS
09.01.2024 08:00:00;do RP;przejście;Nadbużański;PSG w Terespolu;Terespol – Brześć;Białoruś;Papierosy;Papierosy;3099,05;;szt.;3800,0000;KAS
09.01.2024 08:00:00;do RP;przejście;Nadbużański;PSG w Terespolu;Terespol – Brześć;Białoruś;Inne;inna/inne;40,00;produkty pochodzenia roślinnego ;kg;5,0000;KAS
09.01.2024 19:00:00;z RP;przejście;Bieszczadzki;PSG w Korczowej;Korczowa – Krakowiec;Ukraina;Zabytki;Ikona;15120,00;"""przedmiot przypominający szablę""";szt.;1,0000;Straż Graniczna
10.01.2024 02:15:00;do RP;przejście;Nadbużański;PSG w Hrubieszowie;Zosin – Ustiług;Ukraina;Papierosy;Papierosy;163,11;D5/2024;szt.;200,0000;Straż Graniczna
10.01.2024 08:13:00;do RP;strefa;Nadbużański;PSG w Dorohusku;nie dotyczy;Ukraina;Papierosy;Papierosy;19572,96;;szt.;24000,0000;Straż Graniczna
10.01.2024 08:45:00;wewnątrz kraju;kraj;Nadbużański;PSG w Lublinie;nie dotyczy;wewnątrz kraju;Papierosy;Papierosy;554,57;;szt.;680,0000;SC
10.01.2024 09:15:00;z RP;przejście;Karpacki;PSG w Krakowie-Balicach;Kraków-Balice(Lotnicze);lotnicza;Amunicja;Ostra;1,00;Oznaczenie na denku 21 65;szt.;1,0000;Straż Graniczna
10.01.2024 10:44:00;wewnątrz kraju;strefa;Warmińsko-Mazurski;PSG w Braniewie;nie dotyczy;Rosja;Papierosy;Papierosy;1402,73;;szt.;1720,0000;Straż Graniczna
10.01.2024 10:53:00;z RP;przejście;Bieszczadzki;PSG w Rzeszowie–Jasionce;Rzeszów-Jasionka(Lotnicze);lotnicza;Broń;Granat;42,00;Granat Szkoleniowy typu PIRO - 5;szt.;1,0000;Straż Graniczna
10.01.2024 11:30:00;do RP;strefa;Nadodrzański;PSG w Świecku;nie dotyczy;Niemcy;Pojazdy;Osobowy;140000,00;UX250H;szt.;1,0000;Straż Graniczna
10.01.2024 11:40:00;wewnątrz kraju;kraj;Morski;PSG w Świnoujściu;nie dotyczy;wewnątrz kraju;Pojazdy;Osobowy;60000,00;KUGA, 2017;szt.;1,0000;Straż Graniczna
10.01.2024 20:15:00;do RP;strefa;Morski;PSG w Szczecinie;nie dotyczy;Niemcy;Pojazdy;Osobowy;70000,00;Talizman;szt.;1,0000;Straż Graniczna
10.01.2024 20:20:00;wewnątrz kraju;kraj;Nadodrzański;PSG w Świecku;nie dotyczy;wewnątrz kraju;Pojazdy;Osobowy;70000,00;Scenic;szt.;1,0000;Straż Graniczna
11.01.2024 00:30:00;wewnątrz kraju;kraj;Nadodrzański;PSG w Świecku;nie dotyczy;wewnątrz kraju;Pojazdy;Osobowy;80000,00;Outlander;szt.;1,0000;Straż Graniczna
11.01.2024 09:50:00;z RP;przejście;Karpacki;PSG w Krakowie-Balicach;Kraków-Balice(Lotnicze);lotnicza;Amunicja;Ostra;3,00;;szt.;1,0000;Straż Graniczna
11.01.2024 11:40:00;wewnątrz kraju;kraj;Nadodrzański;PSG w Kaliszu;nie dotyczy;wewnątrz kraju;Papierosy;Papierosy;26300,35;;szt.;32249,0000;SC
11.01.2024 11:40:00;wewnątrz kraju;kraj;Nadodrzański;PSG w Kaliszu;nie dotyczy;wewnątrz kraju;Tytoń;krajanka tytoniowa;56161,92;;kg;96,0000;SC
11.01.2024 16:10:00;wewnątrz kraju;kraj;Śląski;PSG w Rudzie Śląskiej;nie dotyczy;wewnątrz kraju;Narkotyki;Marihuana;1084,00;;kg;0,0271;Straż Graniczna
11.01.2024 20:45:00;do RP;przejście;Bieszczadzki;PSG w Korczowej;Korczowa – Krakowiec;Ukraina;Narkotyki;Haszysz;180,00;;kg;0,0031;Straż Graniczna
13.01.2024 08:02:00;do RP;przejście;Nadbużański;PSG w Terespolu;Terespol – Brześć;Białoruś;Papierosy;Papierosy;130,49;;szt.;160,0000;KAS
13.01.2024 08:49:00;do RP;przejście;Nadbużański;PSG w Terespolu;Terespol – Brześć;Białoruś;Papierosy;Papierosy;228,35;;szt.;280,0000;KAS
13.01.2024 08:50:00;do RP;przejście;Nadbużański;PSG w Terespolu;Terespol – Brześć;Białoruś;Papierosy;Papierosy;114,18;;szt.;140,0000;KAS
13.01.2024 09:12:00;do RP;przejście;Nadbużański;PSG w Terespolu;Terespol – Brześć;Białoruś;Papierosy;Papierosy;391,46;;szt.;480,0000;KAS
13.01.2024 10:12:00;do RP;przejście;Nadbużański;PSG w Terespolu;Terespol – Brześć;Białoruś;Papierosy;Papierosy;163,11;;szt.;200,0000;KAS
13.01.2024 10:20:00;do RP;przejście;Nadbużański;PSG w Terespolu;Terespol – Brześć;Białoruś;Papierosy;Papierosy;146,80;;szt.;180,0000;KAS
13.01.2024 11:00:00;do RP;przejście;Nadbużański;PSG w Hrebennem;Hrebenne – Rawa Ruska;Ukraina;Broń;Palna;750,00;rewolwer marki ALFA model 431 nr seryjny 4431044750 kaliber 4 mm ;szt.;1,0000;Straż Graniczna
13.01.2024 11:00:00;do RP;przejście;Nadbużański;PSG w Hrebennem;Hrebenne – Rawa Ruska;Ukraina;Broń;Palna;3000,00;pistolet marki RETAY 84 FS nr seryjny RFSID 181101041 kaliber 9 mm;szt.;1,0000;Straż Graniczna
13.01.2024 11:00:00;do RP;przejście;Nadbużański;PSG w Hrebennem;Hrebenne – Rawa Ruska;Ukraina;Amunicja;Gazowa;17,00;amunicja hukowa  kal. 9 mm. z napisem GFS P.A.K z zieloną końcówką;szt.;14,0000;Straż Graniczna
13.01.2024 17:20:00;z RP;przejście;Bieszczadzki;PSG w Korczowej;Korczowa – Krakowiec;Ukraina;Pojazdy;Osobowy;245000,00;Rav4;szt.;1,0000;Straż Graniczna
13.01.2024 19:08:00;do RP;przejście;Nadbużański;PSG w Terespolu;Terespol – Brześć;Białoruś;Alkohol;inna/inne;80,00;(1 l Samogonu i 1L Rodnik);litr;2,0000;KAS
14.01.2024 04:55:00;z RP;przejście;Nadodrzański;PSG w Poznaniu-Ławicy;Poznań-Ławica(Lotnicze);lotnicza;Tytoń;Tytoń do palenia;308,89;;kg;0,5280;Straż Graniczna
15.01.2024 10:10:00;wewnątrz kraju;kraj;Karpacki;PSG w Krakowie-Balicach;nie dotyczy;wewnątrz kraju;Amunicja;Ostra;1,00;9mm oznaczenie na denku 38 88;szt.;1,0000;Straż Graniczna
15.01.2024 11:00:00;z RP;przejście;Karpacki;PSG w Krakowie-Balicach;Kraków-Balice(Lotnicze);lotnicza;Amunicja;Ostra;1,00;oznaczenie na denku 9mm Luger norma;szt.;1,0000;Straż Graniczna
16.01.2024 02:47:00;do RP;przejście;Nadbużański;PSG w Hrubieszowie;Zosin – Ustiług;Ukraina;Inne;inna/inne;4000,00;Papuga okaz żywy  Psittacus Erithacus będąca na liście gatunków zagrożonych wyginięciem - Cites;szt.;1,0000;Straż Graniczna
16.01.2024 07:50:00;do RP;strefa;Nadodrzański;PSG w Świecku;nie dotyczy;Niemcy;Pojazdy;inna/inne;240000,00;Citroen /  Kamper;szt.;1,0000;Straż Graniczna
16.01.2024 08:20:00;z RP;przejście;Karpacki;PSG w Krakowie-Balicach;Kraków-Balice(Lotnicze);lotnicza;Amunicja;Ostra;15,00;;szt.;7,0000;Straż Graniczna
16.01.2024 11:26:00;wewnątrz kraju;kraj;Bieszczadzki;Wydział Operacyjno-Śledczy;nie dotyczy;wewnątrz kraju;Pojazdy;inna/inne;169178,56;przyczepa kempingowa Swift Elegance;szt.;1,0000;Policja
16.01.2024 11:26:00;wewnątrz kraju;kraj;Bieszczadzki;Wydział Operacyjno-Śledczy;nie dotyczy;wewnątrz kraju;Pojazdy;inna/inne;81525,66;przyczepa kempingowa Bailey Unocorn;szt.;1,0000;Policja
16.01.2024 11:26:00;wewnątrz kraju;kraj;Bieszczadzki;Wydział Operacyjno-Śledczy;nie dotyczy;wewnątrz kraju;Pojazdy;inna/inne;61523,67;przyczepa kempingowa Lunar Lexon;szt.;1,0000;Policja
16.01.2024 11:26:00;wewnątrz kraju;kraj;Bieszczadzki;Wydział Operacyjno-Śledczy;nie dotyczy;wewnątrz kraju;Pojazdy;inna/inne;143310,83;przyczepa kempingowa marki Hobby De Lux;szt.;1,0000;Policja
16.01.2024 11:26:00;wewnątrz kraju;kraj;Bieszczadzki;Wydział Operacyjno-Śledczy;nie dotyczy;wewnątrz kraju;Pojazdy;inna/inne;79449,06;przyczepa kempingowa Lunar VENUS;szt.;1,0000;Policja
16.01.2024 11:26:00;wewnątrz kraju;kraj;Bieszczadzki;Wydział Operacyjno-Śledczy;nie dotyczy;wewnątrz kraju;Pojazdy;inna/inne;112777,16;przyczepa kempingowa Swift Sunrise;szt.;1,0000;Policja
16.01.2024 11:26:00;wewnątrz kraju;kraj;Bieszczadzki;Wydział Operacyjno-Śledczy;nie dotyczy;wewnątrz kraju;Pojazdy;inna/inne;84602,10;przyczepa kempingowa Swift Conqueror;szt.;1,0000;Policja
16.01.2024 11:26:00;wewnątrz kraju;kraj;Bieszczadzki;Wydział Operacyjno-Śledczy;nie dotyczy;wewnątrz kraju;Pojazdy;inna/inne;169178,56;przyczepa kempingowa Swift Elegance ;szt.;1,0000;Policja
16.01.2024 11:26:00;wewnątrz kraju;kraj;Bieszczadzki;Wydział Operacyjno-Śledczy;nie dotyczy;wewnątrz kraju;Pojazdy;inna/inne;102163,45;przyczepa kempingowa Swift Ace Globetrotter;szt.;1,0000;Policja
16.01.2024 18:10:00;do RP;przejście;Nadbużański;PSG w Hrubieszowie;Zosin – Ustiług;Ukraina;Papierosy;Papierosy;16,31;wniosek do OC nr D09/2024;szt.;20,0000;Straż Graniczna
16.01.2024 19:39:00;do RP;przejście;Nadbużański;PSG w Hrebennem;Hrebenne – Rawa Ruska;Ukraina;Broń;Palna;6600,00;GLOCK model 26 nr seryjne KPF471 i HTY524 oraz 5 sztuk magazynków;szt.;2,0000;SC
16.01.2024 19:39:00;do RP;przejście;Nadbużański;PSG w Hrebennem;Hrebenne – Rawa Ruska;Ukraina;Amunicja;Ostra;1250,00;amunicji  kal. 9 mm. z napisem FM 5;szt.;500,0000;SC
17.01.2024 01:46:00;do RP;przejście;Nadbużański;PSG w Dołhobyczowie;Dołhobyczów – Uhrynów;Ukraina;Inne;inna/inne;120000,00;Laptop APPLE Mac PRO model A2485;szt.;10,0000;KAS
17.01.2024 01:46:00;do RP;przejście;Nadbużański;PSG w Dołhobyczowie;Dołhobyczów – Uhrynów;Ukraina;Inne;inna/inne;24000,00;Laptop APPLE Mac Pro model A2442;szt.;3,0000;KAS
17.01.2024 01:46:00;do RP;przejście;Nadbużański;PSG w Dołhobyczowie;Dołhobyczów – Uhrynów;Ukraina;Inne;inna/inne;22000,00;smartfon APPLE;szt.;10,0000;KAS
17.01.2024 01:46:00;do RP;przejście;Nadbużański;PSG w Dołhobyczowie;Dołhobyczów – Uhrynów;Ukraina;Inne;inna/inne;3200,00;ładowarka do laptopa APPLE model A2452;szt.;10,0000;KAS
17.01.2024 01:46:00;do RP;przejście;Nadbużański;PSG w Dołhobyczowie;Dołhobyczów – Uhrynów;Ukraina;Inne;inna/inne;960,00;ładowarka do laptopa APPLE model A2166;szt.;3,0000;KAS
17.01.2024 05:40:00;wewnątrz kraju;strefa;Podlaski;PSG w Michałowie;nie dotyczy;Białoruś;Papierosy;Papierosy;48932,40;NZ- BLACK;szt.;60000,0000;Straż Graniczna
17.01.2024 11:25:00;wewnątrz kraju;strefa;Nadbużański;PSG w Chłopiatynie;nie dotyczy;Ukraina;Narkotyki;Marihuana;45,45;;kg;0,0010;Policja
17.01.2024 11:25:00;wewnątrz kraju;strefa;Nadbużański;PSG w Chłopiatynie;nie dotyczy;Ukraina;Narkotyki;Marihuana;2352,60;;kg;0,0523;Policja
17.01.2024 20:00:00;wewnątrz kraju;kraj;Nadbużański;PSG w Hrebennem;nie dotyczy;wewnątrz kraju;Papierosy;Papierosy;53825,64;200.000 sztuk ;szt.;66000,0000;KAS
18.01.2024 09:32:00;wewnątrz kraju;strefa;Nadbużański;PSG we Włodawie;nie dotyczy;Białoruś;Alkohol;Wódka;90,00;"Wódka w szklanych butelkach z etykietą "" MARA 481""";litr;2,0000;Straż Graniczna
18.01.2024 09:32:00;wewnątrz kraju;strefa;Nadbużański;PSG we Włodawie;nie dotyczy;Białoruś;Papierosy;Papierosy;1631,08;"Paczki papierosów  z oznaczeniem firmy ""Magnat""";szt.;2000,0000;Straż Graniczna
18.01.2024 10:00:00;do RP;przejście;Nadbużański;PSG w Dołhobyczowie;Dołhobyczów – Uhrynów;Ukraina;Inne;inna/inne;166,00;produktów pochodzenia roślinnego;kg;16,1600;SC
18.01.2024 12:45:00;do RP;przejście;Bieszczadzki;PSG w Medyce;Medyka – Szeginie;Ukraina;Papierosy;Papierosy;35,07;marka ROTHMANS;szt.;43,0000;Straż Graniczna
18.01.2024 17:52:00;do RP;przejście;Nadwiślański;PSG w Warszawie-Okęciu;Warszawa-Okęcie(Lotnicze);lotnicza;Narkotyki;Marihuana;79806,80;susz roślinny;kg;1,9952;Straż Graniczna
18.01.2024 22:15:00;z RP;przejście;Bieszczadzki;PSG w Medyce;Medyka – Szeginie;Ukraina;Pojazdy;Osobowy;120000,00;;szt.;1,0000;Straż Graniczna
19.01.2024 07:30:00;wewnątrz kraju;strefa;Nadodrzański;PSG w Tuplicach;nie dotyczy;Niemcy;Tytoń;susz tytoniowy;596175,00;;kg;976,6000;Straż Graniczna
19.01.2024 09:00:00;do RP;przejście;Nadbużański;PSG w Hrubieszowie;Zosin – Ustiług;Ukraina;Broń;inna/inne;100,00;D11/2024 broń biała,kastet;szt.;1,0000;Straż Graniczna
19.01.2024 14:37:00;wewnątrz kraju;kraj;Morski;Wydział Operacyjno-Śledczy;nie dotyczy;wewnątrz kraju;Pojazdy;Osobowy;130000,00;TOYOTA C-HR, VIN: NMTK54BX20R076133;szt.;1,0000;Straż Graniczna
20.01.2024 04:40:00;do RP;przejście;Bieszczadzki;PSG w Rzeszowie–Jasionce;Rzeszów-Jasionka(Lotnicze);lotnicza;Amunicja;inna/inne;15,00;myśliwska 30-06;szt.;1,0000;inny
21.01.2024 21:05:00;do RP;przejście;Nadbużański;PSG w Terespolu;Terespol – Brześć;Białoruś;Pojazdy;inna/inne;25000,00;przyczepka, marka Boro o nr rej. WY520YE, numer VIN SZLK40000P0001096, rok produkcji 2023, kolor biały;szt.;1,0000;Straż Graniczna
21.01.2024 22:45:00;do RP;przejście;Nadbużański;PSG w Dorohusku;Dorohusk – Jagodzin;Ukraina;Papierosy;Papierosy;114,18;wniosek nr 1;szt.;140,0000;Straż Graniczna
21.01.2024 22:55:00;do RP;przejście;Nadbużański;PSG w Dorohusku;Dorohusk – Jagodzin;Ukraina;Papierosy;Papierosy;130,49;WNIOSEK NR 2;szt.;160,0000;Straż Graniczna
21.01.2024 23:00:00;do RP;przejście;Nadbużański;PSG w Dorohusku;Dorohusk – Jagodzin;Ukraina;Papierosy;Papierosy;122,33;WNIOSEK NR 3;szt.;150,0000;Straż Graniczna
21.01.2024 23:05:00;do RP;przejście;Nadbużański;PSG w Dorohusku;Dorohusk – Jagodzin;Ukraina;Papierosy;Papierosy;183,50;WNIOSEK NR 4;szt.;225,0000;Straż Graniczna
21.01.2024 23:10:00;do RP;przejście;Nadbużański;PSG w Dorohusku;Dorohusk – Jagodzin;Ukraina;Papierosy;Papierosy;244,66;WNIOSEK NR 5;szt.;300,0000;Straż Graniczna
21.01.2024 23:20:00;do RP;przejście;Nadbużański;PSG w Dorohusku;Dorohusk – Jagodzin;Ukraina;Papierosy;Papierosy;157,40;WNIOSEK NR 6;szt.;193,0000;Straż Graniczna
21.01.2024 23:25:00;do RP;przejście;Nadbużański;PSG w Dorohusku;Dorohusk – Jagodzin;Ukraina;Papierosy;Papierosy;114,18;WNIOSEK NR 7;szt.;140,0000;Straż Graniczna
22.01.2024 13:30:00;do RP;przejście;Bieszczadzki;PSG w Korczowej;Korczowa – Krakowiec;Ukraina;Papierosy;Papierosy;203,89;marki BOND;szt.;250,0000;SC
22.01.2024 14:57:00;z RP;przejście;Nadwiślański;PSG w Warszawie-Okęciu;Warszawa-Okęcie(Lotnicze);lotnicza;Amunicja;Ostra;0,00;o oznaczeniu  ''AMA 18'';szt.;1,0000;Straż Graniczna
22.01.2024 18:30:00;wewnątrz kraju;kraj;Warmińsko-Mazurski;Wydział Operacyjno-Śledczy;nie dotyczy;wewnątrz kraju;Inne;inna/inne;24000,00;automaty do gier hazardowych;szt.;2,0000;KAS
22.01.2024 20:30:00;do RP;strefa;Nadbużański;PSG w Terespolu;nie dotyczy;Białoruś;Papierosy;Papierosy;16310,80;;szt.;20000,0000;Straż Graniczna
22.01.2024 21:03:00;do RP;przejście;Nadbużański;PSG w Terespolu;Terespol – Brześć;Białoruś;Papierosy;Papierosy;3751,48;;szt.;4600,0000;KAS
23.01.2024 07:00:00;wewnątrz kraju;kraj;Bieszczadzki;Wydział Operacyjno-Śledczy;nie dotyczy;wewnątrz kraju;Pojazdy;inna/inne;180000,00;przyczepa kempingowa Swift Sunrise 880;szt.;1,0000;Policja
23.01.2024 07:00:00;wewnątrz kraju;kraj;Bieszczadzki;Wydział Operacyjno-Śledczy;nie dotyczy;wewnątrz kraju;Pojazdy;inna/inne;120000,00;przyczepa kempingowa Bailey Pheonix 640;szt.;1,0000;Policja
23.01.2024 09:00:00;do RP;przejście;Nadbużański;PSG w Hrebennem;Hrebenne – Rawa Ruska;Ukraina;Papierosy;Papierosy;326,22;20 paczek ;szt.;400,0000;SC
23.01.2024 09:00:00;do RP;przejście;Nadbużański;PSG w Hrebennem;Hrebenne – Rawa Ruska;Ukraina;Tytoń;Tytoń do palenia;80,96;wyroby nowatorskie;kg;0,1380;SC
23.01.2024 11:17:00;z RP;przejście;Nadwiślański;PSG w Warszawie-Modlinie;Warszawa-Modlin(Lotnicze);lotnicza;Amunicja;Ostra;0,00;1 sztuka amunicji WINCHESTER 7 x 64, 3 sztuki amunicji penetrującej posiadającej cechy bojowe do broni długiej, bez oznaczeń;szt.;4,0000;Straż Graniczna
23.01.2024 13:30:00;do RP;strefa;Nadodrzański;PSG w Świecku;nie dotyczy;Niemcy;Inne;inna/inne;76000,00;akcesoria ogrodowe, elektronarządzia, akcesoria łazienkowe;szt.;78,0000;Straż Graniczna
23.01.2024 15:00:00;do RP;przejście;Nadbużański;PSG w Hrubieszowie;Zosin – Ustiług;Ukraina;Papierosy;Papierosy;32,62;Wniosek do OC nr D13/2024;szt.;40,0000;Straż Graniczna
23.01.2024 19:35:00;do RP;przejście;Bieszczadzki;PSG w Medyce;Medyka – Szeginie;Ukraina;Tytoń;susz tytoniowy;58,00;;kg;0,1000;Straż Graniczna
24.01.2024 00:10:00;do RP;przejście;Nadbużański;PSG w Dołhobyczowie;Dołhobyczów – Uhrynów;Ukraina;Broń;inna/inne;100,00;2 kije bejsbolowe wykonane z drewna, z nadrukiem tryzuba ukraińskiego. Oba kije miały wymiar 74.5 cm długości oraz średnicę 55 mm.;szt.;2,0000;Straż Graniczna
24.01.2024 01:00:00;do RP;strefa;Nadodrzański;PSG w Świecku;nie dotyczy;Niemcy;Pojazdy;Osobowy;70000,00;CX3;szt.;1,0000;Straż Graniczna
24.01.2024 08:45:00;do RP;przejście;Warmińsko-Mazurski;PSG w Bezledach;Bezledy – Bagrationowsk;Rosja;Papierosy;Papierosy;65,24;Współdziałanie z OC Bezledy;szt.;80,0000;Straż Graniczna
24.01.2024 08:45:00;do RP;przejście;Warmińsko-Mazurski;PSG w Bezledach;Bezledy – Bagrationowsk;Rosja;Papierosy;Papierosy;65,24;Współdziałanie z OC Bezledy;szt.;80,0000;Straż Graniczna
24.01.2024 11:00:00;wewnątrz kraju;strefa;Bieszczadzki;PSG w Krościenku;nie dotyczy;Ukraina;Papierosy;Papierosy;326,22;Compliment;szt.;400,0000;Straż Graniczna
24.01.2024 12:00:00;do RP;przejście;Bieszczadzki;PSG w Sanoku;Radoszyce – Palota;Słowacja;Alkohol;Wino;4027,50;;litr;402,7500;Straż Graniczna
24.01.2024 12:00:00;do RP;przejście;Bieszczadzki;PSG w Sanoku;Radoszyce – Palota;Słowacja;Alkohol;Wino;4035,00;;litr;403,5000;Straż Graniczna
24.01.2024 15:10:00;do RP;przejście;Nadbużański;PSG w Terespolu;Terespol – Brześć;Białoruś;Papierosy;Papierosy;309,91;na wniosek SG do UC numer 3 ;szt.;380,0000;Straż Graniczna
24.01.2024 19:00:00;do RP;przejście;Nadbużański;PSG w Terespolu;Terespol – Brześć;Białoruś;Inne;inna/inne;1563,03;paliwo;litr;189,0000;KAS
24.01.2024 19:00:00;do RP;przejście;Nadbużański;PSG w Terespolu;Terespol – Brześć;Białoruś;Papierosy;Papierosy;7013,64;;szt.;8600,0000;KAS
25.01.2024 12:00:00;wewnątrz kraju;kraj;Nadbużański;PSG w Terespolu;nie dotyczy;wewnątrz kraju;Pojazdy;Osobowy;100000,00;VOLKSWAGEN Golf, rok. prod. 2021, nrr ej. GR671EZ, nr VIN: WVWZZZCD9PW201208;szt.;1,0000;Policja
25.01.2024 12:00:00;do RP;strefa;Morski;Wydział Operacyjno-Śledczy;nie dotyczy;morska;Pojazdy;Osobowy;170000,00;CAMRY NR REJ. KRE80K, kolor biały, rok produkcji 2020;szt.;1,0000;Straż Graniczna
25.01.2024 13:16:00;wewnątrz kraju;kraj;Nadbużański;PSG w Terespolu;nie dotyczy;wewnątrz kraju;Papierosy;Papierosy;228,35;;szt.;280,0000;Straż Graniczna
25.01.2024 13:16:00;wewnątrz kraju;kraj;Nadbużański;PSG w Terespolu;nie dotyczy;wewnątrz kraju;Alkohol;Wódka;400,00;;litr;10,0000;Straż Graniczna
25.01.2024 17:00:00;do RP;przejście;Nadbużański;PSG w Terespolu;Terespol – Brześć;Białoruś;Papierosy;Papierosy;212,04;;szt.;260,0000;KAS
25.01.2024 17:00:00;do RP;przejście;Nadbużański;PSG w Terespolu;Terespol – Brześć;Białoruś;Papierosy;Papierosy;1631,08;;szt.;2000,0000;KAS
26.01.2024 13:01:00;z RP;strefa;Śląski;PSG w Katowicach-Pyrzowicach;nie dotyczy;lotnicza;Broń;inna/inne;100,00;Przedmiot zabroniony przypominający palkę teleskopową ;szt.;1,0000;Straż Graniczna
26.01.2024 20:10:00;z RP;przejście;Nadbużański;PSG w Hrubieszowie;Zosin – Ustiług;Ukraina;Pojazdy;Osobowy;28000,00;;szt.;1,0000;Straż Graniczna
26.01.2024 23:20:00;z RP;przejście;Nadbużański;PSG w Hrebennem;Hrebenne – Rawa Ruska;Ukraina;Inne;Podzespoły samochodowe;10000,00;Pojazd Renault Master pocięty na 4 części bez dachu;szt.;4,0000;Straż Graniczna
27.01.2024 13:30:00;do RP;strefa;Nadodrzański;PSG w Świecku;nie dotyczy;Niemcy;Pojazdy;Osobowy;150000,00;RAV 4;szt.;1,0000;Straż Graniczna
27.01.2024 14:15:00;do RP;przejście;Nadbużański;PSG w Hrebennem;Hrebenne – Rawa Ruska;Ukraina;Narkotyki;Marihuana;27,90;;kg;0,0006;Straż Graniczna
27.01.2024 18:07:00;do RP;przejście;Nadbużański;PSG w Dołhobyczowie;Dołhobyczów – Uhrynów;Ukraina;Papierosy;Papierosy;97,86;;szt.;120,0000;SC
27.01.2024 18:07:00;do RP;przejście;Nadbużański;PSG w Dołhobyczowie;Dołhobyczów – Uhrynów;Ukraina;Płyn do e-papierosów;Płyn do e-papierosów;176,80;;litr;0,1360;SC
27.01.2024 18:57:00;do RP;przejście;Nadbużański;PSG w Dołhobyczowie;Dołhobyczów – Uhrynów;Ukraina;Papierosy;Papierosy;130,49;;szt.;160,0000;SC
27.01.2024 21:31:00;z RP;przejście;Bieszczadzki;PSG w Medyce;Medyka – Szeginie;Ukraina;Pojazdy;Osobowy;150000,00;A6 AVANT;szt.;1,0000;Straż Graniczna
27.01.2024 21:40:00;wewnątrz kraju;strefa;Nadodrzański;PSG w Kłodzku;nie dotyczy;Czechy;Narkotyki;Amfetamina;4242,00;;kg;0,0606;Straż Graniczna
28.01.2024 04:00:00;z RP;przejście;Nadbużański;PSG w Hrebennem;Hrebenne – Rawa Ruska;Ukraina;Pojazdy;Osobowy;55000,00;;szt.;1,0000;Straż Graniczna
28.01.2024 07:35:00;do RP;przejście;Nadbużański;PSG w Terespolu;Terespol – Brześć;Białoruś;Papierosy;Papierosy;2446,62;;szt.;3000,0000;KAS
28.01.2024 16:45:00;do RP;przejście;Nadbużański;PSG w Hrubieszowie;Zosin – Ustiług;Ukraina;Broń;inna/inne;60,00;Imitacja kija bejsbolowego, wniosek do OC D016/2024;szt.;1,0000;Straż Graniczna
28.01.2024 18:43:00;do RP;przejście;Nadbużański;PSG w Terespolu;Terespol – Brześć;Białoruś;Tytoń;Tytoń;1224,00;;kg;15,0000;KAS
28.01.2024 19:20:00;do RP;strefa;Nadbużański;PSG w Dorohusku;nie dotyczy;Ukraina;Papierosy;Papierosy;8155,40;;szt.;10000,0000;Straż Graniczna
28.01.2024 23:10:00;do RP;przejście;Nadbużański;PSG w Hrebennem;Hrebenne – Rawa Ruska;Ukraina;Narkotyki;Marihuana;8,10;;kg;0,0002;Straż Graniczna
29.01.2024 03:50:00;do RP;strefa;Nadbużański;PSG w Dorohusku;nie dotyczy;Ukraina;Papierosy;Papierosy;9786,48;;szt.;12000,0000;Straż Graniczna
29.01.2024 07:22:00;z RP;przejście;Bieszczadzki;PSG w Lubaczowie;Budomierz – Hruszew;Ukraina;Broń;Palna;97685,80;Accuracy AXMC kaliber 338 Lap. Mag.;szt.;4,0000;Straż Graniczna
29.01.2024 07:22:00;z RP;przejście;Bieszczadzki;PSG w Lubaczowie;Budomierz – Hruszew;Ukraina;Amunicja;Ostra;523,20;RWS i HORNADY kaliber .338 lap.mag.;szt.;1200,0000;Straż Graniczna
29.01.2024 07:45:00;wewnątrz kraju;kraj;Nadbużański;PSG w Lublinie;nie dotyczy;wewnątrz kraju;Narkotyki;Marihuana;357,88;;kg;0,0078;Policja
29.01.2024 07:45:00;wewnątrz kraju;kraj;Nadbużański;PSG w Lublinie;nie dotyczy;wewnątrz kraju;Narkotyki;inna/inne;237,00;Mefedron;kg;0,0040;Policja
29.01.2024 07:45:00;wewnątrz kraju;kraj;Nadbużański;PSG w Lublinie;nie dotyczy;wewnątrz kraju;Narkotyki;Amfetamina;18406,76;;kg;0,4975;Policja
29.01.2024 07:45:00;wewnątrz kraju;kraj;Nadbużański;PSG w Lublinie;nie dotyczy;wewnątrz kraju;Narkotyki;Extasy;161,00;;tabletka;7,0000;Policja
29.01.2024 09:40:00;z RP;przejście;Bieszczadzki;PSG w Korczowej;Korczowa – Krakowiec;Ukraina;Inne;inna/inne;7000,00;rower marki „CANNONDALE”  ;szt.;1,0000;Straż Graniczna
29.01.2024 13:55:00;wewnątrz kraju;strefa;Nadbużański;PSG w Kodniu;nie dotyczy;Białoruś;Papierosy;Papierosy;8155,40;;szt.;10000,0000;Straż Graniczna
29.01.2024 14:30:00;z RP;przejście;Nadwiślański;PSG w Warszawie-Okęciu;Warszawa-Okęcie(Lotnicze);lotnicza;Amunicja;Ostra;;HORNADY 450 BUSHMASTER;szt.;1,0000;Straż Graniczna
30.01.2024 06:02:00;wewnątrz kraju;kraj;Nadwiślański;PSG w Bydgoszczy;nie dotyczy;wewnątrz kraju;Narkotyki;Marihuana;90,00;;kg;0,0020;Straż Graniczna
30.01.2024 13:45:00;wewnątrz kraju;kraj;Warmińsko-Mazurski;PSG w Braniewie;nie dotyczy;wewnątrz kraju;Papierosy;Papierosy;220358,91;;szt.;270200,0000;Straż Graniczna
30.01.2024 14:00:00;wewnątrz kraju;kraj;Nadbużański;PSG w Hrubieszowie;nie dotyczy;wewnątrz kraju;Pojazdy;Osobowy;120000,00;;szt.;1,0000;Policja
30.01.2024 14:00:00;wewnątrz kraju;kraj;Nadbużański;PSG w Hrubieszowie;nie dotyczy;wewnątrz kraju;Inne;Podzespoły samochodowe;288800,00;silniki,skrzynie biegów inne podzespoły;szt.;117,0000;Policja
30.01.2024 15:37:00;z RP;przejście;Nadwiślański;PSG w Warszawie-Okęciu;Warszawa-Okęcie(Lotnicze);lotnicza;Amunicja;inna/inne;0,00;;szt.;29,0000;Straż Graniczna
30.01.2024 21:40:00;do RP;przejście;Nadbużański;PSG w Dołhobyczowie;Dołhobyczów – Uhrynów;Ukraina;Amunicja;Ostra;25,00;amunicja bojowa kaliber 5.45 ;szt.;10,0000;KAS
30.01.2024 21:40:00;do RP;przejście;Nadbużański;PSG w Dołhobyczowie;Dołhobyczów – Uhrynów;Ukraina;Broń;inna/inne;50,00;kij bejsbolowy;szt.;1,0000;KAS
30.01.2024 23:08:00;do RP;strefa;Nadbużański;PSG w Dorohusku;nie dotyczy;Ukraina;Papierosy;Papierosy;41912,23;Marvell Slim;szt.;51392,0000;Straż Graniczna
31.01.2024 06:30:00;do RP;przejście;Nadbużański;PSG w Terespolu;Terespol – Brześć;Białoruś;Papierosy;Papierosy;782,92;;szt.;960,0000;KAS
31.01.2024 07:15:00;z RP;przejście;Nadwiślański;PSG w Warszawie-Okęciu;Warszawa-Okęcie(Lotnicze);lotnicza;Amunicja;Ostra;0,00;;szt.;1,0000;Straż Graniczna
31.01.2024 07:45:00;wewnątrz kraju;strefa;Podlaski;PSG w Sejnach;nie dotyczy;Litwa;Papierosy;Papierosy;167870,75;;szt.;205840,0000;Straż Graniczna
31.01.2024 15:00:00;wewnątrz kraju;strefa;Bieszczadzki;PSG w Krościenku;nie dotyczy;Ukraina;Papierosy;Papierosy;424,08;compliment, Prima;szt.;520,0000;Straż Graniczna
31.01.2024 15:00:00;wewnątrz kraju;strefa;Bieszczadzki;PSG w Krościenku;nie dotyczy;Ukraina;Alkohol;Wódka;260,00;;litr;6,5000;Straż Graniczna
01.02.2024 07:00:00;do RP;przejście;Nadbużański;PSG w Terespolu;Terespol – Brześć;Białoruś;Papierosy;Papierosy;195,73;Współdziałanie z KAS w PD Terespol;szt.;240,0000;KAS
01.02.2024 07:00:00;do RP;przejście;Nadbużański;PSG w Terespolu;Terespol – Brześć;Białoruś;Papierosy;Papierosy;456,70;Współdziałanie SG z KAS w PD Terespol;szt.;560,0000;KAS
01.02.2024 07:00:00;do RP;przejście;Nadbużański;PSG w Terespolu;Terespol – Brześć;Białoruś;Papierosy;Papierosy;326,22;Współdziałanie SG z KAS w PD Terespol;szt.;400,0000;KAS
01.02.2024 07:00:00;do RP;przejście;Nadbużański;PSG w Terespolu;Terespol – Brześć;Białoruś;Tytoń;Tytoń do palenia;18,60;tytoniowe wyroby nowatorskie;kg;0,0320;KAS
01.02.2024 09:30:00;wewnątrz kraju;kraj;Morski;PSG w Gdańsku;nie dotyczy;wewnątrz kraju;Narkotyki;Marihuana;4275,00;;kg;0,0950;Straż Graniczna
01.02.2024 09:30:00;wewnątrz kraju;kraj;Morski;PSG w Gdańsku;nie dotyczy;wewnątrz kraju;Narkotyki;Marihuana;225,00;;kg;0,0050;Straż Graniczna
01.02.2024 10:00:00;do RP;strefa;Nadodrzański;PSG w Świecku;nie dotyczy;Niemcy;Pojazdy;Osobowy;120000,00;CX5;szt.;1,0000;Straż Graniczna
01.02.2024 11:27:00;do RP;przejście;Nadbużański;PSG w Hrebennem;Hrebenne – Rawa Ruska(Kolej);Ukraina;Papierosy;Papierosy;130,49;uszczuplenia celne 216 zł.;szt.;160,0000;KAS
01.02.2024 16:51:00;z RP;przejście;Śląski;PSG w Katowicach-Pyrzowicach;Katowice-Pyrzowice(Lotnicze);lotnicza;Amunicja;inna/inne;4,00;sportowa;szt.;2,0000;Straż Graniczna
02.02.2024 05:00:00;do RP;przejście;Nadbużański;PSG w Terespolu;Terespol – Brześć;Białoruś;Papierosy;Papierosy;3588,38;;szt.;4400,0000;KAS
02.02.2024 10:45:00;do RP;przejście;Nadbużański;PSG w Dorohusku;Dorohusk – Jagodzin;Ukraina;Papierosy;Papierosy;146,80;WNIOSEK NR 8;szt.;180,0000;Straż Graniczna
02.02.2024 15:30:00;do RP;przejście;Nadbużański;PSG w Terespolu;Terespol – Brześć;Białoruś;Papierosy;Papierosy;1631,08;WNIOSEK SG DO KAS NR 1 Z DN. 02.02.24;szt.;2000,0000;Straż Graniczna
03.02.2024 03:30:00;z RP;przejście;Nadbużański;PSG w Dołhobyczowie;Dołhobyczów – Uhrynów;Ukraina;Pojazdy;inna/inne;8000,00;laweta marki BORO;szt.;1,0000;Straż Graniczna
03.02.2024 08:20:00;do RP;strefa;Nadodrzański;PSG w Świecku;nie dotyczy;Niemcy;Pojazdy;Osobowy;150000,00;Macan;szt.;1,0000;Straż Graniczna
03.02.2024 13:58:00;do RP;przejście;Nadbużański;PSG w Terespolu;Kukuryki – Kozłowiczy;Białoruś;Papierosy;Papierosy;652,43;Wniosek nr 2 SG do KAS ;szt.;800,0000;Straż Graniczna
04.02.2024 04:55:00;z RP;przejście;Karpacki;PSG w Krakowie-Balicach;Kraków-Balice(Lotnicze);lotnicza;Amunicja;Ostra;3,00;amunicja z oznaczeniem na denku S&B 222 REM;szt.;3,0000;Straż Graniczna
04.02.2024 07:50:00;do RP;przejście;Bieszczadzki;PSG w Medyce;Medyka – Szeginie;Ukraina;Papierosy;Papierosy;235,69;;szt.;289,0000;Straż Graniczna
04.02.2024 13:00:00;z RP;przejście;Bieszczadzki;PSG w Korczowej;Korczowa – Krakowiec;Ukraina;Pojazdy;Osobowy;70000,00;;szt.;1,0000;Straż Graniczna
04.02.2024 21:10:00;wewnątrz kraju;strefa;Nadodrzański;PSG w Świecku;nie dotyczy;Niemcy;Pojazdy;Osobowy;100000,00;Cherokee;szt.;1,0000;Straż Graniczna
05.02.2024 14:00:00;wewnątrz kraju;kraj;Bieszczadzki;Wydział Operacyjno-Śledczy;nie dotyczy;wewnątrz kraju;Pojazdy;Osobowy;320000,00;X5;szt.;1,0000;Policja
05.02.2024 14:05:00;wewnątrz kraju;strefa;Bieszczadzki;PSG w Medyce;nie dotyczy;Ukraina;Pojazdy;Osobowy;250000,00;GLC 300 D 4 matic o numerze rejestracyjnym GK086RD (włoskie tablice rejestracyjne oryginalne), nr VIN W1N2533191G053154, rok produkcji 2022.;szt.;1,0000;Policja
05.02.2024 18:00:00;do RP;przejście;Nadbużański;PSG w Terespolu;Terespol – Brześć;Białoruś;Inne;inna/inne;2620,00;kosmetyki w ilościach hurtowych;szt.;131,0000;KAS
05.02.2024 18:00:00;do RP;przejście;Nadbużański;PSG w Terespolu;Terespol – Brześć;Białoruś;Inne;inna/inne;83,00;produkty pochodzenia roślinnego;kg;8,3000;KAS
05.02.2024 18:25:00;do RP;przejście;Bieszczadzki;PSG w Medyce;Medyka – Szeginie;Ukraina;Papierosy;Papierosy;65,24;;szt.;80,0000;Straż Graniczna
05.02.2024 19:31:00;do RP;przejście;Nadbużański;PSG w Terespolu;Kukuryki – Kozłowiczy;Białoruś;Papierosy;Papierosy;293,59;;szt.;360,0000;Straż Graniczna
05.02.2024 20:15:00;do RP;przejście;Nadbużański;PSG w Hrebennem;Hrebenne – Rawa Ruska;Ukraina;Papierosy;Papierosy;285,44;Wniosek do KAS Hrebenne nr 7, uszczuplenia celne 471 zł.;szt.;350,0000;Straż Graniczna
06.02.2024 06:00:00;wewnątrz kraju;kraj;Nadodrzański;PSG w Kaliszu;nie dotyczy;wewnątrz kraju;Papierosy;Papierosy;2378,93;;szt.;2917,0000;Policja
06.02.2024 06:00:00;wewnątrz kraju;kraj;Nadodrzański;PSG w Kaliszu;nie dotyczy;wewnątrz kraju;Papierosy;Papierosy;3963,52;;szt.;4860,0000;Policja
06.02.2024 06:00:00;wewnątrz kraju;kraj;Nadodrzański;PSG w Kaliszu;nie dotyczy;wewnątrz kraju;Tytoń;Tytoń;92140,65;;kg;156,5000;Policja
06.02.2024 06:00:00;wewnątrz kraju;kraj;Nadodrzański;PSG w Kaliszu;nie dotyczy;wewnątrz kraju;Papierosy;Papierosy;37694,26;;szt.;46220,0000;Policja
06.02.2024 06:00:00;wewnątrz kraju;kraj;Nadodrzański;PSG w Kaliszu;nie dotyczy;wewnątrz kraju;Tytoń;Tytoń;13747,50;;kg;23,5000;Policja
06.02.2024 06:00:00;wewnątrz kraju;kraj;Nadodrzański;PSG w Kaliszu;nie dotyczy;wewnątrz kraju;Alkohol;Spirytus;1296,00;;litr;16,2000;Policja
06.02.2024 10:48:00;wewnątrz kraju;strefa;Bieszczadzki;PSG w Krościenku;nie dotyczy;Ukraina;Papierosy;Papierosy;244,66;;szt.;300,0000;Straż Graniczna
06.02.2024 12:10:00;do RP;przejście;Nadbużański;PSG w Terespolu;Kukuryki – Kozłowiczy;Białoruś;Papierosy;Papierosy;815,54;wniosek SG do KAS numer 5 z dnia 06.02.2024r.;szt.;1000,0000;Straż Graniczna
06.02.2024 15:05:00;do RP;przejście;Bieszczadzki;PSG w Lubaczowie;Budomierz – Hruszew;Ukraina;Inne;Bursztyn;28697,40;;kg;8,9400;Straż Graniczna
07.02.2024 09:00:00;do RP;przejście;Nadbużański;PSG w Hrebennem;Hrebenne – Rawa Ruska;Ukraina;Papierosy;Papierosy;1174,38;72 paczki;szt.;1440,0000;Straż Graniczna
07.02.2024 09:45:00;z RP;przejście;Karpacki;PSG w Krakowie-Balicach;Kraków-Balice(Lotnicze);lotnicza;Amunicja;Ostra;1,00;kal. 5,45x39   oznaczenie na denku 60 80;szt.;1,0000;Straż Graniczna
07.02.2024 13:00:00;do RP;przejście;Nadbużański;PSG w Hrebennem;Hrebenne – Rawa Ruska;Ukraina;Papierosy;Papierosy;114,18;7 paczek wyrobów akcyzowych ;szt.;140,0000;KAS
07.02.2024 13:45:00;wewnątrz kraju;strefa;Podlaski;PSG w Kuźnicy;nie dotyczy;Białoruś;Papierosy;Papierosy;244,66;Ujawnione przez SG;szt.;300,0000;Straż Graniczna
07.02.2024 13:45:00;wewnątrz kraju;strefa;Podlaski;PSG w Kuźnicy;nie dotyczy;Białoruś;Papierosy;Papierosy;244,66;KAS Pierwszwszy Dział Zwalczania Przestępczości w Białymstoku ;szt.;300,0000;Straż Graniczna
07.02.2024 15:35:00;do RP;przejście;Nadbużański;PSG w Terespolu;Kukuryki – Kozłowiczy;Białoruś;Papierosy;Papierosy;1141,76;na wniosek SG do KAS numer 6 z dnia 07.02.2024 r. ;szt.;1400,0000;Straż Graniczna
07.02.2024 17:00:00;wewnątrz kraju;strefa;Bieszczadzki;PSG w Lubaczowie;nie dotyczy;Ukraina;Pojazdy;Osobowy;120000,00;Expert;szt.;1,0000;Straż Graniczna
07.02.2024 18:00:00;z RP;przejście;Nadbużański;PSG w Terespolu;Terespol – Brześć;Białoruś;Pojazdy;Osobowy;850000,00;BMW X5M , nr rej. OSBB1283, nr VIN WBS21CS0009T15339, rok produkcji 2023;szt.;1,0000;Straż Graniczna
08.02.2024 01:20:00;do RP;przejście;Nadbużański;PSG w Hrebennem;Hrebenne – Rawa Ruska;Ukraina;Tytoń;Tytoń;1224,00;Wniosek do KAS nr 10 uczuplenia celne 1945 zł.;kg;1,5000;Straż Graniczna
08.02.2024 13:30:00;z RP;strefa;Śląski;PSG w Katowicach-Pyrzowicach;nie dotyczy;lotnicza;Narkotyki;Marihuana;0,80;;kg;0,0000;Straż Graniczna
08.02.2024 13:30:00;z RP;strefa;Śląski;PSG w Katowicach-Pyrzowicach;nie dotyczy;lotnicza;Narkotyki;Extasy;34,00;;tabletka;2,0000;Straż Graniczna
09.02.2024 05:55:00;do RP;przejście;Nadbużański;PSG w Terespolu;Kukuryki – Kozłowiczy;Białoruś;Papierosy;Papierosy;489,32;na wniosek SG do KAS numer 8 z dnia 09.02.2024 r. ;szt.;600,0000;Straż Graniczna
09.02.2024 06:38:00;z RP;strefa;Śląski;PSG w Katowicach-Pyrzowicach;nie dotyczy;lotnicza;Broń;inna/inne;150,00;przedmiot przypominający pałkę teleskopową koloru czarnego.;szt.;1,0000;Straż Graniczna
09.02.2024 15:03:00;z RP;przejście;Nadodrzański;PSG w Poznaniu-Ławicy;Poznań-Ławica(Lotnicze);lotnicza;Amunicja;Ostra;0,70;22 LR kbks;szt.;1,0000;Straż Graniczna
09.02.2024 18:25:00;wewnątrz kraju;strefa;Podlaski;PSG w Michałowie;nie dotyczy;Białoruś;Papierosy;Papierosy;8155,40;NZ-BLACK;szt.;10000,0000;Straż Graniczna
10.02.2024 00:20:00;z RP;strefa;Bieszczadzki;PSG w Lubaczowie;nie dotyczy;Ukraina;Papierosy;Papierosy;36536,19;;szt.;44800,0000;Straż Graniczna
10.02.2024 11:00:00;do RP;przejście;Nadbużański;PSG w Terespolu;Terespol – Brześć;Białoruś;Inne;inna/inne;31,50;produkty pochodzenia zwierzęcego;kg;3,1500;KAS
10.02.2024 11:50:00;z RP;przejście;Bieszczadzki;PSG w Medyce;Medyka – Szeginie;Ukraina;Broń;inna/inne;500,00;część składowa broni w postaci zamka koloru czarnego wraz z iglicą;szt.;1,0000;Straż Graniczna
10.02.2024 16:00:00;z RP;przejście;Nadbużański;PSG w Terespolu;Terespol – Brześć;Białoruś;Pojazdy;Osobowy;700000,00;numer VIN SAL1A2BW5PA141609, rok produkcji 2024, kolor czarny;szt.;1,0000;Straż Graniczna
10.02.2024 22:00:00;z RP;przejście;Nadbużański;PSG w Terespolu;Terespol – Brześć;Białoruś;Inne;inna/inne;0,00;Paszport RU nr 550585085 wydany na dane CHERKHIGOV ZELIMKHAN ur. 30.12.1986;szt.;1,0000;Straż Graniczna
10.02.2024 22:00:00;z RP;przejście;Nadbużański;PSG w Terespolu;Terespol – Brześć;Białoruś;Inne;inna/inne;0,00;Paszport RU nr 551258357 wydany na dane TCHERKHIGOV AMIR ur. 15.09.2017;szt.;1,0000;Straż Graniczna
10.02.2024 22:00:00;z RP;przejście;Nadbużański;PSG w Terespolu;Terespol – Brześć;Białoruś;Inne;inna/inne;0,00;Paszport RU nr 551258308 wydany na dane TCHERKHIGOV ABDUL- KARIM ur. 06.02.2016;szt.;1,0000;Straż Graniczna
10.02.2024 22:00:00;z RP;przejście;Nadbużański;PSG w Terespolu;Terespol – Brześć;Białoruś;Inne;inna/inne;0,00;Paszport RU nr 517298063 wydany na dane TCHERKHIGOV KHADIJA ur. 17.08.2021;szt.;1,0000;Straż Graniczna
11.02.2024 05:15:00;do RP;przejście;Nadbużański;PSG w Dołhobyczowie;Dołhobyczów – Uhrynów;Ukraina;Inne;inna/inne;210,00;środki farmaceutyczne o nazwie ARTIFRIN ZDROVIJA;litr;0,2550;KAS
11.02.2024 08:55:00;z RP;przejście;Karpacki;PSG w Krakowie-Balicach;Kraków-Balice(Lotnicze);lotnicza;Amunicja;Ostra;1,00;Oznaczenie na denku S&b 9x19 23;szt.;1,0000;Straż Graniczna
11.02.2024 15:15:00;z RP;strefa;Śląski;PSG w Katowicach-Pyrzowicach;nie dotyczy;lotnicza;Broń;inna/inne;50,00;Przedmiot przypominający nunczako;szt.;1,0000;Straż Graniczna
11.02.2024 16:55:00;do RP;strefa;Nadbużański;PSG w Skryhiczynie;nie dotyczy;Ukraina;Papierosy;Papierosy;2544,48;Complimental;szt.;3120,0000;Straż Graniczna
12.02.2024 01:36:00;do RP;przejście;Nadbużański;PSG w Terespolu;Kukuryki – Kozłowiczy;Białoruś;Papierosy;Papierosy;326,22;WNIOSEK SG DO KAS NR 9 ;szt.;400,0000;Straż Graniczna
12.02.2024 07:50:00;do RP;strefa;Nadodrzański;PSG w Świecku;nie dotyczy;Niemcy;Narkotyki;Marihuana;80,00;;kg;0,0018;Straż Graniczna
12.02.2024 13:25:00;wewnątrz kraju;kraj;Morski;PSG w Gdyni;nie dotyczy;wewnątrz kraju;Narkotyki;inna/inne;300,00;mefedron;kg;0,0049;Straż Graniczna
12.02.2024 13:25:00;wewnątrz kraju;kraj;Morski;PSG w Gdyni;nie dotyczy;wewnątrz kraju;Narkotyki;Haszysz;6686,50;;kg;0,1337;Straż Graniczna
12.02.2024 13:25:00;wewnątrz kraju;kraj;Morski;PSG w Gdyni;nie dotyczy;wewnątrz kraju;Narkotyki;Amfetamina;547883,00;;kg;10,9577;Straż Graniczna
12.02.2024 13:25:00;wewnątrz kraju;kraj;Morski;PSG w Gdyni;nie dotyczy;wewnątrz kraju;Narkotyki;inna/inne;1346586,60;klefedron;kg;22,4431;Straż Graniczna
12.02.2024 13:25:00;wewnątrz kraju;kraj;Morski;PSG w Gdyni;nie dotyczy;wewnątrz kraju;Narkotyki;Marihuana;174,50;;kg;0,0035;Straż Graniczna
12.02.2024 13:25:00;wewnątrz kraju;kraj;Morski;PSG w Gdyni;nie dotyczy;wewnątrz kraju;Narkotyki;Amfetamina;82517,40;;kg;2,7506;Straż Graniczna
12.02.2024 13:25:00;wewnątrz kraju;kraj;Morski;PSG w Gdyni;nie dotyczy;wewnątrz kraju;Narkotyki;inna/inne;237105,00;Klefedron;kg;3,9518;Straż Graniczna
12.02.2024 13:25:00;wewnątrz kraju;kraj;Morski;PSG w Gdyni;nie dotyczy;wewnątrz kraju;Narkotyki;Marihuana;187774,00;;kg;3,7555;Straż Graniczna
12.02.2024 13:25:00;wewnątrz kraju;kraj;Morski;PSG w Gdyni;nie dotyczy;wewnątrz kraju;Narkotyki;Haszysz;28134,50;;kg;0,5627;Straż Graniczna
12.02.2024 13:25:00;wewnątrz kraju;kraj;Morski;PSG w Gdyni;nie dotyczy;wewnątrz kraju;Narkotyki;inna/inne;26801,60;MDMA;kg;0,3350;Straż Graniczna
12.02.2024 13:25:00;wewnątrz kraju;kraj;Morski;PSG w Gdyni;nie dotyczy;wewnątrz kraju;Narkotyki;inna/inne;626,50;MDPV;kg;0,0125;Straż Graniczna
12.02.2024 13:25:00;wewnątrz kraju;kraj;Morski;PSG w Gdyni;nie dotyczy;wewnątrz kraju;Narkotyki;inna/inne;19738,80;Meta amfetamina;kg;0,4386;Straż Graniczna
12.02.2024 13:25:00;wewnątrz kraju;kraj;Morski;PSG w Gdyni;nie dotyczy;wewnątrz kraju;Narkotyki;inna/inne;77060,00;Ketamina;kg;0,7706;Straż Graniczna
12.02.2024 13:25:00;wewnątrz kraju;kraj;Morski;PSG w Gdyni;nie dotyczy;wewnątrz kraju;Narkotyki;Kokaina;605349,50;;kg;1,7296;Straż Graniczna
12.02.2024 13:25:00;wewnątrz kraju;kraj;Morski;PSG w Gdyni;nie dotyczy;wewnątrz kraju;Narkotyki;Extasy;179220,00;;tabletka;5974,0000;Straż Graniczna
12.02.2024 22:30:00;do RP;przejście;Nadbużański;PSG w Terespolu;Terespol – Brześć;Białoruś;Papierosy;Papierosy;913,40;;szt.;1120,0000;KAS
12.02.2024 23:30:00;do RP;przejście;Nadbużański;PSG w Terespolu;Terespol – Brześć;Białoruś;Papierosy;Papierosy;195,73;;szt.;240,0000;KAS
13.02.2024 04:25:00;do RP;przejście;Nadbużański;PSG w Terespolu;Terespol – Brześć;Białoruś;Papierosy;Papierosy;326,22;;szt.;400,0000;KAS
13.02.2024 10:30:00;wewnątrz kraju;kraj;Nadbużański;PSG w Lublinie;nie dotyczy;wewnątrz kraju;Papierosy;Papierosy;717,68;;szt.;880,0000;SC
13.02.2024 10:45:00;do RP;przejście;Nadwiślański;PSG w Warszawie-Okęciu;Warszawa-Okęcie(Lotnicze);lotnicza;Narkotyki;inna/inne;0,00;3 CMC klefedron;kg;0,0002;Straż Graniczna
13.02.2024 11:50:00;z RP;przejście;Nadbużański;PSG w Hrubieszowie;Zosin – Ustiług;Ukraina;Pojazdy;Osobowy;90000,00;;szt.;1,0000;Straż Graniczna
13.02.2024 13:00:00;do RP;przejście;Nadbużański;PSG w Hrubieszowie;Zosin – Ustiług;Ukraina;Papierosy;Papierosy;260,97;wniosek do OC nr D029/2024;szt.;320,0000;Straż Graniczna
13.02.2024 13:42:00;do RP;przejście;Nadbużański;PSG w Terespolu;Kukuryki – Kozłowiczy;Białoruś;Papierosy;Papierosy;652,43;wniosek SG do KAS nr 10 z dn. 12.02.2024;szt.;800,0000;Straż Graniczna
13.02.2024 14:50:00;wewnątrz kraju;kraj;Morski;PSG w Świnoujściu;nie dotyczy;wewnątrz kraju;Pojazdy;Osobowy;80000,00;kabriolet;szt.;1,0000;Straż Graniczna
13.02.2024 15:00:00;z RP;przejście;Nadbużański;PSG w Hrubieszowie;Zosin – Ustiług;Ukraina;Narkotyki;Marihuana;173,25;;kg;0,0039;Straż Graniczna
13.02.2024 15:00:00;z RP;strefa;Morski;PSG w Szczecinie;nie dotyczy;Niemcy;Narkotyki;Marihuana;19,35;;kg;0,0004;Straż Graniczna
13.02.2024 17:43:00;do RP;przejście;Nadbużański;PSG w Terespolu;Kukuryki – Kozłowiczy;Białoruś;Papierosy;Papierosy;326,22;wniosek SG do KAS nr 11 z dn. 12.02.2024;szt.;400,0000;Straż Graniczna
13.02.2024 17:43:00;do RP;przejście;Nadbużański;PSG w Terespolu;Kukuryki – Kozłowiczy;Białoruś;Alkohol;inna/inne;35,00;1 litr alkoholu ;litr;1,0000;Straż Graniczna
13.02.2024 17:50:00;do RP;przejście;Nadbużański;PSG w Terespolu;Terespol – Brześć(Kolej);Białoruś;Papierosy;Papierosy;4893,24;;szt.;6000,0000;KAS
13.02.2024 18:25:00;wewnątrz kraju;kraj;Morski;PSG w Świnoujściu;nie dotyczy;wewnątrz kraju;Pojazdy;Osobowy;40000,00;Giulietta, hatchback, rok 2014;szt.;1,0000;Straż Graniczna
14.02.2024 11:40:00;wewnątrz kraju;strefa;Nadbużański;PSG w Hrubieszowie;nie dotyczy;Ukraina;Papierosy;Papierosy;260,97;;szt.;320,0000;Straż Graniczna
14.02.2024 11:40:00;wewnątrz kraju;strefa;Nadbużański;PSG w Hrubieszowie;nie dotyczy;Ukraina;Alkohol;Wódka;332,50;;litr;9,5000;Straż Graniczna
14.02.2024 12:00:00;wewnątrz kraju;kraj;Bieszczadzki;Wydział Operacyjno-Śledczy;nie dotyczy;wewnątrz kraju;Pojazdy;Osobowy;40000,00;Yaris, nr rej. RSR 25572, rok produkcji 2016, VIN: VNKKD3D330A273745;szt.;1,0000;Policja
14.02.2024 12:00:00;wewnątrz kraju;kraj;Bieszczadzki;Wydział Operacyjno-Śledczy;nie dotyczy;wewnątrz kraju;Pojazdy;Osobowy;45000,00;Rav4, nr rej. RMI 3432A, rok produkcji 2011, VIN: JTMBA31VX0D042508;szt.;1,0000;Policja
14.02.2024 12:00:00;wewnątrz kraju;kraj;Bieszczadzki;Wydział Operacyjno-Śledczy;nie dotyczy;wewnątrz kraju;Pojazdy;Osobowy;40000,00;CT200H nr rej. TSA 2873F, rok produkcji 2011, VIN: JTHKD5BH102056626;szt.;1,0000;Policja
14.02.2024 12:00:00;wewnątrz kraju;kraj;Bieszczadzki;Wydział Operacyjno-Śledczy;nie dotyczy;wewnątrz kraju;Pojazdy;Osobowy;20000,00;i30, nr rej. TSA 6949A, rok produkcji 2011, VIN: TMADB51SABJ195791;szt.;1,0000;Policja
14.02.2024 12:00:00;wewnątrz kraju;kraj;Bieszczadzki;Wydział Operacyjno-Śledczy;nie dotyczy;wewnątrz kraju;Pojazdy;Osobowy;65000,00;Land Cruiser nr rej. RMI 04J1, rok produkcji 2006, VIN:  JTEBZ29J000089005;szt.;1,0000;Policja
14.02.2024 12:00:00;wewnątrz kraju;kraj;Bieszczadzki;Wydział Operacyjno-Śledczy;nie dotyczy;wewnątrz kraju;Pojazdy;Osobowy;70000,00;Corolla, o nr rej. 5892LHM, rok produkcji 2019, VIN: SB1K93BEX0E081914;szt.;1,0000;Policja
14.02.2024 12:45:00;wewnątrz kraju;kraj;Morski;PSG w Świnoujściu;nie dotyczy;wewnątrz kraju;Pojazdy;Osobowy;50000,00;3;szt.;1,0000;Straż Graniczna
14.02.2024 18:00:00;z RP;przejście;Bieszczadzki;PSG w Korczowej;Korczowa – Krakowiec;Ukraina;Inne;inna/inne;100,00;rtablice rejestracyjne ;szt.;2,0000;Straż Graniczna
14.02.2024 18:00:00;do RP;przejście;Bieszczadzki;PSG w Korczowej;Korczowa – Krakowiec;Ukraina;Papierosy;Papierosy;179,42;;szt.;220,0000;Straż Graniczna
14.02.2024 18:22:00;do RP;przejście;Bieszczadzki;PSG w Lubaczowie;Budomierz – Hruszew;Ukraina;Papierosy;Papierosy;97,86;;szt.;120,0000;Straż Graniczna
15.02.2024 00:05:00;z RP;przejście;Bieszczadzki;PSG w Korczowej;Korczowa – Krakowiec;Ukraina;Pojazdy;Naczepa;30000,00;KEL-BERG;szt.;1,0000;Straż Graniczna
15.02.2024 00:22:00;do RP;przejście;Warmińsko-Mazurski;PSG w Grzechotkach;Grzechotki – Mamonowo II;Rosja;Inne;Bursztyn;15000,00;;kg;1,0000;Straż Graniczna
15.02.2024 07:00:00;wewnątrz kraju;kraj;Nadbużański;PSG w Terespolu;nie dotyczy;wewnątrz kraju;Pojazdy;Osobowy;150000,00;TOYOTA RAV4 ,rok produkcji 2020,VIN JTMW23FV10J031860;szt.;1,0000;Policja
15.02.2024 08:35:00;wewnątrz kraju;kraj;Warmińsko-Mazurski;PSG w Olsztynie;nie dotyczy;wewnątrz kraju;Papierosy;Papierosy;12069,99;;szt.;14800,0000;Straż Graniczna
15.02.2024 09:00:00;wewnątrz kraju;strefa;Podlaski;PSG w Krynkach;nie dotyczy;Białoruś;Papierosy;Papierosy;5871,89;Papierosy produkcji Białoruskiej marki NZ.;szt.;7200,0000;Straż Graniczna
15.02.2024 10:45:00;z RP;strefa;Śląski;PSG w Katowicach-Pyrzowicach;nie dotyczy;lotnicza;Inne;Anaboliki;199,00;BPC-157HCL;tabletka;60,0000;Straż Graniczna
15.02.2024 10:45:00;z RP;strefa;Śląski;PSG w Katowicach-Pyrzowicach;nie dotyczy;lotnicza;Inne;Anaboliki;289,00;BPC-157ARG;tabletka;60,0000;Straż Graniczna
15.02.2024 10:45:00;z RP;strefa;Śląski;PSG w Katowicach-Pyrzowicach;nie dotyczy;lotnicza;Inne;Anaboliki;800,00;ENDOGENIC OXYTROPIN;szt.;10,0000;Straż Graniczna
15.02.2024 10:45:00;z RP;strefa;Śląski;PSG w Katowicach-Pyrzowicach;nie dotyczy;lotnicza;Inne;Anaboliki;315,00;Drostanolone Enanthate;szt.;3,0000;Straż Graniczna
15.02.2024 10:45:00;z RP;strefa;Śląski;PSG w Katowicach-Pyrzowicach;nie dotyczy;lotnicza;Inne;Anaboliki;897,00;Testosterone 4-mixed;szt.;3,0000;Straż Graniczna
15.02.2024 10:45:00;z RP;strefa;Śląski;PSG w Katowicach-Pyrzowicach;nie dotyczy;lotnicza;Inne;Anaboliki;902,97;Testosterone Enanthate;szt.;3,0000;Straż Graniczna
15.02.2024 10:45:00;z RP;strefa;Śląski;PSG w Katowicach-Pyrzowicach;nie dotyczy;lotnicza;Inne;Anaboliki;459,98;Nandrolone Decanoate;szt.;2,0000;Straż Graniczna
16.02.2024 09:05:00;wewnątrz kraju;strefa;Nadodrzański;PSG w Kłodzku;nie dotyczy;Czechy;Papierosy;Papierosy;13489,03;;szt.;16540,0000;Straż Graniczna
16.02.2024 09:05:00;wewnątrz kraju;strefa;Nadodrzański;PSG w Kłodzku;nie dotyczy;Czechy;Papierosy;Papierosy;5545,67;;szt.;6800,0000;Straż Graniczna
16.02.2024 09:05:00;wewnątrz kraju;strefa;Nadodrzański;PSG w Kłodzku;nie dotyczy;Czechy;Tytoń;krajanka tytoniowa;1755,06;;kg;3,0000;Straż Graniczna
16.02.2024 09:05:00;wewnątrz kraju;strefa;Nadodrzański;PSG w Kłodzku;nie dotyczy;Czechy;Papierosy;Papierosy;159274,96;;szt.;195300,0000;Straż Graniczna
16.02.2024 09:05:00;wewnątrz kraju;strefa;Nadodrzański;PSG w Kłodzku;nie dotyczy;Czechy;Tytoń;krajanka tytoniowa;35101,20;;kg;60,0000;Straż Graniczna
16.02.2024 09:05:00;wewnątrz kraju;strefa;Nadodrzański;PSG w Kłodzku;nie dotyczy;Czechy;Papierosy;Papierosy;39031,74;;szt.;47860,0000;Straż Graniczna
16.02.2024 09:05:00;wewnątrz kraju;strefa;Nadodrzański;PSG w Kłodzku;nie dotyczy;Czechy;Tytoń;krajanka tytoniowa;8482,79;;kg;14,5000;Straż Graniczna
16.02.2024 09:05:00;wewnątrz kraju;strefa;Nadodrzański;PSG w Kłodzku;nie dotyczy;Czechy;Inne;inna/inne;3917000,00;Odzież z podrobionymi znakami towarowymi;szt.;4851,0000;Straż Graniczna
16.02.2024 09:05:00;wewnątrz kraju;strefa;Nadodrzański;PSG w Kłodzku;nie dotyczy;Czechy;Inne;inna/inne;510000,00;Torebki z podrobionymi znakami towarowymi;szt.;153,0000;Straż Graniczna
16.02.2024 09:05:00;wewnątrz kraju;strefa;Nadodrzański;PSG w Kłodzku;nie dotyczy;Czechy;Inne;inna/inne;203000,00;Perfumy z podrobionymi znakami towarowymi;szt.;128,0000;Straż Graniczna
16.02.2024 09:05:00;wewnątrz kraju;strefa;Nadodrzański;PSG w Kłodzku;nie dotyczy;Czechy;Inne;inna/inne;300000,00;Zegarki z podrobionymi znakami towarowymi;szt.;9,0000;Straż Graniczna
16.02.2024 09:05:00;wewnątrz kraju;strefa;Nadodrzański;PSG w Kłodzku;nie dotyczy;Czechy;Inne;inna/inne;70000,00;Galanteria z podrobionymi znakami towarowymi;szt.;79,0000;Straż Graniczna
16.02.2024 10:00:00;wewnątrz kraju;kraj;Bieszczadzki;PSG w Rzeszowie–Jasionce;nie dotyczy;wewnątrz kraju;Papierosy;Papierosy;162080,42;;szt.;198740,0000;Straż Graniczna
16.02.2024 13:10:00;wewnątrz kraju;kraj;Nadbużański;PSG w Terespolu;nie dotyczy;wewnątrz kraju;Papierosy;Papierosy;2919,63;;szt.;3580,0000;KAS
16.02.2024 15:00:00;wewnątrz kraju;kraj;Warmińsko-Mazurski;Wydział Operacyjno-Śledczy;nie dotyczy;wewnątrz kraju;Narkotyki;Marihuana;107,73;;kg;0,0024;Straż Graniczna
16.02.2024 15:20:00;wewnątrz kraju;kraj;Warmińsko-Mazurski;PSG w Braniewie;nie dotyczy;wewnątrz kraju;Papierosy;Papierosy;29489,93;;szt.;36160,0000;Straż Graniczna
16.02.2024 16:30:00;do RP;przejście;Nadbużański;PSG w Dołhobyczowie;Dołhobyczów – Uhrynów;Ukraina;Papierosy;Papierosy;130,49;;szt.;160,0000;Straż Graniczna
17.02.2024 02:30:00;do RP;strefa;Podlaski;PSG w Kuźnicy;nie dotyczy;Białoruś;Papierosy;Papierosy;26097,28;;szt.;32000,0000;Straż Graniczna
17.02.2024 11:30:00;wewnątrz kraju;strefa;Nadodrzański;PSG w Świecku;nie dotyczy;Niemcy;Narkotyki;Marihuana;39,15;;kg;0,0009;Straż Graniczna
17.02.2024 17:25:00;z RP;przejście;Bieszczadzki;PSG w Medyce;Przemyśl – Mościska(Kolej);Ukraina;Amunicja;Ostra;30,00;kaliber 5,45mm;szt.;3,0000;Straż Graniczna
18.02.2024 00:30:00;do RP;przejście;Nadbużański;PSG w Dorohusku;Dorohusk – Jagodzin;Ukraina;Narkotyki;Marihuana;29,25;;kg;0,0007;Straż Graniczna
18.02.2024 05:00:00;z RP;przejście;Nadbużański;PSG w Hrubieszowie;Zosin – Ustiług;Ukraina;Odpady i materiały szkodliwe bądź promieniotwórcze;inna/inne;120000,00;BMW;szt.;1,0000;Straż Graniczna
18.02.2024 07:08:00;z RP;przejście;Nadwiślański;PSG w Warszawie-Okęciu;Warszawa-Okęcie(Lotnicze);lotnicza;Amunicja;Ostra;0,00;;szt.;1,0000;Straż Graniczna
18.02.2024 21:55:00;do RP;przejście;Nadbużański;PSG w Hrubieszowie;Zosin – Ustiług;Ukraina;Papierosy;Papierosy;163,11;Wniosek do OC nr D32;szt.;200,0000;Straż Graniczna
19.02.2024 06:03:00;wewnątrz kraju;strefa;Bieszczadzki;PSG w Lubaczowie;nie dotyczy;Ukraina;Tytoń;krajanka tytoniowa;1166,31;;kg;1,5600;Straż Graniczna
19.02.2024 13:15:00;z RP;przejście;Nadodrzański;PSG w Poznaniu-Ławicy;Poznań-Ławica(Lotnicze);lotnicza;Broń;inna/inne;100,00;kastet;szt.;1,0000;Straż Graniczna
19.02.2024 13:15:00;z RP;przejście;Nadodrzański;PSG w Poznaniu-Ławicy;Poznań-Ławica(Lotnicze);lotnicza;Broń;inna/inne;100,00;pałka teleskopowa;szt.;1,0000;Straż Graniczna
19.02.2024 13:27:00;wewnątrz kraju;kraj;Warmińsko-Mazurski;Wydział Operacyjno-Śledczy;nie dotyczy;wewnątrz kraju;Papierosy;Papierosy;1745,26;;szt.;2140,0000;Straż Graniczna
19.02.2024 13:27:00;wewnątrz kraju;kraj;Warmińsko-Mazurski;Wydział Operacyjno-Śledczy;nie dotyczy;wewnątrz kraju;Narkotyki;Marihuana;790,00;;kg;0,0158;Straż Graniczna
19.02.2024 13:27:00;wewnątrz kraju;kraj;Warmińsko-Mazurski;Wydział Operacyjno-Śledczy;nie dotyczy;wewnątrz kraju;Narkotyki;Extasy;980,00;;tabletka;28,0000;Straż Graniczna
19.02.2024 14:20:00;wewnątrz kraju;strefa;Podlaski;PSG w Kuźnicy;nie dotyczy;Białoruś;Papierosy;Papierosy;13701,07;;szt.;16800,0000;Straż Graniczna
19.02.2024 23:45:00;z RP;przejście;Bieszczadzki;PSG w Medyce;Medyka – Szeginie;Ukraina;Inne;Podzespoły samochodowe;1500,00;prawa ćwiartka tylna z samochodu marki Audi ;szt.;1,0000;Straż Graniczna
20.02.2024 07:00:00;wewnątrz kraju;kraj;Nadwiślański;PSG w Warszawie-Okęciu;nie dotyczy;wewnątrz kraju;Inne;inna/inne;8297593,36;ORGANICZNE ZWIĄZKI CHEMICZNE;szt.;700289,0000;Straż Graniczna
20.02.2024 08:00:00;do RP;przejście;Warmińsko-Mazurski;PSG w Bezledach;Bezledy – Bagrationowsk;Rosja;Papierosy;Papierosy;65,24;współdziałanie z OC Bezledy;szt.;80,0000;Straż Graniczna
20.02.2024 08:00:00;do RP;przejście;Warmińsko-Mazurski;PSG w Bezledach;Bezledy – Bagrationowsk;Rosja;Papierosy;Papierosy;163,11;współdziałanie z OC Bezledy;szt.;200,0000;Straż Graniczna
20.02.2024 09:10:00;wewnątrz kraju;kraj;Morski;PSG w Kołobrzegu;nie dotyczy;wewnątrz kraju;Pojazdy;Motocykl;10000,00;;szt.;1,0000;Straż Graniczna
20.02.2024 10:15:00;wewnątrz kraju;strefa;Nadbużański;PSG we Włodawie;nie dotyczy;Białoruś;Papierosy;Papierosy;489,32;Rothman;szt.;600,0000;Straż Graniczna
20.02.2024 16:00:00;wewnątrz kraju;strefa;Nadbużański;PSG w Terespolu;nie dotyczy;Białoruś;Papierosy;Papierosy;54151,86;;szt.;66400,0000;SC
20.02.2024 17:00:00;do RP;przejście;Nadbużański;PSG w Terespolu;Terespol – Brześć;Białoruś;Papierosy;Papierosy;293,59;;szt.;360,0000;SC
21.02.2024 07:40:00;wewnątrz kraju;kraj;Warmińsko-Mazurski;Wydział Operacyjno-Śledczy;nie dotyczy;wewnątrz kraju;Tytoń;susz tytoniowy;380263,00;;kg;650,0000;Straż Graniczna
21.02.2024 11:30:00;do RP;strefa;Nadodrzański;PSG w Świecku;nie dotyczy;Niemcy;Narkotyki;Kokaina;200,00;;kg;0,0007;Straż Graniczna
21.02.2024 12:00:00;wewnątrz kraju;kraj;Nadodrzański;PSG w Kaliszu;nie dotyczy;wewnątrz kraju;Tytoń;krajanka tytoniowa;5850,20;;kg;10,0000;Policja
21.02.2024 13:10:00;z RP;przejście;Karpacki;PSG w Krakowie-Balicach;Kraków-Balice(Lotnicze);lotnicza;Amunicja;Ostra;4,00;;szt.;2,0000;Straż Graniczna
21.02.2024 13:12:00;z RP;przejście;Bieszczadzki;PSG w Medyce;Medyka – Szeginie;Ukraina;Inne;inna/inne;1,00;tablica rejestracyjna;szt.;1,0000;Straż Graniczna
21.02.2024 16:15:00;wewnątrz kraju;kraj;Karpacki;PSG w Kielcach;nie dotyczy;wewnątrz kraju;Papierosy;Papierosy;1631,08;80 paczek  marka Dawidov , 20 paczek marka LifaMentol;szt.;2000,0000;Straż Graniczna
21.02.2024 16:30:00;wewnątrz kraju;kraj;Nadodrzański;PSG w Kaliszu;nie dotyczy;wewnątrz kraju;Papierosy;Papierosy;78381,55;;szt.;96110,0000;SC
21.02.2024 16:30:00;wewnątrz kraju;kraj;Nadodrzański;PSG w Kaliszu;nie dotyczy;wewnątrz kraju;Tytoń;Tytoń do palenia;47035,60;;kg;80,4000;SC
21.02.2024 16:30:00;wewnątrz kraju;kraj;Nadodrzański;PSG w Kaliszu;nie dotyczy;wewnątrz kraju;Alkohol;Spirytus;10872,00;;litr;135,9000;SC
21.02.2024 16:30:00;wewnątrz kraju;kraj;Nadodrzański;PSG w Kaliszu;nie dotyczy;wewnątrz kraju;Tytoń;Tytoń do palenia;234,00;;kg;0,4000;SC
21.02.2024 16:30:00;wewnątrz kraju;kraj;Nadodrzański;PSG w Kaliszu;nie dotyczy;wewnątrz kraju;Papierosy;Papierosy;1794,19;;szt.;2200,0000;SC
21.02.2024 19:15:00;z RP;przejście;Śląski;PSG w Katowicach-Pyrzowicach;Katowice-Pyrzowice(Lotnicze);lotnicza;Inne;inna/inne;0,00;Polskie Prawo jazdy nr 34613/12/3417 noszące znamiona fałszerstwa;szt.;1,0000;Straż Graniczna
22.02.2024 01:50:00;do RP;przejście;Nadbużański;PSG w Hrebennem;Hrebenne – Rawa Ruska;Ukraina;Papierosy;Papierosy;228,35;ujawniono 14 paczek (280 szt.) papierosów, uszczuplenia celne 377 zł.;szt.;280,0000;Straż Graniczna
22.02.2024 08:50:00;wewnątrz kraju;kraj;Warmińsko-Mazurski;PSG w Gołdapi;nie dotyczy;wewnątrz kraju;Papierosy;Papierosy;9770,17;;szt.;11980,0000;Straż Graniczna
22.02.2024 12:30:00;wewnątrz kraju;strefa;Warmińsko-Mazurski;PSG w Grzechotkach;nie dotyczy;Rosja;Papierosy;Papierosy;179,42;;szt.;220,0000;Straż Graniczna
22.02.2024 13:15:00;wewnątrz kraju;kraj;Warmińsko-Mazurski;PSG w Braniewie;nie dotyczy;wewnątrz kraju;Papierosy;Papierosy;502372,64;marki LM;szt.;616000,0000;Straż Graniczna
22.02.2024 14:00:00;wewnątrz kraju;kraj;Morski;PSG w Świnoujściu;nie dotyczy;wewnątrz kraju;Pojazdy;Osobowy;100000,00;Sportage;szt.;1,0000;Straż Graniczna
22.02.2024 16:00:00;z RP;przejście;Karpacki;PSG w Krakowie-Balicach;Kraków-Balice(Lotnicze);lotnicza;Amunicja;Ostra;1,00;Oznaczenie na denku 539 70   (7,62mm);szt.;1,0000;Straż Graniczna
22.02.2024 23:00:00;do RP;przejście;Warmińsko-Mazurski;PSG w Bezledach;Bezledy – Bagrationowsk;Rosja;Papierosy;Papierosy;326,22;Współdziałanie z KAS OC w Bezledach;szt.;400,0000;Straż Graniczna
22.02.2024 23:50:00;z RP;przejście;Bieszczadzki;PSG w Medyce;Medyka – Szeginie;Ukraina;Pojazdy;Osobowy;10000,00;;szt.;1,0000;Straż Graniczna
23.02.2024 04:30:00;z RP;strefa;Śląski;PSG w Katowicach-Pyrzowicach;nie dotyczy;lotnicza;Broń;inna/inne;50,00;przedmiot przypominający kastet;szt.;1,0000;Straż Graniczna
23.02.2024 04:40:00;z RP;przejście;Nadbużański;PSG w Hrubieszowie;Zosin – Ustiług;Ukraina;Inne;Podzespoły samochodowe;6000,00;podzespoły samochodowe;szt.;9,0000;Straż Graniczna
23.02.2024 09:30:00;z RP;przejście;Nadodrzański;PSG w Poznaniu-Ławicy;Poznań-Ławica(Lotnicze);lotnicza;Broń;inna/inne;75,00;Pałka teleskopowa;szt.;1,0000;inny
23.02.2024 10:44:00;z RP;przejście;Nadwiślański;PSG w Warszawie-Okęciu;Warszawa-Okęcie(Lotnicze);lotnicza;Amunicja;Ostra;0,00;"AMUNICJA O OZNACZENIU ""13 11 51""";szt.;1,0000;Straż Graniczna
23.02.2024 11:20:00;wewnątrz kraju;strefa;Nadodrzański;PSG w Tuplicach;nie dotyczy;Niemcy;Tytoń;susz tytoniowy;614306,00;;kg;1006,3000;Straż Graniczna
23.02.2024 11:33:00;wewnątrz kraju;strefa;Nadbużański;PSG w Terespolu;nie dotyczy;Białoruś;Papierosy;Papierosy;10438,91;;szt.;12800,0000;Straż Graniczna
23.02.2024 15:30:00;do RP;przejście;Nadbużański;PSG w Hrebennem;Hrebenne – Rawa Ruska;Ukraina;Papierosy;Papierosy;326,22;400szt., uszczuplenia celne 538zł.;szt.;400,0000;KAS
23.02.2024 15:30:00;do RP;przejście;Nadbużański;PSG w Hrebennem;Hrebenne – Rawa Ruska;Ukraina;Papierosy;Papierosy;65,24;80szt., uszczuplernia 108zł;szt.;80,0000;KAS
23.02.2024 15:30:00;do RP;przejście;Nadbużański;PSG w Hrebennem;Hrebenne – Rawa Ruska;Ukraina;Tytoń;Tytoń do palenia;132,19;40g tytoniu ;kg;0,0400;KAS
23.02.2024 15:30:00;do RP;przejście;Nadbużański;PSG w Hrebennem;Hrebenne – Rawa Ruska;Ukraina;Inne;inna/inne;0,00;10 cygar  wartoścć 0;szt.;10,0000;KAS
23.02.2024 18:30:00;do RP;przejście;Nadbużański;PSG w Terespolu;Terespol – Brześć;Białoruś;Papierosy;Papierosy;848,16;;szt.;1040,0000;KAS
23.02.2024 18:50:00;z RP;przejście;Nadbużański;PSG w Hrubieszowie;Zosin – Ustiług;Ukraina;Odpady i materiały szkodliwe bądź promieniotwórcze;inna/inne;70000,00;SUBARU.;szt.;1,0000;Straż Graniczna
23.02.2024 22:50:00;z RP;przejście;Nadbużański;PSG w Hrubieszowie;Zosin – Ustiług;Ukraina;Odpady i materiały szkodliwe bądź promieniotwórcze;inna/inne;50000,00;LINCOLN;szt.;1,0000;Straż Graniczna
23.02.2024 23:20:00;do RP;przejście;Nadbużański;PSG w Terespolu;Terespol – Brześć;Białoruś;Pojazdy;Osobowy;45000,00;Samochód osobowy marki RENAULT o nr rej. AP49441, numer VIN VF1VBU4Z254971994, rok produkcji 2016;szt.;1,0000;Straż Graniczna
24.02.2024 03:53:00;do RP;przejście;Bieszczadzki;PSG w Lubaczowie;Budomierz – Hruszew;Ukraina;Papierosy;Papierosy;195,73;Marka Heets;szt.;240,0000;Straż Graniczna
24.02.2024 07:58:00;do RP;przejście;Nadwiślański;PSG w Warszawie-Okęciu;Warszawa-Okęcie(Lotnicze);lotnicza;Amunicja;Ostra;0,00;;szt.;17,0000;Straż Graniczna
25.02.2024 06:20:00;do RP;przejście;Nadbużański;PSG w Hrebennem;Hrebenne – Rawa Ruska;Ukraina;Papierosy;Papierosy;391,46;wniosek numer 14, 480szt.;szt.;480,0000;Straż Graniczna
25.02.2024 10:41:00;z RP;przejście;Nadwiślański;PSG w Warszawie-Okęciu;Warszawa-Okęcie(Lotnicze);lotnicza;Amunicja;inna/inne;0,00;amunicja hukowa cal, 9 mm P.A.K., o oznaczeniu GFS 9mm;szt.;8,0000;Straż Graniczna
25.02.2024 14:50:00;do RP;przejście;Nadbużański;PSG w Hrebennem;Hrebenne – Rawa Ruska;Ukraina;Papierosy;Papierosy;390,64;Wniosek do KAS nr 15 uszczuplenia celne 644 zł.;szt.;479,0000;Straż Graniczna
25.02.2024 20:55:00;do RP;przejście;Warmińsko-Mazurski;PSG w Bezledach;Bezledy – Bagrationowsk;Rosja;Papierosy;Papierosy;2838,08;Współdziałanie z KAS OC w Bezledach;szt.;3480,0000;Straż Graniczna
25.02.2024 20:55:00;do RP;przejście;Warmińsko-Mazurski;PSG w Bezledach;Bezledy – Bagrationowsk;Rosja;Pojazdy;Osobowy;5000,00;Współdziałanie z KAS OC w Bezledach;szt.;1,0000;Straż Graniczna
26.02.2024 03:30:00;do RP;przejście;Nadbużański;PSG w Terespolu;Terespol – Brześć;Białoruś;Papierosy;Papierosy;260,97;;szt.;320,0000;KAS
26.02.2024 07:15:00;wewnątrz kraju;strefa;Bieszczadzki;PSG w Krościenku;nie dotyczy;Ukraina;Papierosy;Papierosy;277,28;Compliment;szt.;340,0000;Straż Graniczna
26.02.2024 07:15:00;wewnątrz kraju;strefa;Bieszczadzki;PSG w Krościenku;nie dotyczy;Ukraina;Alkohol;Wódka;200,00;;litr;5,0000;Straż Graniczna
26.02.2024 07:15:00;wewnątrz kraju;strefa;Bieszczadzki;PSG w Krościenku;nie dotyczy;Ukraina;Alkohol;Whisky;20,00;;litr;0,5000;Straż Graniczna
26.02.2024 11:17:00;do RP;przejście;Nadbużański;PSG w Hrebennem;Hrebenne – Rawa Ruska;Ukraina;Papierosy;Papierosy;97,86;;szt.;120,0000;Straż Graniczna
26.02.2024 12:30:00;do RP;przejście;Warmińsko-Mazurski;PSG w Bezledach;Bezledy – Bagrationowsk;Rosja;Papierosy;Papierosy;163,11;Współdziałanie z KAS OC w Bezledach;szt.;200,0000;Straż Graniczna
26.02.2024 17:25:00;do RP;przejście;Nadbużański;PSG w Dorohusku;Dorohusk – Jagodzin;Ukraina;Papierosy;Papierosy;97,86;WNIOSEK NR 9;szt.;120,0000;Straż Graniczna
26.02.2024 17:25:00;do RP;przejście;Nadbużański;PSG w Dorohusku;Dorohusk – Jagodzin;Ukraina;Tytoń;Tytoń do palenia;98,68;wniosek nr 11- wkłady tytoniowe;kg;0,1090;Straż Graniczna
26.02.2024 17:25:00;do RP;przejście;Nadbużański;PSG w Dorohusku;Dorohusk – Jagodzin;Ukraina;Papierosy;Papierosy;97,86;wniosek nr 10;szt.;120,0000;Straż Graniczna
26.02.2024 22:19:00;wewnątrz kraju;kraj;Nadwiślański;PSG w Warszawie;nie dotyczy;wewnątrz kraju;Broń;Gazowa;0,00;;szt.;1,0000;Straż Graniczna
26.02.2024 22:19:00;wewnątrz kraju;kraj;Nadwiślański;PSG w Warszawie;nie dotyczy;wewnątrz kraju;Inne;inna/inne;0,00;PODROBIONA MATRYCA PIECZĄTKI KONSULA RP W LUANDZIE;szt.;2,0000;Straż Graniczna
26.02.2024 22:19:00;wewnątrz kraju;kraj;Nadwiślański;PSG w Warszawie;nie dotyczy;wewnątrz kraju;Inne;inna/inne;0,00;PODROBIONA MATRYCA PIECZĄTKI KONSULA RP W ABUDŻY;szt.;7,0000;Straż Graniczna
26.02.2024 22:19:00;wewnątrz kraju;kraj;Nadwiślański;PSG w Warszawie;nie dotyczy;wewnątrz kraju;Inne;inna/inne;0,00;PODROBIONA MATRYCA PIECZĄTKI KONSULA RP W NOWYM DELHI;szt.;1,0000;Straż Graniczna
26.02.2024 22:19:00;wewnątrz kraju;kraj;Nadwiślański;PSG w Warszawie;nie dotyczy;wewnątrz kraju;Inne;inna/inne;0,00;PODROBIONA MATRYCA PIECZĄTKI KONSULA RP W DAKARZE;szt.;1,0000;Straż Graniczna
26.02.2024 22:19:00;wewnątrz kraju;kraj;Nadwiślański;PSG w Warszawie;nie dotyczy;wewnątrz kraju;Inne;inna/inne;0,00;PODROBIONA MATRYCA PIECZATKI KONSULA RP W NOWYM NAIROBI;szt.;1,0000;Straż Graniczna
26.02.2024 22:19:00;wewnątrz kraju;kraj;Nadwiślański;PSG w Warszawie;nie dotyczy;wewnątrz kraju;Inne;inna/inne;0,00;PODROBIONA MATRYCA PIECZATKI KONSULA RP W CHARTUMIE;szt.;1,0000;Straż Graniczna
26.02.2024 22:19:00;wewnątrz kraju;kraj;Nadwiślański;PSG w Warszawie;nie dotyczy;wewnątrz kraju;Inne;inna/inne;0,00;PODROBIONA MATRYCA PIECZATKI KONSULA RP W BELGRADZIE;szt.;1,0000;Straż Graniczna
27.02.2024 01:00:00;do RP;przejście;Bieszczadzki;PSG w Lubaczowie;Budomierz – Hruszew;Ukraina;Amunicja;inna/inne;0,60;Sportowy nabój bocznego zapłonu kaliber .22LR;szt.;1,0000;Straż Graniczna
27.02.2024 01:20:00;do RP;przejście;Bieszczadzki;PSG w Korczowej;Korczowa – Krakowiec;Ukraina;Papierosy;Papierosy;244,66;;szt.;300,0000;Straż Graniczna
27.02.2024 05:00:00;wewnątrz kraju;kraj;Nadbużański;PSG w Terespolu;nie dotyczy;wewnątrz kraju;Inne;Podzespoły samochodowe;360000,00;5 skrzyń biegów, moduły z samochodów marki Maseratti a także pojazd Maseratti, a także urządzenia służące do kradzieży pojazdów ( zagłuszacze sygnałów GPS/GSM);szt.;1,0000;Straż Graniczna
27.02.2024 08:30:00;do RP;strefa;Nadodrzański;PSG w Świecku;nie dotyczy;Niemcy;Narkotyki;Marihuana;44,10;;kg;0,0010;Straż Graniczna
27.02.2024 11:30:00;wewnątrz kraju;kraj;Nadodrzański;PSG w Kaliszu;nie dotyczy;wewnątrz kraju;Papierosy;Papierosy;489,32;;szt.;600,0000;SC
27.02.2024 12:45:00;wewnątrz kraju;kraj;Warmińsko-Mazurski;PSG w Bezledach;nie dotyczy;wewnątrz kraju;Pojazdy;Ciężarowy;350000,00;wsółdziałanie z KPP Wyszków, CBŚP;szt.;1,0000;Policja
27.02.2024 12:52:00;wewnątrz kraju;kraj;Warmińsko-Mazurski;Wydział Operacyjno-Śledczy;nie dotyczy;wewnątrz kraju;Inne;inna/inne;48000,00;Automaty do gier hazardowych;szt.;4,0000;KAS
27.02.2024 15:00:00;do RP;przejście;Nadbużański;PSG w Terespolu;Terespol – Brześć;Białoruś;Papierosy;Papierosy;97,86;na wniosek SG do UC numer 10;szt.;120,0000;Straż Graniczna
27.02.2024 15:00:00;do RP;przejście;Nadbużański;PSG w Terespolu;Terespol – Brześć;Białoruś;Papierosy;Papierosy;114,18;na wniosek SG do UC numer 10;szt.;140,0000;Straż Graniczna
27.02.2024 19:40:00;do RP;przejście;Bieszczadzki;PSG w Medyce;Medyka – Szeginie;Ukraina;Papierosy;Papierosy;130,49;;szt.;160,0000;Straż Graniczna
27.02.2024 21:00:00;wewnątrz kraju;kraj;Nadbużański;PSG w Terespolu;nie dotyczy;wewnątrz kraju;Pojazdy;Osobowy;200000,00;RAV 4;szt.;1,0000;Policja
27.02.2024 21:00:00;wewnątrz kraju;kraj;Nadbużański;PSG w Terespolu;nie dotyczy;wewnątrz kraju;Pojazdy;Osobowy;300000,00;NX300H ;szt.;1,0000;Policja
28.02.2024 00:00:00;z RP;przejście;Bieszczadzki;PSG w Medyce;Medyka – Szeginie;Ukraina;Narkotyki;Marihuana;125,00;;kg;0,0025;Straż Graniczna
28.02.2024 05:30:00;do RP;przejście;Bieszczadzki;PSG w Medyce;Przemyśl – Mościska(Kolej);Ukraina;Inne;Bursztyn;108453,00;;kg;29,4500;Straż Graniczna
28.02.2024 11:10:00;wewnątrz kraju;kraj;Nadodrzański;PSG w Kaliszu;nie dotyczy;wewnątrz kraju;Papierosy;Papierosy;56843,14;;szt.;69700,0000;SC
28.02.2024 11:10:00;wewnątrz kraju;kraj;Nadodrzański;PSG w Kaliszu;nie dotyczy;wewnątrz kraju;Tytoń;Tytoń do palenia;6288,96;;kg;10,7500;SC
28.02.2024 11:10:00;wewnątrz kraju;kraj;Nadodrzański;PSG w Kaliszu;nie dotyczy;wewnątrz kraju;Alkohol;Spirytus;216,00;;litr;2,7000;SC
28.02.2024 13:00:00;z RP;przejście;Nadbużański;PSG w Terespolu;Kukuryki – Kozłowiczy;Białoruś;Pojazdy;Ciężarowy;100000,00;VOLVO o nr rej  LB73228 oraz naczepą marki WIELTON o nr rej  LB96069;szt.;1,0000;Straż Graniczna
28.02.2024 17:10:00;wewnątrz kraju;strefa;Podlaski;PSG w Rutce-Tartak;nie dotyczy;Litwa;Papierosy;Papierosy;358837,60;;szt.;440000,0000;Straż Graniczna
28.02.2024 23:10:00;z RP;przejście;Nadbużański;PSG w Dorohusku;Dorohusk – Jagodzin;Ukraina;Narkotyki;Marihuana;36,00;;kg;0,0008;Straż Graniczna
28.02.2024 23:25:00;wewnątrz kraju;kraj;Warmińsko-Mazurski;PSG w Węgorzewie;nie dotyczy;wewnątrz kraju;Alkohol;Spirytus;0,00;;litr;1000,0000;Straż Graniczna
29.02.2024 00:13:00;do RP;przejście;Bieszczadzki;PSG w Korczowej;Korczowa – Krakowiec;Ukraina;Papierosy;Papierosy;456,70;;szt.;560,0000;Straż Graniczna
29.02.2024 05:20:00;do RP;przejście;Nadbużański;PSG w Terespolu;Kukuryki – Kozłowiczy;Białoruś;Papierosy;Papierosy;652,43;Na wniosek SG do KAS nr 14;szt.;800,0000;Straż Graniczna
29.02.2024 09:58:00;z RP;przejście;Nadwiślański;PSG w Warszawie-Modlinie;Warszawa-Modlin(Lotnicze);lotnicza;Amunicja;Ostra;0,00;z napisem 7,62x25mm TT;szt.;3,0000;Straż Graniczna
29.02.2024 13:15:00;do RP;przejście;Nadbużański;PSG w Hrebennem;Hrebenne – Rawa Ruska;Ukraina;Narkotyki;Marihuana;17,10;;kg;0,0004;Straż Graniczna
29.02.2024 18:01:00;do RP;przejście;Warmińsko-Mazurski;PSG w Bezledach;Bezledy – Bagrationowsk;Rosja;Papierosy;Papierosy;733,99;Współdziałanie z KAS Bezledy ;szt.;900,0000;Straż Graniczna
29.02.2024 20:00:00;do RP;przejście;Nadbużański;PSG w Terespolu;Terespol – Brześć;Białoruś;Inne;inna/inne;1695,35;olej napędowy;litr;205,0000;KAS
01.03.2024 05:40:00;do RP;przejście;Bieszczadzki;PSG w Korczowej;Korczowa – Krakowiec;Ukraina;Papierosy;Papierosy;342,53;21 paczek papierosów (420 sztuk) papierosów bez znaków akcyzy MF RP - marki ROTHMANS.;szt.;420,0000;Straż Graniczna
01.03.2024 06:50:00;z RP;przejście;Nadwiślański;PSG w Warszawie-Okęciu;Warszawa-Babice(Lotnicze);lotnicza;Amunicja;Ostra;0,00;;szt.;41,0000;Straż Graniczna
01.03.2024 07:50:00;do RP;przejście;Nadbużański;PSG w Terespolu;Terespol – Brześć;Białoruś;Papierosy;Papierosy;81,55;Wniosek SG do KAS nr 11 z dnia 29.03.2024;szt.;100,0000;Straż Graniczna
01.03.2024 09:50:00;do RP;przejście;Nadbużański;PSG w Dorohusku;Dorohusk – Jagodzin;Ukraina;Papierosy;Papierosy;146,80;WNIOSEK NR 12;szt.;180,0000;Straż Graniczna
01.03.2024 13:05:00;do RP;strefa;Nadodrzański;PSG w Świecku;nie dotyczy;Niemcy;Pojazdy;Osobowy;96000,00;KUGA;szt.;1,0000;Straż Graniczna
01.03.2024 16:20:00;do RP;strefa;Nadodrzański;PSG w Świecku;nie dotyczy;Niemcy;Narkotyki;Marihuana;212,85;;kg;0,0047;Straż Graniczna
01.03.2024 16:20:00;do RP;strefa;Nadodrzański;PSG w Świecku;nie dotyczy;Niemcy;Narkotyki;Marihuana;50,85;;kg;0,0011;Straż Graniczna
01.03.2024 19:10:00;do RP;przejście;Nadbużański;PSG w Hrebennem;Hrebenne – Rawa Ruska;Ukraina;Papierosy;Papierosy;181,05;uszczuplenia celne  297,00 zł. ;szt.;222,0000;Straż Graniczna
01.03.2024 20:30:00;do RP;przejście;Nadbużański;PSG w Terespolu;Terespol – Brześć;Białoruś;Papierosy;Papierosy;81,55;Wniosek SG do KAS numer 11 z dnia 29.02.2024r. ;szt.;100,0000;Straż Graniczna
01.03.2024 20:30:00;do RP;przejście;Nadbużański;PSG w Terespolu;Terespol – Brześć;Białoruś;Papierosy;Papierosy;65,24;;szt.;80,0000;KAS
01.03.2024 23:00:00;z RP;przejście;Nadbużański;PSG w Dołhobyczowie;Dołhobyczów – Uhrynów;Ukraina;Pojazdy;Osobowy;65000,00;E-klasa, rok produkcji 2013 r, kolor czarny;szt.;1,0000;Straż Graniczna
02.03.2024 00:10:00;do RP;przejście;Warmińsko-Mazurski;PSG w Bezledach;Bezledy – Bagrationowsk;Rosja;Papierosy;Papierosy;473,01;sprawa TEO P/10/2022/1;szt.;580,0000;Straż Graniczna
02.03.2024 09:20:00;z RP;przejście;Nadbużański;PSG w Hrubieszowie;Zosin – Ustiług;Ukraina;Pojazdy;Osobowy;28000,00;Rok produkcji 2013;szt.;1,0000;Straż Graniczna
02.03.2024 13:30:00;do RP;strefa;Nadodrzański;PSG w Świecku;nie dotyczy;Niemcy;Pojazdy;Osobowy;130000,00;Mazda CX-5;szt.;1,0000;Straż Graniczna
02.03.2024 13:30:00;do RP;strefa;Nadodrzański;PSG w Świecku;nie dotyczy;Niemcy;Narkotyki;Amfetamina;155,40;;kg;0,0022;Straż Graniczna
02.03.2024 13:30:00;do RP;strefa;Nadodrzański;PSG w Świecku;nie dotyczy;Niemcy;Narkotyki;Extasy;70,00;;tabletka;2,0000;Straż Graniczna
02.03.2024 20:00:00;do RP;przejście;Nadbużański;PSG w Terespolu;Terespol – Brześć;Białoruś;Inne;inna/inne;37,00;Produkty pochodzenia więrzęcego ;kg;3,7000;KAS
02.03.2024 21:04:00;do RP;przejście;Nadbużański;PSG w Terespolu;Terespol – Brześć;Białoruś;Papierosy;Papierosy;97,86;wniosek SG do KAS numer 13 z dnia 02.03.2024r;szt.;120,0000;Straż Graniczna
03.03.2024 09:45:00;do RP;przejście;Warmińsko-Mazurski;PSG w Bezledach;Bezledy – Bagrationowsk;Rosja;Papierosy;Papierosy;326,22;TEO P/10/2022/1;szt.;400,0000;Straż Graniczna
03.03.2024 14:40:00;do RP;przejście;Nadbużański;PSG w Hrebennem;Hrebenne – Rawa Ruska;Ukraina;Narkotyki;Marihuana;19,35;narkotyki w postaci suszu roślinnego koloru zielonego o wadze 0,43 gram netto i szacunkowej wartości 19,35zł.;kg;0,0004;Straż Graniczna
03.03.2024 20:00:00;do RP;strefa;Nadwiślański;PSG w Warszawie-Okęciu;nie dotyczy;lotnicza;Narkotyki;inna/inne;50000,00;susz roślinny ;kg;7,4061;Straż Graniczna
04.03.2024 11:10:00;do RP;przejście;Warmińsko-Mazurski;PSG w Bezledach;Bezledy – Bagrationowsk;Rosja;Papierosy;Papierosy;163,11;współdziałanie  KAS OC w Bezledach w ramach TEO P/2022/1;szt.;200,0000;Straż Graniczna
04.03.2024 14:59:00;do RP;przejście;Nadbużański;PSG w Terespolu;Terespol – Brześć;Białoruś;Papierosy;Papierosy;1451,66;;szt.;1780,0000;KAS
04.03.2024 18:40:00;wewnątrz kraju;kraj;Warmińsko-Mazurski;PSG w Gołdapi;nie dotyczy;wewnątrz kraju;Papierosy;Papierosy;93623,99;;szt.;114800,0000;Straż Graniczna
04.03.2024 20:20:00;wewnątrz kraju;kraj;Warmińsko-Mazurski;PSG w Braniewie;nie dotyczy;wewnątrz kraju;Papierosy;Papierosy;81554,00;;szt.;100000,0000;KAS
04.03.2024 21:15:00;do RP;przejście;Warmińsko-Mazurski;PSG w Bezledach;Bezledy – Bagrationowsk;Rosja;Papierosy;Papierosy;195,73;TEO P/10/2022/1;szt.;240,0000;Straż Graniczna
04.03.2024 21:15:00;do RP;przejście;Nadbużański;PSG w Terespolu;Terespol – Brześć;Białoruś;Papierosy;Papierosy;1696,32;;szt.;2080,0000;SC
05.03.2024 06:58:00;do RP;przejście;Nadbużański;PSG w Terespolu;Terespol – Brześć;Białoruś;Papierosy;Papierosy;1141,76;;szt.;1400,0000;SC
05.03.2024 11:58:00;do RP;przejście;Warmińsko-Mazurski;PSG w Bezledach;Bezledy – Bagrationowsk;Rosja;Papierosy;Papierosy;195,73;teo P/10/2022/1 ;szt.;240,0000;Straż Graniczna
05.03.2024 19:30:00;wewnątrz kraju;strefa;Podlaski;PSG w Płaskiej;nie dotyczy;Białoruś;Papierosy;Papierosy;8155,40;;szt.;10000,0000;Straż Graniczna
06.03.2024 17:50:00;do RP;przejście;Nadbużański;PSG w Terespolu;Kukuryki – Kozłowiczy;Białoruś;Papierosy;Papierosy;326,22;na wniosek SG do UC numer 16 z dnia 06.03.2024 r. ;szt.;400,0000;Straż Graniczna
06.03.2024 19:00:00;wewnątrz kraju;kraj;Nadbużański;PSG w Hrebennem;nie dotyczy;wewnątrz kraju;Papierosy;Papierosy;360631,79;;szt.;442200,0000;SC
06.03.2024 19:00:00;wewnątrz kraju;kraj;Nadbużański;PSG w Hrebennem;nie dotyczy;wewnątrz kraju;Papierosy;Papierosy;1353608,83;;szt.;1659770,0000;SC
06.03.2024 19:00:00;wewnątrz kraju;kraj;Nadbużański;PSG w Hrebennem;nie dotyczy;wewnątrz kraju;Papierosy;Papierosy;660108,68;;szt.;809413,0000;SC
06.03.2024 19:00:00;wewnątrz kraju;kraj;Nadbużański;PSG w Hrebennem;nie dotyczy;wewnątrz kraju;Tytoń;Tytoń do palenia;14361,00;;kg;21,7300;SC
07.03.2024 05:20:00;wewnątrz kraju;kraj;Nadodrzański;PSG we Wrocławiu-Strachowicach;nie dotyczy;wewnątrz kraju;Inne;inna/inne;58,43;e-papieros;szt.;7,0000;KAS
07.03.2024 05:20:00;wewnątrz kraju;kraj;Nadodrzański;PSG we Wrocławiu-Strachowicach;nie dotyczy;wewnątrz kraju;Tytoń;Tytoń do palenia;12703,07;;kg;16,2000;KAS
07.03.2024 07:00:00;wewnątrz kraju;kraj;Podlaski;Wydział Operacyjno-Śledczy;nie dotyczy;wewnątrz kraju;Papierosy;Papierosy;9786,48;;szt.;12000,0000;Straż Graniczna
07.03.2024 08:27:00;wewnątrz kraju;strefa;Podlaski;PSG w Kuźnicy;nie dotyczy;Białoruś;Papierosy;Papierosy;8155,40;;szt.;10000,0000;Straż Graniczna
07.03.2024 14:45:00;wewnątrz kraju;kraj;Warmińsko-Mazurski;PSG w Olsztynie;nie dotyczy;wewnątrz kraju;Papierosy;Papierosy;22052,20;;szt.;27040,0000;Straż Graniczna
07.03.2024 17:25:00;z RP;przejście;Nadbużański;PSG w Hrubieszowie;Zosin – Ustiług;Ukraina;Odpady i materiały szkodliwe bądź promieniotwórcze;inna/inne;30000,00;Dodge 2019r;szt.;1,0000;Straż Graniczna
07.03.2024 18:00:00;z RP;przejście;Nadwiślański;PSG w Warszawie-Okęciu;Warszawa-Okęcie(Lotnicze);lotnicza;Narkotyki;Marihuana;0,00;;kg;0,0011;Straż Graniczna
08.03.2024 05:10:00;z RP;przejście;Nadwiślański;PSG w Warszawie-Modlinie;Warszawa-Modlin(Lotnicze);lotnicza;Amunicja;Ostra;0,00;22 LR CALL LONG RIFLE;szt.;23,0000;Straż Graniczna
09.03.2024 00:26:00;do RP;przejście;Nadbużański;PSG w Terespolu;Terespol – Brześć;Białoruś;Inne;inna/inne;4000,00;Kosmetyki;szt.;100,0000;KAS
09.03.2024 00:45:00;do RP;przejście;Nadbużański;PSG w Terespolu;Terespol – Brześć;Białoruś;Inne;inna/inne;67,00;Produkty pochodzenia zwierzęcego;kg;6,7000;Straż Graniczna
09.03.2024 07:00:00;do RP;przejście;Nadbużański;PSG w Terespolu;Kukuryki – Kozłowiczy;Białoruś;Papierosy;Papierosy;326,22;Wniosek SG do KAS PD Koroszczyn numer 17;szt.;400,0000;Straż Graniczna
09.03.2024 07:00:00;do RP;przejście;Bieszczadzki;PSG w Korczowej;Korczowa – Krakowiec;Ukraina;Papierosy;Papierosy;163,11;Papierosy marki VT (wyroby bez polskich znaków akcyzy MF RP) - w ilości 10 paczek (200 sztuk).;szt.;200,0000;Straż Graniczna
09.03.2024 09:15:00;do RP;przejście;Warmińsko-Mazurski;PSG w Bezledach;Bezledy – Bagrationowsk;Rosja;Papierosy;Papierosy;130,49;współdziałanie z KAS OC w Bezledach w ramach teo P/10/2022/1 ;szt.;160,0000;Straż Graniczna
09.03.2024 09:29:00;wewnątrz kraju;kraj;Warmińsko-Mazurski;Wydział Operacyjno-Śledczy;nie dotyczy;wewnątrz kraju;Tytoń;Tytoń do palenia;760526,00;;kg;1300,0000;SC
09.03.2024 09:29:00;wewnątrz kraju;kraj;Warmińsko-Mazurski;Wydział Operacyjno-Śledczy;nie dotyczy;wewnątrz kraju;Tytoń;Tytoń do palenia;760526,00;;kg;1300,0000;SC
09.03.2024 13:25:00;wewnątrz kraju;kraj;Warmińsko-Mazurski;PSG w Braniewie;nie dotyczy;wewnątrz kraju;Papierosy;Papierosy;675789,07;;szt.;828640,0000;Straż Graniczna
09.03.2024 13:25:00;wewnątrz kraju;kraj;Warmińsko-Mazurski;PSG w Braniewie;nie dotyczy;wewnątrz kraju;Tytoń;krajanka tytoniowa;5790,33;;kg;7,1000;Straż Graniczna
10.03.2024 11:07:00;z RP;przejście;Bieszczadzki;PSG w Rzeszowie–Jasionce;Rzeszów-Jasionka(Lotnicze);lotnicza;Narkotyki;Marihuana;80,00;marihuana;kg;0,0020;Straż Graniczna
10.03.2024 12:00:00;z RP;przejście;Nadbużański;PSG w Hrubieszowie;Zosin – Ustiług;Ukraina;Odpady i materiały szkodliwe bądź promieniotwórcze;inna/inne;40000,00;KIA;szt.;1,0000;Straż Graniczna
10.03.2024 19:12:00;do RP;przejście;Nadbużański;PSG w Terespolu;Terespol – Brześć;Białoruś;Papierosy;Papierosy;2283,51;;szt.;2800,0000;KAS
10.03.2024 20:35:00;do RP;przejście;Nadbużański;PSG w Terespolu;Terespol – Brześć;Białoruś;Papierosy;Papierosy;130,49;;szt.;160,0000;KAS
10.03.2024 20:35:00;z RP;przejście;Bieszczadzki;PSG w Medyce;Medyka – Szeginie;Ukraina;Narkotyki;Marihuana;48,84;;kg;0,0009;Straż Graniczna
10.03.2024 20:50:00;do RP;przejście;Warmińsko-Mazurski;PSG w Bezledach;Bezledy – Bagrationowsk;Rosja;Papierosy;Papierosy;97,86;współdziałanie z KAS OC w Bezledach w ramach teo P/10/2022/1 ;szt.;120,0000;Straż Graniczna
10.03.2024 21:58:00;do RP;przejście;Nadbużański;PSG w Terespolu;Terespol – Brześć;Białoruś;Papierosy;Papierosy;163,11;;szt.;200,0000;KAS
10.03.2024 22:40:00;do RP;przejście;Nadbużański;PSG w Terespolu;Terespol – Brześć;Białoruś;Papierosy;Papierosy;146,80;;szt.;180,0000;KAS
10.03.2024 22:40:00;do RP;przejście;Nadbużański;PSG w Terespolu;Terespol – Brześć;Białoruś;Papierosy;Papierosy;130,49;;szt.;160,0000;KAS
10.03.2024 22:49:00;do RP;przejście;Nadbużański;PSG w Terespolu;Terespol – Brześć;Białoruś;Papierosy;Papierosy;603,50;;szt.;740,0000;KAS
11.03.2024 00:37:00;do RP;przejście;Nadbużański;PSG w Terespolu;Terespol – Brześć;Białoruś;Papierosy;Papierosy;163,11;;szt.;200,0000;KAS
11.03.2024 02:17:00;do RP;przejście;Nadbużański;PSG w Terespolu;Terespol – Brześć;Białoruś;Papierosy;Papierosy;260,97;;szt.;320,0000;KAS
11.03.2024 02:17:00;do RP;przejście;Nadbużański;PSG w Terespolu;Terespol – Brześć;Białoruś;Papierosy;Papierosy;358,84;;szt.;440,0000;KAS
11.03.2024 02:28:00;do RP;przejście;Nadbużański;PSG w Terespolu;Terespol – Brześć;Białoruś;Płyn do e-papierosów;Płyn do e-papierosów;117,00;;litr;0,0900;KAS
11.03.2024 02:36:00;do RP;przejście;Nadbużański;PSG w Terespolu;Terespol – Brześć;Białoruś;Płyn do e-papierosów;Płyn do e-papierosów;195,00;;litr;0,1500;KAS
11.03.2024 04:13:00;do RP;przejście;Nadbużański;PSG w Terespolu;Terespol – Brześć;Białoruś;Płyn do e-papierosów;Płyn do e-papierosów;260,00;;litr;0,2000;KAS
11.03.2024 04:52:00;do RP;przejście;Nadbużański;PSG w Terespolu;Terespol – Brześć;Białoruś;Papierosy;Papierosy;179,42;;szt.;220,0000;KAS
11.03.2024 04:52:00;wewnątrz kraju;kraj;Bieszczadzki;PSG w Rzeszowie–Jasionce;nie dotyczy;wewnątrz kraju;Amunicja;Ostra;4,50;223 Remington;szt.;1,0000;inny
11.03.2024 07:08:00;z RP;przejście;Nadwiślański;PSG w Warszawie-Okęciu;Warszawa-Okęcie(Lotnicze);lotnicza;Amunicja;Ostra;0,00;;szt.;1,0000;Straż Graniczna
11.03.2024 11:05:00;do RP;przejście;Nadbużański;PSG w Terespolu;Terespol – Brześć;Białoruś;Papierosy;Papierosy;163,11;;szt.;200,0000;KAS
11.03.2024 12:30:00;do RP;przejście;Nadbużański;PSG w Terespolu;Terespol – Brześć(Kolej);Białoruś;Papierosy;Papierosy;9280,85;;szt.;11380,0000;KAS
11.03.2024 13:40:00;do RP;strefa;Śląski;PSG w Bielsku-Białej;nie dotyczy;Słowacja;Papierosy;Papierosy;350337,23;MARLBORO;szt.;429577,0000;Straż Graniczna
12.03.2024 00:25:00;do RP;przejście;Nadbużański;PSG w Terespolu;Terespol – Brześć;Białoruś;Papierosy;Papierosy;1043,89;;szt.;1280,0000;SC
12.03.2024 00:30:00;do RP;przejście;Warmińsko-Mazurski;PSG w Bezledach;Bezledy – Bagrationowsk;Rosja;Papierosy;Papierosy;146,80;;szt.;180,0000;SC
12.03.2024 00:37:00;do RP;przejście;Nadbużański;PSG w Terespolu;Terespol – Brześć;Białoruś;Papierosy;Papierosy;391,46;;szt.;480,0000;SC
12.03.2024 08:45:00;wewnątrz kraju;kraj;Warmińsko-Mazurski;PSG w Węgorzewie;nie dotyczy;wewnątrz kraju;Tytoń;krajanka tytoniowa;8155,40;;kg;10,0000;Straż Graniczna
12.03.2024 08:45:00;wewnątrz kraju;kraj;Warmińsko-Mazurski;PSG w Węgorzewie;nie dotyczy;wewnątrz kraju;Papierosy;Papierosy;19801,31;;szt.;24280,0000;Straż Graniczna
12.03.2024 09:30:00;wewnątrz kraju;strefa;Nadbużański;PSG w Terespolu;nie dotyczy;Białoruś;Pojazdy;Osobowy;402000,00;BMW M5, nr rej. VD 378787, rok produkcji 2021, kolor biały, VIN WBS81CH020CG88843;szt.;1,0000;Policja
12.03.2024 13:00:00;wewnątrz kraju;kraj;Nadbużański;PSG w Sławatyczach;nie dotyczy;wewnątrz kraju;Papierosy;Papierosy;13048,64;RSD 208/2024/3;szt.;16000,0000;Straż Graniczna
12.03.2024 15:10:00;do RP;przejście;Nadbużański;PSG w Terespolu;Terespol – Brześć;Białoruś;Alkohol;Wódka;30,00;;litr;1,0000;KAS
12.03.2024 16:00:00;wewnątrz kraju;kraj;Nadbużański;PSG w Terespolu;nie dotyczy;wewnątrz kraju;Narkotyki;Marihuana;22846,50;susz roślinny koloru zielonego;kg;0,4569;Policja
12.03.2024 16:28:00;do RP;przejście;Nadbużański;PSG w Terespolu;Terespol – Brześć;Białoruś;Papierosy;Papierosy;2250,89;;szt.;2760,0000;KAS
13.03.2024 01:35:00;do RP;przejście;Warmińsko-Mazurski;PSG w Bezledach;Bezledy – Bagrationowsk;Rosja;Papierosy;Papierosy;815,54;współdziałanie TEO P/10/2022/1;szt.;1000,0000;Straż Graniczna
13.03.2024 08:00:00;wewnątrz kraju;kraj;Nadwiślański;PSG w Warszawie-Okęciu;nie dotyczy;wewnątrz kraju;Inne;inna/inne;0,00;podrobiony dowód osobisty RP;szt.;3,0000;Straż Graniczna
13.03.2024 08:00:00;wewnątrz kraju;kraj;Nadwiślański;PSG w Warszawie-Okęciu;nie dotyczy;wewnątrz kraju;Inne;inna/inne;0,00;smartfon Apple;szt.;2,0000;Straż Graniczna
13.03.2024 11:15:00;wewnątrz kraju;strefa;Nadodrzański;PSG w Tuplicach;nie dotyczy;Niemcy;Inne;inna/inne;21750,00;obuwie z podrobionymi znakami towarowymi;szt.;83,0000;Straż Graniczna
13.03.2024 13:10:00;wewnątrz kraju;kraj;Nadodrzański;PSG w Zgorzelcu;nie dotyczy;wewnątrz kraju;Pojazdy;Osobowy;100000,00;;szt.;1,0000;SC
13.03.2024 13:10:00;wewnątrz kraju;kraj;Nadodrzański;PSG w Zgorzelcu;nie dotyczy;wewnątrz kraju;Papierosy;Papierosy;93203,99;;szt.;114285,0000;SC
13.03.2024 13:10:00;wewnątrz kraju;kraj;Nadodrzański;PSG w Zgorzelcu;nie dotyczy;wewnątrz kraju;Papierosy;Papierosy;215302,56;;szt.;264000,0000;SC
13.03.2024 13:10:00;wewnątrz kraju;kraj;Nadodrzański;PSG w Zgorzelcu;nie dotyczy;wewnątrz kraju;Tytoń;Tytoń;1089634,76;;kg;2102,0000;SC
13.03.2024 18:10:00;do RP;przejście;Nadbużański;PSG w Terespolu;Terespol – Brześć;Białoruś;Papierosy;Papierosy;244,66;;szt.;300,0000;KAS
13.03.2024 18:10:00;do RP;przejście;Nadbużański;PSG w Terespolu;Terespol – Brześć;Białoruś;Inne;inna/inne;30,00;produkty pochodzenia zwierzęcego;kg;3,0000;KAS
14.03.2024 08:00:00;do RP;przejście;Nadbużański;PSG w Terespolu;Terespol – Brześć;Białoruś;Inne;inna/inne;105,00;produkty pochodzenia zwierzęcego;kg;7,0000;SC
14.03.2024 08:00:00;do RP;przejście;Nadbużański;PSG w Terespolu;Terespol – Brześć;Białoruś;Papierosy;Papierosy;424,08;;szt.;520,0000;SC
14.03.2024 08:30:00;z RP;przejście;Nadbużański;PSG w Hrubieszowie;Zosin – Ustiług;Ukraina;Inne;Podzespoły samochodowe;10000,00;Silnik G4LE Hybrid  ;szt.;1,0000;Straż Graniczna
14.03.2024 17:20:00;z RP;przejście;Nadbużański;PSG w Hrubieszowie;Zosin – Ustiług;Ukraina;Pojazdy;inna/inne;19000,00;Rowery marki CUBE, GIANT, CUBE, TREK ;szt.;4,0000;Straż Graniczna
14.03.2024 21:15:00;do RP;strefa;Morski;PSG w Świnoujściu;nie dotyczy;morska;Pojazdy;Osobowy;210000,00;Rav 4;szt.;1,0000;Straż Graniczna
14.03.2024 22:25:00;do RP;przejście;Nadbużański;PSG w Terespolu;Terespol – Brześć;Białoruś;Papierosy;Papierosy;326,22;;szt.;400,0000;KAS
15.03.2024 04:40:00;do RP;przejście;Nadbużański;PSG w Terespolu;Terespol – Brześć;Białoruś;Papierosy;Papierosy;130,49;;szt.;160,0000;KAS
15.03.2024 06:25:00;do RP;przejście;Nadbużański;PSG w Terespolu;Terespol – Brześć;Białoruś;Alkohol;inna/inne;30,00;RUM BACARDI;litr;1,0000;KAS
15.03.2024 06:25:00;do RP;przejście;Nadbużański;PSG w Terespolu;Terespol – Brześć;Białoruś;Alkohol;inna/inne;30,00;RUM CAPITAN;litr;1,0000;KAS
15.03.2024 09:29:00;do RP;przejście;Nadbużański;PSG w Terespolu;Terespol – Brześć;Białoruś;Papierosy;Papierosy;652,43;;szt.;800,0000;KAS
15.03.2024 09:29:00;do RP;przejście;Nadbużański;PSG w Terespolu;Terespol – Brześć;Białoruś;Papierosy;Papierosy;285,44;;szt.;350,0000;KAS
15.03.2024 14:07:00;do RP;przejście;Nadbużański;PSG w Terespolu;Terespol – Brześć;Białoruś;Papierosy;Papierosy;326,22;;szt.;400,0000;KAS
15.03.2024 14:07:00;do RP;przejście;Nadbużański;PSG w Terespolu;Terespol – Brześć;Białoruś;Papierosy;Papierosy;501,56;;szt.;615,0000;KAS
15.03.2024 18:41:00;wewnątrz kraju;kraj;Morski;PSG w Kołobrzegu;nie dotyczy;wewnątrz kraju;Pojazdy;Osobowy;15000,00;;szt.;1,0000;Straż Graniczna
15.03.2024 18:41:00;wewnątrz kraju;kraj;Morski;PSG w Kołobrzegu;nie dotyczy;wewnątrz kraju;Broń;Gazowa;1200,00;;szt.;1,0000;Straż Graniczna
15.03.2024 18:41:00;wewnątrz kraju;kraj;Morski;PSG w Kołobrzegu;nie dotyczy;wewnątrz kraju;Narkotyki;Amfetamina;60,20;;kg;0,0009;Straż Graniczna
15.03.2024 18:41:00;wewnątrz kraju;kraj;Morski;PSG w Kołobrzegu;nie dotyczy;wewnątrz kraju;Narkotyki;Marihuana;236,25;;kg;0,0053;Straż Graniczna
15.03.2024 18:41:00;wewnątrz kraju;kraj;Morski;PSG w Kołobrzegu;nie dotyczy;wewnątrz kraju;Broń;Gazowa;1200,00;;szt.;1,0000;Straż Graniczna
16.03.2024 07:00:00;do RP;przejście;Nadbużański;PSG w Terespolu;Terespol – Brześć;Białoruś;Inne;inna/inne;80,00;produkty pochodzenie roślinnego;kg;8,0000;KAS
16.03.2024 07:00:00;do RP;przejście;Nadbużański;PSG w Terespolu;Terespol – Brześć;Białoruś;Inne;inna/inne;63,00;produkty pochodzenia roslinnego;kg;6,3000;KAS
16.03.2024 07:34:00;do RP;przejście;Nadbużański;PSG w Terespolu;Terespol – Brześć;Białoruś;Papierosy;Papierosy;326,22;;szt.;400,0000;KAS
16.03.2024 07:37:00;do RP;przejście;Nadbużański;PSG w Terespolu;Terespol – Brześć;Białoruś;Papierosy;Papierosy;1826,81;;szt.;2240,0000;KAS
16.03.2024 08:56:00;do RP;przejście;Nadbużański;PSG w Terespolu;Terespol – Brześć;Białoruś;Papierosy;Papierosy;97,86;;szt.;120,0000;KAS
16.03.2024 10:00:00;wewnątrz kraju;strefa;Nadbużański;Wydział Operacyjno-Śledczy;nie dotyczy;Ukraina;Narkotyki;Marihuana;44877,00;susz THC;kg;0,6411;Policja
16.03.2024 10:00:00;wewnątrz kraju;strefa;Nadbużański;Wydział Operacyjno-Śledczy;nie dotyczy;Ukraina;Narkotyki;inna/inne;1400,00;79 szt. żelek THC;kg;0,4361;Policja
16.03.2024 10:00:00;wewnątrz kraju;strefa;Nadbużański;Wydział Operacyjno-Śledczy;nie dotyczy;Ukraina;Narkotyki;inna/inne;5530,00;12 szt. ciastek THC;kg;0,0783;Policja
16.03.2024 10:00:00;wewnątrz kraju;strefa;Nadbużański;Wydział Operacyjno-Śledczy;nie dotyczy;Ukraina;Narkotyki;inna/inne;191810,00;Substancja oleista THC;kg;1,9181;Policja
16.03.2024 10:00:00;wewnątrz kraju;strefa;Nadbużański;Wydział Operacyjno-Śledczy;nie dotyczy;Ukraina;Narkotyki;Kokaina;500,00;substancja proszkowa;kg;0,0011;Policja
16.03.2024 10:00:00;wewnątrz kraju;strefa;Nadbużański;Wydział Operacyjno-Śledczy;nie dotyczy;Ukraina;Narkotyki;Extasy;480,00;16 tabletek;kg;0,0051;Policja
16.03.2024 10:00:00;wewnątrz kraju;strefa;Nadbużański;Wydział Operacyjno-Śledczy;nie dotyczy;Ukraina;Narkotyki;Extasy;9621,00;substancja płynna;kg;0,3207;Policja
16.03.2024 10:00:00;wewnątrz kraju;strefa;Nadbużański;Wydział Operacyjno-Śledczy;nie dotyczy;Ukraina;Narkotyki;Amfetamina;8750,00;139 kapsułek;kg;0,1250;Policja
16.03.2024 10:00:00;wewnątrz kraju;strefa;Nadbużański;Wydział Operacyjno-Śledczy;nie dotyczy;Ukraina;Narkotyki;inna/inne;3875,00;mefedron - substancja zbrylona;kg;0,0155;Policja
16.03.2024 10:00:00;wewnątrz kraju;strefa;Podlaski;PSG w Mielniku;nie dotyczy;Białoruś;Pojazdy;Ciężarowy;30000,00;;szt.;1,0000;Straż Graniczna
17.03.2024 01:30:00;wewnątrz kraju;strefa;Podlaski;PSG w Rutce-Tartak;nie dotyczy;Litwa;Pojazdy;Osobowy;38000,00;Navara;szt.;1,0000;Straż Graniczna
17.03.2024 08:00:00;do RP;przejście;Warmińsko-Mazurski;PSG w Bezledach;Bezledy – Bagrationowsk;Rosja;Papierosy;Papierosy;114,18;TEO P/10/2022/1 harmonogram współdziałania;szt.;140,0000;Straż Graniczna
17.03.2024 08:00:00;do RP;przejście;Warmińsko-Mazurski;PSG w Bezledach;Bezledy – Bagrationowsk;Rosja;Papierosy;Papierosy;81,55;TEO P/10/2022/1 harmonogram współdziałania;szt.;100,0000;Straż Graniczna
17.03.2024 08:00:00;do RP;przejście;Warmińsko-Mazurski;PSG w Bezledach;Bezledy – Bagrationowsk;Rosja;Papierosy;Papierosy;65,24;harmonogram współdziałania;szt.;80,0000;Straż Graniczna
17.03.2024 08:00:00;do RP;przejście;Warmińsko-Mazurski;PSG w Bezledach;Bezledy – Bagrationowsk;Rosja;Papierosy;Papierosy;195,73;harmonogram współdziałania;szt.;240,0000;Straż Graniczna
17.03.2024 18:35:00;z RP;przejście;Bieszczadzki;PSG w Medyce;Medyka – Szeginie;Ukraina;Amunicja;inna/inne;21,00;;szt.;7,0000;Straż Graniczna
17.03.2024 21:30:00;do RP;przejście;Warmińsko-Mazurski;PSG w Bezledach;Bezledy – Bagrationowsk;Rosja;Papierosy;Papierosy;326,22;Współdziałanie z KAS OC w Bezledach ;szt.;400,0000;Straż Graniczna
18.03.2024 03:06:00;do RP;przejście;Nadbużański;PSG w Terespolu;Terespol – Brześć;Białoruś;Tytoń;Tytoń do palenia;31,59;wyroby nowatorskie;kg;0,0540;Straż Graniczna
18.03.2024 06:30:00;wewnątrz kraju;kraj;Nadbużański;PSG w Terespolu;nie dotyczy;wewnątrz kraju;Papierosy;Papierosy;489,32;;szt.;600,0000;SC
18.03.2024 06:30:00;wewnątrz kraju;kraj;Nadbużański;PSG w Terespolu;nie dotyczy;wewnątrz kraju;Tytoń;Tytoń do palenia (wkłady);0,00;wyroby nowatorskie;szt.;94,0000;SC
18.03.2024 06:30:00;wewnątrz kraju;kraj;Nadbużański;PSG w Terespolu;nie dotyczy;wewnątrz kraju;Papierosy;Papierosy;97,86;;szt.;120,0000;SC
18.03.2024 06:30:00;wewnątrz kraju;kraj;Nadbużański;PSG w Terespolu;nie dotyczy;wewnątrz kraju;Tytoń;Tytoń do palenia (wkłady);0,00;wyroby nowatorskie;szt.;40,0000;SC
18.03.2024 06:30:00;wewnątrz kraju;kraj;Nadbużański;PSG w Terespolu;nie dotyczy;wewnątrz kraju;Tytoń;Tytoń do palenia;0,00;;kg;0,1800;SC
18.03.2024 06:30:00;wewnątrz kraju;kraj;Nadbużański;PSG w Terespolu;nie dotyczy;wewnątrz kraju;Papierosy;Papierosy;2430,31;;szt.;2980,0000;SC
18.03.2024 06:30:00;wewnątrz kraju;kraj;Nadbużański;PSG w Terespolu;nie dotyczy;wewnątrz kraju;Tytoń;Tytoń do palenia;0,00;;kg;0,0300;SC
18.03.2024 06:30:00;wewnątrz kraju;kraj;Nadbużański;PSG w Terespolu;nie dotyczy;wewnątrz kraju;Tytoń;Tytoń do palenia (wkłady);0,00;wyroby nowatorskie;szt.;1200,0000;SC
18.03.2024 10:00:00;do RP;strefa;Morski;PSG w Świnoujściu;nie dotyczy;morska;Inne;inna/inne;1707060,90;Guma do żucia;szt.;106734,0000;Straż Graniczna
18.03.2024 10:00:00;do RP;strefa;Morski;PSG w Świnoujściu;nie dotyczy;morska;Pojazdy;Ciężarowy;60000,00;;szt.;1,0000;Straż Graniczna
18.03.2024 10:00:00;do RP;strefa;Morski;PSG w Świnoujściu;nie dotyczy;morska;Pojazdy;Naczepa;86100,00;;szt.;1,0000;Straż Graniczna
18.03.2024 14:00:00;do RP;przejście;Nadbużański;PSG w Dołhobyczowie;Dołhobyczów – Uhrynów;Ukraina;Alkohol;inna/inne;140,00;alkohol pow. 22 %;litr;3,5000;SC
18.03.2024 19:55:00;z RP;strefa;Morski;PSG w Gdańsku;nie dotyczy;lotnicza;Narkotyki;inna/inne;28500,00;KLEFEDRON;kg;0,4750;Straż Graniczna
18.03.2024 21:13:00;do RP;przejście;Nadbużański;PSG w Terespolu;Terespol – Brześć;Białoruś;Papierosy;Papierosy;260,97;;szt.;320,0000;KAS
18.03.2024 22:22:00;do RP;przejście;Nadbużański;PSG w Terespolu;Terespol – Brześć;Białoruś;Papierosy;Papierosy;652,43;;szt.;800,0000;KAS
19.03.2024 04:40:00;wewnątrz kraju;kraj;Karpacki;PSG w Zakopanem;nie dotyczy;wewnątrz kraju;Waluta;Złoty - PLN;8500,00;8500;szt.;8500,0000;Straż Graniczna
19.03.2024 04:40:00;wewnątrz kraju;kraj;Karpacki;PSG w Zakopanem;nie dotyczy;wewnątrz kraju;Waluta;Złoty - PLN;24200,00;24200;szt.;24200,0000;Straż Graniczna
19.03.2024 04:40:00;wewnątrz kraju;kraj;Karpacki;PSG w Zakopanem;nie dotyczy;wewnątrz kraju;Waluta;Euro - EUR;2709,00;630 euro;szt.;630,0000;Straż Graniczna
19.03.2024 04:40:00;wewnątrz kraju;kraj;Karpacki;PSG w Zakopanem;nie dotyczy;wewnątrz kraju;Pojazdy;Osobowy;100000,00;Mercedes GLC ;szt.;1,0000;Straż Graniczna
19.03.2024 04:40:00;wewnątrz kraju;kraj;Karpacki;PSG w Zakopanem;nie dotyczy;wewnątrz kraju;Papierosy;Papierosy;179,42;;szt.;220,0000;Straż Graniczna
19.03.2024 04:40:00;wewnątrz kraju;kraj;Karpacki;PSG w Zakopanem;nie dotyczy;wewnątrz kraju;Nośniki;inna/inne;0,00;karta sim;szt.;4,0000;Straż Graniczna
19.03.2024 04:40:00;wewnątrz kraju;kraj;Karpacki;PSG w Zakopanem;nie dotyczy;wewnątrz kraju;Inne;inna/inne;0,00;telefon;szt.;8,0000;Straż Graniczna
19.03.2024 04:40:00;wewnątrz kraju;kraj;Karpacki;PSG w Zakopanem;nie dotyczy;wewnątrz kraju;Papierosy;Papierosy;1004859,46;;szt.;1232140,0000;Straż Graniczna
19.03.2024 04:40:00;wewnątrz kraju;kraj;Karpacki;PSG w Zakopanem;nie dotyczy;wewnątrz kraju;Papierosy;Papierosy;25,28;;szt.;31,0000;Straż Graniczna
19.03.2024 04:40:00;wewnątrz kraju;kraj;Karpacki;PSG w Zakopanem;nie dotyczy;wewnątrz kraju;Inne;inna/inne;0,00;8 telefonów;szt.;8,0000;Straż Graniczna
19.03.2024 04:40:00;wewnątrz kraju;kraj;Karpacki;PSG w Zakopanem;nie dotyczy;wewnątrz kraju;Waluta;Euro - EUR;860,00;200 euro;szt.;200,0000;Straż Graniczna
19.03.2024 05:45:00;do RP;przejście;Nadbużański;PSG w Terespolu;Terespol – Brześć;Białoruś;Papierosy;Papierosy;309,91;;szt.;380,0000;KAS
19.03.2024 07:00:00;do RP;przejście;Nadbużański;PSG w Terespolu;Terespol – Brześć;Białoruś;Papierosy;Papierosy;326,22;;szt.;400,0000;KAS
19.03.2024 07:00:00;do RP;przejście;Nadbużański;PSG w Terespolu;Terespol – Brześć;Białoruś;Papierosy;Papierosy;293,59;;szt.;360,0000;KAS
19.03.2024 07:00:00;wewnątrz kraju;strefa;Bieszczadzki;PSG w Krościenku;nie dotyczy;Ukraina;Alkohol;Wódka;180,00;;litr;4,5000;Straż Graniczna
19.03.2024 09:04:00;wewnątrz kraju;kraj;Bieszczadzki;PSG w Rzeszowie–Jasionce;nie dotyczy;wewnątrz kraju;Papierosy;Papierosy;1255,93;papierosy różnych marek bez polskich znaków skarbowych akcyzy;szt.;1540,0000;Straż Graniczna
19.03.2024 09:04:00;wewnątrz kraju;kraj;Bieszczadzki;PSG w Rzeszowie–Jasionce;nie dotyczy;wewnątrz kraju;Tytoń;susz tytoniowy;17228,84;;kg;29,4500;Straż Graniczna
19.03.2024 09:30:00;do RP;przejście;Warmińsko-Mazurski;PSG w Bezledach;Bezledy – Bagrationowsk;Rosja;Papierosy;Papierosy;48,93;WSPÓŁDZIAŁANIE Z OC W BEZLEDACH TEO P/10/2022/1 ;szt.;60,0000;Straż Graniczna
19.03.2024 11:00:00;wewnątrz kraju;kraj;Morski;Wydział Operacyjno-Śledczy;nie dotyczy;wewnątrz kraju;Pojazdy;Osobowy;160000,00;Toyota RAV-4 ;szt.;1,0000;Straż Graniczna
19.03.2024 21:38:00;do RP;przejście;Nadbużański;PSG w Terespolu;Terespol – Brześć;Białoruś;Papierosy;Papierosy;163,11;;szt.;200,0000;SC
19.03.2024 22:30:00;do RP;przejście;Nadbużański;PSG w Terespolu;Terespol – Brześć;Białoruś;Papierosy;Papierosy;782,92;;szt.;960,0000;SC
19.03.2024 23:42:00;do RP;przejście;Nadbużański;PSG w Terespolu;Terespol – Brześć;Białoruś;Papierosy;Papierosy;489,32;;szt.;600,0000;SC
20.03.2024 02:30:00;wewnątrz kraju;strefa;Podlaski;PSG w Kuźnicy;nie dotyczy;Białoruś;Papierosy;Papierosy;16893,10;;szt.;20714,0000;Straż Graniczna
20.03.2024 02:30:00;wewnątrz kraju;strefa;Podlaski;PSG w Kuźnicy;nie dotyczy;Białoruś;Papierosy;Papierosy;16745,48;;szt.;20533,0000;Straż Graniczna
20.03.2024 02:30:00;wewnątrz kraju;strefa;Podlaski;PSG w Kuźnicy;nie dotyczy;Białoruś;Papierosy;Papierosy;1043,89;;szt.;1280,0000;Straż Graniczna
20.03.2024 02:30:00;wewnątrz kraju;strefa;Podlaski;PSG w Kuźnicy;nie dotyczy;Białoruś;Papierosy;Papierosy;16745,48;;szt.;20533,0000;Straż Graniczna
20.03.2024 05:30:00;z RP;przejście;Nadbużański;PSG w Terespolu;Terespol – Brześć;Białoruś;Inne;inna/inne;0,00;TABLICE REJESTRACYJNE;szt.;2,0000;Straż Graniczna
20.03.2024 10:30:00;wewnątrz kraju;strefa;Nadbużański;PSG w Terespolu;nie dotyczy;Białoruś;Pojazdy;Osobowy;185000,00;;szt.;1,0000;Policja
20.03.2024 10:30:00;wewnątrz kraju;strefa;Nadbużański;PSG w Terespolu;nie dotyczy;Białoruś;Pojazdy;inna/inne;1350,00;ROWER;szt.;1,0000;Policja
20.03.2024 10:45:00;do RP;przejście;Nadbużański;PSG w Terespolu;Terespol – Brześć;Białoruś;Papierosy;Papierosy;489,32;;szt.;600,0000;KAS
20.03.2024 14:32:00;do RP;przejście;Nadbużański;PSG w Terespolu;Terespol – Brześć;Białoruś;Papierosy;Papierosy;1549,53;;szt.;1900,0000;KAS
20.03.2024 14:33:00;do RP;przejście;Nadbużański;PSG w Terespolu;Terespol – Brześć;Białoruś;Papierosy;Papierosy;1109,13;;szt.;1360,0000;KAS
20.03.2024 14:39:00;do RP;przejście;Nadodrzański;PSG w Poznaniu-Ławicy;Poznań-Ławica(Lotnicze);lotnicza;Amunicja;Ostra;0,50;1 szt. amunicji LR22;szt.;1,0000;Straż Graniczna
20.03.2024 15:00:00;wewnątrz kraju;strefa;Nadbużański;PSG w Dołhobyczowie;nie dotyczy;Ukraina;Narkotyki;Marihuana;1253,50;;kg;0,0251;Policja
20.03.2024 21:23:00;do RP;przejście;Nadbużański;PSG w Terespolu;Terespol – Brześć;Białoruś;Papierosy;Papierosy;906,88;;szt.;1112,0000;KAS
20.03.2024 22:00:00;do RP;przejście;Nadbużański;PSG w Dołhobyczowie;Dołhobyczów – Uhrynów;Ukraina;Amunicja;Ostra;100,00;amunicja bojowa kaliber 5.56;szt.;1,0000;KAS
21.03.2024 01:19:00;do RP;przejście;Nadbużański;PSG w Terespolu;Terespol – Brześć;Białoruś;Papierosy;Papierosy;163,11;;szt.;200,0000;KAS
21.03.2024 01:30:00;do RP;przejście;Nadbużański;PSG w Terespolu;Kukuryki – Kozłowiczy;Białoruś;Papierosy;Papierosy;16115,07;;szt.;19760,0000;Straż Graniczna
21.03.2024 14:15:00;wewnątrz kraju;kraj;Morski;PSG w Gdańsku;nie dotyczy;wewnątrz kraju;Inne;inna/inne;13889000,00;podrobione polskie karty pobytu;szt.;323,0000;Straż Graniczna
21.03.2024 14:15:00;wewnątrz kraju;kraj;Morski;PSG w Gdańsku;nie dotyczy;wewnątrz kraju;Inne;inna/inne;2575700,00;podrobione prawa jazdy: polskie, czeskie, niemieckie, hiszpańskie;szt.;599,0000;Straż Graniczna
21.03.2024 14:15:00;wewnątrz kraju;kraj;Morski;PSG w Gdańsku;nie dotyczy;wewnątrz kraju;Inne;inna/inne;34400,00;podrobione paszporty: rumuńskie, hiszpańskie, czeski;szt.;8,0000;Straż Graniczna
21.03.2024 14:15:00;wewnątrz kraju;kraj;Morski;PSG w Gdańsku;nie dotyczy;wewnątrz kraju;Inne;inna/inne;0,00;podrobione wizy polskie i francuskie;szt.;25,0000;Straż Graniczna
21.03.2024 14:15:00;wewnątrz kraju;kraj;Morski;PSG w Gdańsku;nie dotyczy;wewnątrz kraju;Inne;inna/inne;34400,00;podrobione dowody osobiste  hiszpańskie i rumuńskie;szt.;8,0000;Straż Graniczna
21.03.2024 14:15:00;wewnątrz kraju;kraj;Morski;PSG w Gdańsku;nie dotyczy;wewnątrz kraju;Inne;inna/inne;0,00;podrobione polskie karty kwalifikacji kierowcy;szt.;8,0000;Straż Graniczna
21.03.2024 14:15:00;wewnątrz kraju;kraj;Morski;PSG w Gdańsku;nie dotyczy;wewnątrz kraju;Inne;inna/inne;0,00;126 pieczęci różnych urzędów i instytucji polskich oraz zagranicznych;szt.;126,0000;Straż Graniczna
21.03.2024 14:15:00;wewnątrz kraju;kraj;Morski;PSG w Gdańsku;nie dotyczy;wewnątrz kraju;Waluta;Złoty - PLN;23350,00;;szt.;0,0000;Straż Graniczna
21.03.2024 14:15:00;wewnątrz kraju;kraj;Morski;PSG w Gdańsku;nie dotyczy;wewnątrz kraju;Inne;inna/inne;0,00;467 próbnych wydruków podrobionych dok. m.in. zaświadczeń, orzeczeń, ubezpieczeń, umów, itp.;szt.;467,0000;Straż Graniczna
21.03.2024 14:15:00;wewnątrz kraju;kraj;Morski;PSG w Gdańsku;nie dotyczy;wewnątrz kraju;Inne;inna/inne;0,00;306 podrobionych dokumentów uzupełniających m.in. zaświadczeń, orzeczeń, umów, itp.;szt.;306,0000;Straż Graniczna
21.03.2024 14:15:00;wewnątrz kraju;kraj;Morski;PSG w Gdańsku;nie dotyczy;wewnątrz kraju;Inne;inna/inne;0,00;35 kopert z pakietem dokumentów przygotowanych do wysyłki (zawartość jeszcze nie zweryfikowana);szt.;35,0000;Straż Graniczna
21.03.2024 14:15:00;wewnątrz kraju;kraj;Morski;PSG w Gdańsku;nie dotyczy;wewnątrz kraju;Inne;inna/inne;6000,00;sprzęt elektroniczny m.in. telefony, laptopy, drukarki, itp.;szt.;14,0000;Straż Graniczna
21.03.2024 15:30:00;do RP;przejście;Nadbużański;PSG w Terespolu;Kukuryki – Kozłowiczy;Białoruś;Pojazdy;Naczepa;30000,00;naczepa ciężarowa typu plandeka marki KRONE rok produkcji 2008 nr rej. OP069 nr vin. WKESD000000423614;szt.;1,0000;Straż Graniczna
22.03.2024 04:30:00;z RP;przejście;Karpacki;PSG w Krakowie-Balicach;Kraków-Balice(Lotnicze);lotnicza;Amunicja;Ostra;18,00;Oznaczenie na denku WMA 19    (9x19);szt.;18,0000;Straż Graniczna
22.03.2024 11:19:00;do RP;przejście;Nadwiślański;PSG w Warszawie-Okęciu;Warszawa-Okęcie(Lotnicze);lotnicza;Amunicja;Ostra;;;szt.;1,0000;Straż Graniczna
23.03.2024 06:07:00;do RP;przejście;Nadbużański;PSG w Hrebennem;Hrebenne – Rawa Ruska;Ukraina;Papierosy;Papierosy;212,04;13 paczek papierosów, uszczuplenia celne  349 zł ,;szt.;260,0000;SC
23.03.2024 06:07:00;do RP;przejście;Nadbużański;PSG w Hrebennem;Hrebenne – Rawa Ruska;Ukraina;Alkohol;Wódka;70,00;2 litr alkoholu 40% , uszczuplenia celne 81.00 zł.;litr;2,0000;SC
23.03.2024 06:07:00;do RP;przejście;Nadbużański;PSG w Hrebennem;Hrebenne – Rawa Ruska;Ukraina;Alkohol;Wódka;73,50;2,1 litra alkoholu 40%   uszczuplenia celne 85.00 zł.;litr;2,1000;SC
23.03.2024 08:45:00;z RP;przejście;Nadbużański;PSG w Hrubieszowie;Zosin – Ustiług;Ukraina;Pojazdy;Osobowy;36000,00;;szt.;1,0000;Straż Graniczna
23.03.2024 10:53:00;wewnątrz kraju;kraj;Warmińsko-Mazurski;Wydział Operacyjno-Śledczy;nie dotyczy;wewnątrz kraju;Tytoń;susz tytoniowy;1027540,00;;kg;1260,0000;SC
23.03.2024 11:30:00;do RP;strefa;Nadodrzański;PSG w Świecku;nie dotyczy;Niemcy;Narkotyki;Kokaina;1000,00;;kg;0,0032;Straż Graniczna
23.03.2024 14:55:00;wewnątrz kraju;kraj;Warmińsko-Mazurski;PSG w Grzechotkach;nie dotyczy;wewnątrz kraju;Alkohol;Spirytus;140252,00;;litr;1900,0000;SC
23.03.2024 22:00:00;z RP;przejście;Bieszczadzki;PSG w Korczowej;Korczowa – Krakowiec;Ukraina;Pojazdy;Osobowy;170000,00;RX 300;szt.;1,0000;Straż Graniczna
24.03.2024 00:00:00;do RP;przejście;Nadbużański;PSG w Terespolu;Terespol – Brześć;Białoruś;Papierosy;Papierosy;195,73;Wniosek SG do KAS nr 21;szt.;240,0000;Straż Graniczna
24.03.2024 19:00:00;do RP;przejście;Nadbużański;PSG w Terespolu;Terespol – Brześć;Białoruś;Inne;inna/inne;78,00;produktów pochodzenia  roślinnego;kg;7,8000;KAS
25.03.2024 04:40:00;z RP;przejście;Nadbużański;PSG w Hrebennem;Hrebenne – Rawa Ruska;Ukraina;Pojazdy;inna/inne;6000,00;Rower Batavus;szt.;1,0000;Straż Graniczna
25.03.2024 06:20:00;z RP;przejście;Nadbużański;PSG w Hrebennem;Hrebenne – Rawa Ruska;Ukraina;Pojazdy;inna/inne;3500,00;Rower CUBE STD3002420  typu Attention,;szt.;1,0000;Straż Graniczna
25.03.2024 10:14:00;wewnątrz kraju;strefa;Bieszczadzki;PSG w Lubaczowie;nie dotyczy;Ukraina;Papierosy;Papierosy;326,22;;szt.;400,0000;Straż Graniczna
25.03.2024 10:14:00;wewnątrz kraju;strefa;Bieszczadzki;PSG w Lubaczowie;nie dotyczy;Ukraina;Alkohol;Wódka;182,00;;litr;4,5000;Straż Graniczna
25.03.2024 19:45:00;wewnątrz kraju;kraj;Bieszczadzki;PSG w Medyce;nie dotyczy;wewnątrz kraju;Papierosy;Papierosy;26244,08;;szt.;32180,0000;Straż Graniczna
25.03.2024 22:30:00;do RP;przejście;Nadbużański;PSG w Hrebennem;Hrebenne – Rawa Ruska;Ukraina;Amunicja;Ostra;4,00;5,56mm;szt.;1,0000;KAS
26.03.2024 02:10:00;z RP;przejście;Nadbużański;PSG w Terespolu;Kukuryki – Kozłowiczy;Białoruś;Pojazdy;Motocykl;12000,00;;szt.;1,0000;Straż Graniczna
26.03.2024 05:40:00;z RP;przejście;Nadodrzański;PSG we Wrocławiu-Strachowicach;Wrocław-Strachowice(Lotnicze);lotnicza;Amunicja;Ostra;2,00;;szt.;1,0000;Straż Graniczna
26.03.2024 10:40:00;wewnątrz kraju;strefa;Nadbużański;PSG w Chłopiatynie;nie dotyczy;Ukraina;Narkotyki;Marihuana;1436,85;;kg;0,0319;Policja
26.03.2024 10:40:00;wewnątrz kraju;strefa;Nadbużański;PSG w Chłopiatynie;nie dotyczy;Ukraina;Narkotyki;Amfetamina;1549,10;;kg;0,0221;Policja
26.03.2024 12:00:00;wewnątrz kraju;kraj;Bieszczadzki;Wydział Operacyjno-Śledczy;nie dotyczy;wewnątrz kraju;Pojazdy;inna/inne;120583,20;BAILEY Phoenix Plus 644, nr rej. OB4246E, nr VIN: SGBSAC5BYNPX02997, rok produkcji 2022;szt.;1,0000;Straż Graniczna
26.03.2024 12:00:00;wewnątrz kraju;kraj;Bieszczadzki;Wydział Operacyjno-Śledczy;nie dotyczy;wewnątrz kraju;Pojazdy;inna/inne;100486,00;BAILEY Pegasus, nr rej. LC5311P, VIN: SGBSJJ5BYKPS02056, rok produkcji 2019;szt.;1,0000;Straż Graniczna
26.03.2024 12:00:00;wewnątrz kraju;kraj;Bieszczadzki;Wydział Operacyjno-Śledczy;nie dotyczy;wewnątrz kraju;Pojazdy;inna/inne;150729,00;Swift Challenger, nr rej. SRCST71, VIN: SGDST3HSWP0939297, rok produkcji 2023;szt.;1,0000;Straż Graniczna
26.03.2024 12:00:00;wewnątrz kraju;kraj;Bieszczadzki;Wydział Operacyjno-Śledczy;nie dotyczy;wewnątrz kraju;Pojazdy;inna/inne;100486,00;Elddis Affinity 554, nr rej. KK3825P, VIN: SGES000EXKAFF0228, rok produkcji 2019;szt.;1,0000;Straż Graniczna
26.03.2024 12:00:00;wewnątrz kraju;kraj;Bieszczadzki;Wydział Operacyjno-Śledczy;nie dotyczy;wewnątrz kraju;Pojazdy;inna/inne;45218,70;Swift Charisma, nr rej. WSKUV94, VIN: SGDTT4BSW90329523, rok produkcji 2009;szt.;1,0000;Straż Graniczna
26.03.2024 12:00:00;wewnątrz kraju;kraj;Bieszczadzki;Wydział Operacyjno-Śledczy;nie dotyczy;wewnątrz kraju;Pojazdy;inna/inne;43962,60;Compass Venture, nr rej. OB4181E, VIN: SGES000EXBXPL0544, rok produkcji 2011;szt.;1,0000;Straż Graniczna
26.03.2024 12:00:00;wewnątrz kraju;kraj;Bieszczadzki;Wydział Operacyjno-Śledczy;nie dotyczy;wewnątrz kraju;Pojazdy;inna/inne;135656,10;Bailey Alicanto Grande, nr rej. SR98374, nr VIN: SGBSA2ABYLA002608, rok produkcji 2020;szt.;1,0000;Straż Graniczna
26.03.2024 12:05:00;wewnątrz kraju;kraj;Warmińsko-Mazurski;PSG w Gołdapi;nie dotyczy;wewnątrz kraju;Narkotyki;inna/inne;27882,00;metamfetamina;kg;0,1549;Policja
26.03.2024 12:05:00;wewnątrz kraju;kraj;Warmińsko-Mazurski;PSG w Gołdapi;nie dotyczy;wewnątrz kraju;Narkotyki;Marihuana;1169,10;;kg;0,0260;Policja
26.03.2024 15:30:00;wewnątrz kraju;strefa;Nadbużański;PSG w Chłopiatynie;nie dotyczy;Ukraina;Narkotyki;Marihuana;137,25;;kg;0,0031;Straż Graniczna
26.03.2024 23:30:00;wewnątrz kraju;kraj;Warmińsko-Mazurski;Wydział Operacyjno-Śledczy;nie dotyczy;wewnątrz kraju;Tytoń;susz tytoniowy;608420,00;;kg;1040,0000;SC
27.03.2024 07:00:00;do RP;przejście;Nadbużański;PSG w Terespolu;Terespol – Brześć;Białoruś;Papierosy;Papierosy;163,11;;szt.;200,0000;KAS
27.03.2024 07:00:00;do RP;przejście;Nadbużański;PSG w Terespolu;Terespol – Brześć;Białoruś;Alkohol;Wódka;30,00;;litr;1,0000;KAS
27.03.2024 07:00:00;do RP;przejście;Nadbużański;PSG w Terespolu;Terespol – Brześć;Białoruś;Inne;inna/inne;3537,00;paliwo 450 litrów;litr;450,0000;KAS
27.03.2024 08:05:00;z RP;przejście;Bieszczadzki;PSG w Medyce;Medyka – Szeginie;Ukraina;Amunicja;inna/inne;5,00;Hukowa;szt.;1,0000;Straż Graniczna
27.03.2024 09:00:00;do RP;przejście;Warmińsko-Mazurski;PSG w Bezledach;Bezledy – Bagrationowsk;Rosja;Papierosy;Papierosy;163,11;;szt.;200,0000;Straż Graniczna
27.03.2024 09:05:00;do RP;przejście;Nadbużański;PSG w Hrebennem;Hrebenne – Rawa Ruska(Kolej);Ukraina;Płyn do e-papierosów;Płyn do e-papierosów;16,64;Liquidu do e-papierosów, uszczuplenia celne 19 zł.;litr;0,0130;KAS
27.03.2024 09:05:00;do RP;przejście;Nadbużański;PSG w Hrebennem;Hrebenne – Rawa Ruska(Kolej);Ukraina;Papierosy;Papierosy;81,55;uszczuplenia celne 134 zł. ;szt.;100,0000;KAS
27.03.2024 09:05:00;do RP;przejście;Nadbużański;PSG w Hrebennem;Hrebenne – Rawa Ruska(Kolej);Ukraina;Inne;inna/inne;150,00;produkty pochodzenia zwierzęcego;kg;10,0000;KAS
27.03.2024 17:45:00;z RP;przejście;Nadbużański;PSG w Hrubieszowie;Zosin – Ustiług;Ukraina;Pojazdy;Osobowy;10000,00;C320 SPORT ;szt.;1,0000;Straż Graniczna
28.03.2024 00:45:00;do RP;przejście;Nadbużański;PSG w Terespolu;Terespol – Brześć;Białoruś;Płyn do e-papierosów;Płyn do e-papierosów;390,00;;litr;0,3000;KAS
28.03.2024 01:30:00;do RP;przejście;Nadbużański;PSG w Terespolu;Terespol – Brześć(Kolej);Białoruś;Papierosy;Papierosy;81554,00;;szt.;100000,0000;KAS
28.03.2024 02:06:00;do RP;przejście;Nadbużański;PSG w Terespolu;Terespol – Brześć;Białoruś;Tytoń;Tytoń;163,20;;kg;0,2000;KAS
28.03.2024 09:45:00;wewnątrz kraju;strefa;Bieszczadzki;PSG w Hermanowicach;nie dotyczy;Ukraina;Papierosy;Papierosy;1598,46;różnych marek;szt.;1960,0000;KAS
28.03.2024 09:45:00;wewnątrz kraju;strefa;Bieszczadzki;PSG w Hermanowicach;nie dotyczy;Ukraina;Papierosy;Papierosy;2642,35;różnych marek;szt.;3240,0000;KAS
28.03.2024 09:45:00;wewnątrz kraju;strefa;Bieszczadzki;PSG w Hermanowicach;nie dotyczy;Ukraina;Alkohol;Wódka;148,00;;litr;3,7000;KAS
28.03.2024 11:51:00;do RP;przejście;Nadbużański;PSG w Dorohusku;Dorohusk – Jagodzin;Ukraina;Tytoń;Tytoń do palenia;0,00;WNIOSEK NR 14 Wkłady Heets;kg;0,0300;Straż Graniczna
28.03.2024 11:51:00;do RP;przejście;Nadbużański;PSG w Dorohusku;Dorohusk – Jagodzin;Ukraina;Papierosy;Papierosy;79,11;WNIOSEK NR 14 ;szt.;97,0000;Straż Graniczna
28.03.2024 12:35:00;do RP;przejście;Nadbużański;PSG w Dorohusku;Dorohusk – Jagodzin;Ukraina;Papierosy;Papierosy;48,93;WNIOSEK NR 13;szt.;60,0000;Straż Graniczna
28.03.2024 12:35:00;do RP;przejście;Nadbużański;PSG w Dorohusku;Dorohusk – Jagodzin;Ukraina;Tytoń;Tytoń do palenia (wkłady);0,00;WQNIOSEK NR 13;szt.;112,0000;Straż Graniczna
28.03.2024 15:55:00;do RP;strefa;Nadodrzański;PSG w Świecku;nie dotyczy;Niemcy;Pojazdy;Osobowy;100000,00;CX5;szt.;1,0000;Straż Graniczna
28.03.2024 15:56:00;wewnątrz kraju;kraj;Karpacki;PSG w Kielcach;nie dotyczy;wewnątrz kraju;Tytoń;krajanka tytoniowa;3862,32;;kg;6,6000;Straż Graniczna
28.03.2024 15:56:00;wewnątrz kraju;kraj;Karpacki;PSG w Kielcach;nie dotyczy;wewnątrz kraju;Papierosy;Papierosy;15005,94;;szt.;18400,0000;Straż Graniczna
28.03.2024 15:56:00;wewnątrz kraju;kraj;Karpacki;PSG w Kielcach;nie dotyczy;wewnątrz kraju;Tytoń;susz tytoniowy;3217,61;;kg;6,6000;Straż Graniczna
28.03.2024 15:56:00;wewnątrz kraju;kraj;Karpacki;PSG w Kielcach;nie dotyczy;wewnątrz kraju;Papierosy;Papierosy;15005,94;;szt.;18400,0000;Straż Graniczna
28.03.2024 21:00:00;do RP;strefa;Nadodrzański;PSG w Zielonej Górze-Babimoście;nie dotyczy;Niemcy;Narkotyki;Kokaina;270,00;;kg;0,0009;Straż Graniczna
29.03.2024 11:18:00;z RP;przejście;Warmińsko-Mazurski;PSG w Bezledach;Bezledy – Bagrationowsk;Rosja;Papierosy;Papierosy;48,93;;szt.;60,0000;Straż Graniczna
29.03.2024 11:18:00;z RP;przejście;Warmińsko-Mazurski;PSG w Bezledach;Bezledy – Bagrationowsk;Rosja;Papierosy;Papierosy;163,11;SEO P/7/2022/1 Współdziałanie z OC w Bezledach;szt.;200,0000;Straż Graniczna
30.03.2024 13:45:00;z RP;przejście;Bieszczadzki;PSG w Medyce;Medyka – Szeginie;Ukraina;Inne;Podzespoły samochodowe;16500,00;5 elementówL 2x drzwi przednie, 2x drzwi tylne, tylna klapa bagażnika;szt.;5,0000;Straż Graniczna
31.03.2024 10:30:00;do RP;przejście;Nadbużański;PSG w Terespolu;Terespol – Brześć;Białoruś;Papierosy;Papierosy;3588,38;;szt.;4400,0000;SC
01.04.2024 12:40:00;do RP;przejście;Karpacki;PSG w Krakowie-Balicach;Kraków-Balice(Lotnicze);lotnicza;Amunicja;Ostra;1,00;;szt.;3,0000;Straż Graniczna
01.04.2024 12:40:00;z RP;przejście;Karpacki;PSG w Krakowie-Balicach;Kraków-Balice(Lotnicze);lotnicza;Amunicja;Ostra;1,00;;szt.;1,0000;Straż Graniczna
02.04.2024 15:25:00;do RP;strefa;Nadodrzański;PSG w Świecku;nie dotyczy;Niemcy;Pojazdy;Osobowy;110000,00;5008;szt.;1,0000;Straż Graniczna
02.04.2024 15:25:00;do RP;strefa;Nadodrzański;PSG w Świecku;nie dotyczy;Niemcy;Narkotyki;Marihuana;60,00;;kg;0,0014;Straż Graniczna
02.04.2024 17:05:00;do RP;przejście;Podlaski;PSG w Bobrownikach;Bobrowniki – Bierestowica;Białoruś;Pojazdy;Osobowy;200000,00;TRANSIT;szt.;1,0000;Straż Graniczna
02.04.2024 17:55:00;wewnątrz kraju;strefa;Nadbużański;PSG w Dorohusku;nie dotyczy;Ukraina;Narkotyki;Marihuana;43,20;;kg;0,0010;Straż Graniczna
03.04.2024 03:40:00;do RP;strefa;Nadodrzański;PSG w Zielonej Górze-Babimoście;nie dotyczy;Niemcy;Narkotyki;Amfetamina;41,00;;kg;0,0002;Straż Graniczna
03.04.2024 04:40:00;do RP;przejście;Nadbużański;PSG w Hrubieszowie;Zosin – Ustiług;Ukraina;Papierosy;Papierosy;130,49;marka Kent;szt.;160,0000;Straż Graniczna
03.04.2024 04:40:00;do RP;przejście;Nadbużański;PSG w Hrubieszowie;Zosin – Ustiług;Ukraina;Papierosy;Papierosy;81,55;marka LD;szt.;100,0000;Straż Graniczna
03.04.2024 05:30:00;z RP;przejście;Nadodrzański;PSG w Poznaniu-Ławicy;Poznań-Ławica(Lotnicze);lotnicza;Broń;inna/inne;25,00;Kastet;szt.;1,0000;Straż Graniczna
03.04.2024 09:42:00;wewnątrz kraju;kraj;Bieszczadzki;Wydział Operacyjno-Śledczy;nie dotyczy;wewnątrz kraju;Pojazdy;inna/inne;80187,20;Przyczepa kempingowa  Swift Freestyle;szt.;1,0000;Policja
03.04.2024 18:30:00;do RP;przejście;Nadbużański;PSG w Terespolu;Kukuryki – Kozłowiczy;Białoruś;Papierosy;Papierosy;5708,78;;szt.;7000,0000;Straż Graniczna
04.04.2024 06:10:00;do RP;przejście;Nadbużański;PSG w Terespolu;Terespol – Brześć;Białoruś;Waluta;Euro - EUR;96572,25;;szt.;22500,0000;KAS
04.04.2024 07:00:00;do RP;przejście;Nadbużański;PSG w Terespolu;Terespol – Brześć;Białoruś;Inne;inna/inne;150,00;Produkty pochodzenia roślinnego ;kg;10,0000;KAS
04.04.2024 07:00:00;do RP;przejście;Nadbużański;PSG w Terespolu;Terespol – Brześć;Białoruś;Papierosy;Papierosy;130,49;;szt.;160,0000;KAS
04.04.2024 09:30:00;do RP;strefa;Nadodrzański;PSG w Świecku;nie dotyczy;Niemcy;Pojazdy;Motocykl;54000,00;CRF 1000 Africa Twin;szt.;1,0000;Straż Graniczna
04.04.2024 09:30:00;do RP;strefa;Nadodrzański;PSG w Świecku;nie dotyczy;Niemcy;Pojazdy;inna/inne;31500,00;(BRP) CAN-AM Outlander 650;szt.;1,0000;Straż Graniczna
04.04.2024 12:00:00;wewnątrz kraju;kraj;Morski;PSG w Ustce;nie dotyczy;wewnątrz kraju;Tytoń;krajanka tytoniowa;7535589,60;;kg;9240,0000;Straż Graniczna
04.04.2024 14:00:00;wewnątrz kraju;kraj;Morski;PSG w Gdańsku;nie dotyczy;wewnątrz kraju;Pojazdy;Osobowy;200000,00;nr rej. WK88371;szt.;1,0000;Straż Graniczna
04.04.2024 18:20:00;do RP;przejście;Nadbużański;PSG w Terespolu;Kukuryki – Kozłowiczy;Białoruś;Papierosy;Papierosy;2446,62;wniosek SG do KAS numer 20 z dnia 04.04.2024r.;szt.;3000,0000;Straż Graniczna
04.04.2024 19:50:00;do RP;przejście;Nadbużański;PSG w Terespolu;Terespol – Brześć(Kolej);Białoruś;Papierosy;Papierosy;81554,00;;szt.;100000,0000;KAS
04.04.2024 22:20:00;do RP;strefa;Nadodrzański;PSG w Świecku;nie dotyczy;Niemcy;Pojazdy;Osobowy;120000,00;SPRINTER;szt.;1,0000;Straż Graniczna
05.04.2024 12:30:00;do RP;przejście;Nadbużański;PSG w Terespolu;Kukuryki – Kozłowiczy;Białoruś;Papierosy;Papierosy;1304,86;;szt.;1600,0000;Straż Graniczna
05.04.2024 15:00:00;do RP;przejście;Nadbużański;PSG w Dołhobyczowie;Dołhobyczów – Uhrynów;Ukraina;Broń;inna/inne;50,00;kij baseballowy;szt.;1,0000;Straż Graniczna
05.04.2024 17:00:00;z RP;przejście;Nadodrzański;PSG w Poznaniu-Ławicy;Poznań-Ławica(Lotnicze);lotnicza;Broń;inna/inne;30,00;kastet;szt.;1,0000;Straż Graniczna
06.04.2024 00:03:00;do RP;strefa;Nadbużański;PSG w Kodniu;nie dotyczy;Białoruś;Papierosy;Papierosy;11417,56;14 000 szt. - 70 kartonów ( 20 kartonów marki NZ, 17 kartonów marki MINSK SUPERSLIMS (niebieskie), 16 kartonów marki MINSK SUPERSLIMS (czerwone), 17 kartonów marki QEEN MENTHOL);szt.;14000,0000;Straż Graniczna
06.04.2024 00:50:00;do RP;strefa;Nadodrzański;PSG w Świecku;nie dotyczy;Niemcy;Pojazdy;inna/inne;40000,00;Quad - ODES;szt.;1,0000;Straż Graniczna
06.04.2024 09:00:00;do RP;przejście;Nadbużański;PSG w Hrebennem;Hrebenne – Rawa Ruska;Ukraina;Broń;inna/inne;50,00;broń białą w postaci kastetu;szt.;1,0000;Straż Graniczna
06.04.2024 15:28:00;wewnątrz kraju;kraj;Nadbużański;PSG w Lublinie;nie dotyczy;wewnątrz kraju;Pojazdy;Osobowy;25000,00;X5, 2005r. 3,0 Diesel ;szt.;1,0000;Straż Graniczna
06.04.2024 15:30:00;do RP;przejście;Nadbużański;PSG w Terespolu;Terespol – Brześć;Białoruś;Papierosy;Papierosy;636,12;;szt.;780,0000;KAS
06.04.2024 20:10:00;do RP;przejście;Nadbużański;PSG w Terespolu;Terespol – Brześć;Białoruś;Papierosy;Papierosy;1631,08;;szt.;2000,0000;KAS
07.04.2024 09:00:00;do RP;przejście;Bieszczadzki;PSG w Korczowej;Korczowa – Krakowiec;Ukraina;Amunicja;inna/inne;4,00;hhukowa;szt.;1,0000;Straż Graniczna
07.04.2024 12:00:00;z RP;przejście;Nadbużański;PSG w Terespolu;Terespol – Brześć;Białoruś;Pojazdy;Osobowy;150000,00;;szt.;1,0000;Straż Graniczna
07.04.2024 12:05:00;z RP;przejście;Nadodrzański;PSG w Poznaniu-Ławicy;Poznań-Ławica(Lotnicze);lotnicza;Broń;inna/inne;20,00;Pałka teleskopowa;szt.;1,0000;inny
08.04.2024 02:45:00;do RP;przejście;Nadbużański;PSG w Terespolu;Kukuryki – Kozłowiczy;Białoruś;Papierosy;Papierosy;571041,11;;szt.;700200,0000;KAS
08.04.2024 07:30:00;z RP;przejście;Bieszczadzki;PSG w Korczowej;Korczowa – Krakowiec;Ukraina;Pojazdy;inna/inne;40000,00;;szt.;1,0000;Straż Graniczna
08.04.2024 12:00:00;wewnątrz kraju;kraj;Bieszczadzki;Wydział Operacyjno-Śledczy;nie dotyczy;wewnątrz kraju;Papierosy;Papierosy;326,22;;szt.;400,0000;Straż Graniczna
08.04.2024 12:16:00;wewnątrz kraju;kraj;Nadwiślański;PSG w Warszawie;nie dotyczy;wewnątrz kraju;Waluta;Euro - EUR;34240,00;50 Euro;szt.;160,0000;Straż Graniczna
08.04.2024 12:16:00;wewnątrz kraju;kraj;Nadwiślański;PSG w Warszawie;nie dotyczy;wewnątrz kraju;Nośniki;inna/inne;0,00;;szt.;10,0000;Straż Graniczna
08.04.2024 14:43:00;do RP;przejście;Nadbużański;PSG w Dołhobyczowie;Dołhobyczów – Uhrynów;Ukraina;Papierosy;Papierosy;73,40;;szt.;90,0000;SC
08.04.2024 14:43:00;do RP;przejście;Nadbużański;PSG w Dołhobyczowie;Dołhobyczów – Uhrynów;Ukraina;Inne;inna/inne;62,00;produkty pochodzenia zwierzęcego;kg;6,2000;SC
08.04.2024 14:43:00;do RP;przejście;Nadbużański;PSG w Dołhobyczowie;Dołhobyczów – Uhrynów;Ukraina;Papierosy;Papierosy;32,62;;szt.;40,0000;SC
09.04.2024 20:18:00;do RP;przejście;Nadbużański;PSG w Terespolu;Terespol – Brześć;Białoruś;Papierosy;Papierosy;1598,46;;szt.;1960,0000;KAS
09.04.2024 21:59:00;do RP;przejście;Nadbużański;PSG w Terespolu;Terespol – Brześć;Białoruś;Papierosy;Papierosy;782,92;;szt.;960,0000;KAS
10.04.2024 07:50:00;do RP;przejście;Nadbużański;PSG w Dorohusku;Dorohusk – Jagodzin;Ukraina;Narkotyki;Marihuana;73,80;;kg;0,0016;Straż Graniczna
10.04.2024 11:12:00;do RP;przejście;Nadbużański;PSG w Terespolu;Terespol – Brześć;Białoruś;Papierosy;Papierosy;2560,80;;szt.;3140,0000;KAS
10.04.2024 12:45:00;wewnątrz kraju;kraj;Nadbużański;PSG w Hrebennem;nie dotyczy;wewnątrz kraju;Papierosy;Papierosy;481364,33;;szt.;590240,0000;KAS
10.04.2024 12:45:00;wewnątrz kraju;kraj;Nadbużański;PSG w Hrebennem;nie dotyczy;wewnątrz kraju;Tytoń;Tytoń do palenia;598908,97;;kg;734,4000;KAS
10.04.2024 12:45:00;wewnątrz kraju;kraj;Nadbużański;PSG w Hrebennem;nie dotyczy;wewnątrz kraju;Tytoń;susz tytoniowy;427,04;odpady poprodukcyjne ;kg;53,3800;KAS
10.04.2024 13:50:00;do RP;przejście;Nadbużański;PSG w Terespolu;Kukuryki – Kozłowiczy;Białoruś;Papierosy;Papierosy;1467,97;;szt.;1800,0000;Straż Graniczna
10.04.2024 19:30:00;do RP;przejście;Bieszczadzki;PSG w Korczowej;Korczowa – Krakowiec;Ukraina;Papierosy;Papierosy;1239,62;Papierosy różnych marek bez polskich znaków akcyzy MF RP - zgodnie z opisem zdarzenia.;szt.;1520,0000;Straż Graniczna
11.04.2024 03:30:00;wewnątrz kraju;strefa;Podlaski;PSG w Rutce-Tartak;nie dotyczy;Litwa;Pojazdy;Osobowy;65000,00;Passat;szt.;1,0000;Straż Graniczna
11.04.2024 04:30:00;z RP;strefa;Śląski;PSG w Katowicach-Pyrzowicach;nie dotyczy;lotnicza;Broń;inna/inne;100,00;Przedmiot koloru czarnego przypominający paralizator w formie latarki;szt.;1,0000;Straż Graniczna
11.04.2024 10:20:00;z RP;przejście;Nadbużański;PSG w Hrubieszowie;Zosin – Ustiług;Ukraina;Pojazdy;Osobowy;120000,00;model CHR rok prod. 2021;szt.;1,0000;Straż Graniczna
11.04.2024 11:20:00;z RP;strefa;Morski;PSG w Gdańsku;nie dotyczy;lotnicza;Amunicja;Ostra;1,00;9m Luger;szt.;1,0000;inny
11.04.2024 11:30:00;z RP;przejście;Nadbużański;PSG w Hrebennem;Hrebenne – Rawa Ruska;Ukraina;Pojazdy;Osobowy;40000,00;RENAULT rok prod. 2012  kolor biały  o nr rejestracyjnym AC4003HC numer VIN VF1MAF4DE48276780;szt.;1,0000;Straż Graniczna
11.04.2024 14:25:00;wewnątrz kraju;kraj;Morski;PSG w Ustce;nie dotyczy;wewnątrz kraju;Papierosy;Papierosy;424080,80;;szt.;520000,0000;KAS
11.04.2024 14:25:00;wewnątrz kraju;kraj;Morski;PSG w Ustce;nie dotyczy;wewnątrz kraju;Tytoń;susz tytoniowy;7236,00;;kg;360,0000;KAS
11.04.2024 14:25:00;wewnątrz kraju;kraj;Morski;PSG w Ustce;nie dotyczy;wewnątrz kraju;Tytoń;krajanka tytoniowa;8974,94;;kg;11,0000;KAS
11.04.2024 15:05:00;wewnątrz kraju;kraj;Nadodrzański;PSG w Kaliszu;nie dotyczy;wewnątrz kraju;Papierosy;Papierosy;6035,00;;szt.;7400,0000;KAS
11.04.2024 15:05:00;wewnątrz kraju;kraj;Nadodrzański;PSG w Kaliszu;nie dotyczy;wewnątrz kraju;Tytoń;Tytoń do palenia;2340,08;;kg;4,0000;KAS
11.04.2024 15:05:00;wewnątrz kraju;kraj;Nadodrzański;PSG w Kaliszu;nie dotyczy;wewnątrz kraju;Alkohol;Spirytus;216,00;;litr;2,7000;KAS
11.04.2024 17:30:00;z RP;przejście;Nadbużański;PSG w Dołhobyczowie;Dołhobyczów – Uhrynów;Ukraina;Pojazdy;Ciężarowy;50000,00;;szt.;1,0000;Straż Graniczna
11.04.2024 22:15:00;do RP;strefa;Nadodrzański;PSG w Świecku;nie dotyczy;Niemcy;Pojazdy;Osobowy;90000,00;Tucson;szt.;1,0000;Straż Graniczna
12.04.2024 08:30:00;do RP;przejście;Nadbużański;PSG w Lublinie;Świdnik k/Lublina(Lotnicze);lotnicza;Inne;inna/inne;103,50;Ser;kg;3,4500;SC
12.04.2024 08:30:00;do RP;przejście;Nadbużański;PSG w Lublinie;Świdnik k/Lublina(Lotnicze);lotnicza;Inne;inna/inne;11,70;suszone zioła ;kg;0,6500;SC
13.04.2024 04:40:00;do RP;przejście;Nadbużański;PSG w Dorohusku;Dorohusk – Jagodzin;Ukraina;Broń;inna/inne;30,00;kastet;szt.;1,0000;Straż Graniczna
13.04.2024 11:50:00;do RP;przejście;Nadbużański;PSG w Terespolu;Terespol – Brześć(Kolej);Białoruś;Papierosy;Papierosy;15658,37;;szt.;19200,0000;KAS
13.04.2024 23:00:00;z RP;przejście;Bieszczadzki;PSG w Korczowej;Korczowa – Krakowiec;Ukraina;Inne;inna/inne;350000,00;Ładowarka teleskopowa Manitou MLT 635 130 PS;szt.;1,0000;Straż Graniczna
13.04.2024 23:20:00;z RP;przejście;Nadbużański;PSG w Hrubieszowie;Zosin – Ustiług;Ukraina;Odpady i materiały szkodliwe bądź promieniotwórcze;inna/inne;50000,00;ALFA ROMEO;szt.;1,0000;Straż Graniczna
14.04.2024 12:00:00;do RP;przejście;Nadbużański;PSG w Terespolu;Terespol – Brześć(Kolej);Białoruś;Papierosy;Papierosy;5480,43;;szt.;6720,0000;KAS
14.04.2024 16:10:00;do RP;przejście;Nadbużański;PSG w Hrebennem;Hrebenne – Rawa Ruska;Ukraina;Papierosy;Papierosy;97,86;Wniosek do KAS nr 22  uszczuplenia celne 161 zł.  ;szt.;120,0000;Straż Graniczna
14.04.2024 18:25:00;do RP;przejście;Nadbużański;PSG w Terespolu;Terespol – Brześć;Białoruś;Papierosy;Papierosy;913,40;;szt.;1120,0000;Straż Graniczna
15.04.2024 01:00:00;do RP;przejście;Nadbużański;PSG w Hrebennem;Hrebenne – Rawa Ruska;Ukraina;Tytoń;Tytoń;81,60;uszczuplenia celne 130 zł.;kg;0,1000;SC
15.04.2024 04:15:00;z RP;przejście;Nadbużański;PSG w Hrebennem;Hrebenne – Rawa Ruska;Ukraina;Inne;Podzespoły samochodowe;8000,00;skrzynię biegów oraz zespolony pas przedni z chłodnicami z logo producenta KIA HYUNDAI z usuniętymi mechanicznie oznaczeniami identyfikacyjnymi;szt.;2,0000;Straż Graniczna
05.04.2024 14:05:00;Do RP;przejście;Warmińsko-Mazurski;PSG w Bezledach;Bezledy – Bagrationowsk (drogowe);Rosja;Papierosy;Papierosy;97,86;spółdziałanie z KAS OC w ramach SEO P/7/2024/1;szt.;120,0000;SC | SG
07.04.2024 17:39:00;Z RP;przejście;Nadwiślański;PSG w Warszawie-Okęciu;Warszawa-Okęcie (lotnicze);lotnicza;Narkotyki;inna/inne;93633,30;Pprzypominające wyglązdem susz ziela konopii innych niz włókniste.;kg;2,0807;Straż Graniczna
11.04.2024 16:55:00;Do RP;przejście;Warmińsko-Mazurski;PSG w Grzechotkach;Grzechotki – Mamonowo II (drogowe);Rosja;Papierosy;Papierosy;652,43;Wniosek nr 27/2024;szt.;800,0000;Straż Graniczna
12.04.2024 12:30:00;Do RP;przejście;Warmińsko-Mazurski;PSG w Bezledach;Bezledy – Bagrationowsk (drogowe);Rosja;Papierosy;Papierosy;782,92;BURTON MENTHOL;szt.;960,0000;Straż Graniczna
13.04.2024 11:30:00;Do RP;przejście;Warmińsko-Mazurski;PSG w Bezledach;Bezledy – Bagrationowsk (drogowe);Rosja;Papierosy;Papierosy;163,11;W ramach SEO P/7/2022/1;szt.;200,0000;Straż Graniczna
13.04.2024 11:30:00;Do RP;przejście;Warmińsko-Mazurski;PSG w Bezledach;Bezledy – Bagrationowsk (drogowe);Rosja;Papierosy;Papierosy;130,49;GOLDEN GATE ;szt.;160,0000;Straż Graniczna
13.04.2024 22:00:00;wewnątrz kraju;kraj;Warmińsko-Mazurski;Wydział Operacyjno-Śledczy;;wewnątrz kraju;Tytoń;krajanka tytoniowa;9688615,20;;kg;11880,0000;Straż Graniczna
15.04.2024 00:30:00;Do RP;przejście;Warmińsko-Mazurski;PSG w Bezledach;Bezledy – Bagrationowsk (drogowe);Rosja;Papierosy;Papierosy;179,42;;szt.;220,0000;Straż Graniczna
15.04.2024 01:10:00;Do RP;przejście;Nadbużański;PSG w Hrebennem;Hrebenne – Rawa Ruska (drogowe);Ukraina;Papierosy;Papierosy;244,66;Wniosek do KAS nr 23, uszczuplenia celne 403 zł.;szt.;300,0000;Straż Graniczna
15.04.2024 07:40:00;Do RP;przejście;Nadbużański;PSG w Terespolu;Terespol – Brześć (drogowe);Białoruś;Papierosy;Papierosy;14679,72;;szt.;18000,0000;KAS | SG
15.04.2024 08:30:00;wewnątrz kraju;kraj;Nadodrzański;PSG w Kaliszu;;wewnątrz kraju;Papierosy;Papierosy;5203,15;;szt.;6380,0000;Straż Graniczna
15.04.2024 08:30:00;wewnątrz kraju;kraj;Nadodrzański;PSG w Kaliszu;;wewnątrz kraju;Tytoń;Tytoń do palenia;877,53;;kg;1,5000;Straż Graniczna
15.04.2024 08:30:00;wewnątrz kraju;kraj;Nadodrzański;PSG w Kaliszu;;wewnątrz kraju;Tytoń;Tytoń do palenia;273256,99;;kg;467,0900;Straż Graniczna
15.04.2024 08:30:00;wewnątrz kraju;kraj;Nadodrzański;PSG w Kaliszu;;wewnątrz kraju;Tytoń;Tytoń do palenia;1053,04;bez znaków akcyzy skarbowej;kg;1,8000;Straż Graniczna
15.04.2024 08:30:00;wewnątrz kraju;kraj;Nadodrzański;PSG w Kaliszu;;wewnątrz kraju;Papierosy;Papierosy;1451,66;bez znaków akcyzy skarbowej ;szt.;1780,0000;Straż Graniczna
15.04.2024 08:30:00;wewnątrz kraju;kraj;Nadodrzański;PSG w Kaliszu;;wewnątrz kraju;Papierosy;Papierosy;3441,58;papierosów z przeterminowanymi polskimi znakami akcyzy skarbowej ;szt.;4220,0000;Straż Graniczna
15.04.2024 08:30:00;wewnątrz kraju;kraj;Nadodrzański;PSG w Kaliszu;;wewnątrz kraju;Płyn do e-papierosów;Płyn do e-papierosów;176610,50;;litr;321,1100;Straż Graniczna
15.04.2024 08:30:00;wewnątrz kraju;kraj;Nadodrzański;PSG w Kaliszu;;wewnątrz kraju;Inne;inna/inne;12950,00;papierosy jednorazowe;szt.;370,0000;Straż Graniczna
15.04.2024 08:30:00;wewnątrz kraju;kraj;Nadodrzański;PSG w Kaliszu;;wewnątrz kraju;Tytoń;Tytoń do palenia;37909,30;bez znaków akcyzy skarbowej ;kg;64,8000;Straż Graniczna
15.04.2024 08:30:00;wewnątrz kraju;kraj;Nadodrzański;PSG w Kaliszu;;wewnątrz kraju;Tytoń;Tytoń do palenia;20358,70;z przeterminowana polską akcyzą ;kg;34,8000;Straż Graniczna
15.04.2024 08:30:00;wewnątrz kraju;kraj;Nadodrzański;PSG w Kaliszu;;wewnątrz kraju;Inne;inna/inne;13677,77;nowatorskie wyroby tytoniowe bez znaków akcyzy skarbowej ;szt.;23,3800;Straż Graniczna
15.04.2024 08:30:00;wewnątrz kraju;kraj;Nadodrzański;PSG w Kaliszu;;wewnątrz kraju;Płyn do e-papierosów;Płyn do e-papierosów;6539,50;;litr;11,8900;Straż Graniczna
15.04.2024 08:30:00;wewnątrz kraju;kraj;Nadodrzański;PSG w Kaliszu;;wewnątrz kraju;Papierosy;Papierosy;377,60;bez polskich znaków akcyzy skarbowej;szt.;463,0000;Straż Graniczna
15.04.2024 08:30:00;wewnątrz kraju;kraj;Nadodrzański;PSG w Kaliszu;;wewnątrz kraju;Inne;inna/inne;145260,00;odzież;szt.;108,0000;Straż Graniczna
15.04.2024 08:30:00;wewnątrz kraju;kraj;Nadodrzański;PSG w Kaliszu;;wewnątrz kraju;Inne;inna/inne;520332,00;odzież;szt.;393,0000;Straż Graniczna
15.04.2024 11:00:00;wewnątrz kraju;kraj;Bieszczadzki;Wydział Operacyjno-Śledczy;;wewnątrz kraju;Pojazdy;Osobowy;244000,00;osobowy Hyundai Santa Fe;szt.;1,0000;Policja | Policja | SG
15.04.2024 14:10:00;wewnątrz kraju;kraj;Bieszczadzki;PSG w Rzeszowie–Jasionce;Rzeszów-Jasionka (lotnicze);wewnątrz kraju;Amunicja;Ostra;4,00;Ozncaznie na dnie łuski 6.9 17, 7.62x45 mm;szt.;1,0000;inny | SG
15.04.2024 14:30:00;wewnątrz kraju;kraj;Nadbużański;PSG w Lublinie;;wewnątrz kraju;Papierosy;Papierosy;212040,40;;szt.;260000,0000;Straż Graniczna
15.04.2024 14:30:00;wewnątrz kraju;kraj;Nadbużański;PSG w Lublinie;;wewnątrz kraju;Papierosy;Papierosy;51215,91;;szt.;62800,0000;Straż Graniczna
15.04.2024 14:30:00;wewnątrz kraju;kraj;Nadbużański;PSG w Lublinie;;wewnątrz kraju;Alkohol;Spirytus;18240,00;;litr;228,0000;Straż Graniczna
15.04.2024 14:30:00;wewnątrz kraju;kraj;Nadbużański;PSG w Lublinie;;wewnątrz kraju;Alkohol;Wódka;175,00;;litr;5,0000;Straż Graniczna
15.04.2024 14:50:00;Do RP;strefa;Nadodrzański;PSG w Świecku;;Niemcy;Narkotyki;Marihuana;10,80;;kg;0,0002;Straż Graniczna
15.04.2024 23:35:00;Do RP;przejście;Nadbużański;PSG w Terespolu;Terespol – Brześć (drogowe);Białoruś;Papierosy;Papierosy;179,42;;szt.;220,0000;Straż Graniczna
16.04.2024 00:05:00;wewnątrz kraju;strefa;Podlaski;PSG w Kuźnicy;;Białoruś;Papierosy;Papierosy;8041,22;;szt.;9860,0000;Straż Graniczna
16.04.2024 03:30:00;Do RP;przejście;Nadbużański;PSG w Terespolu;Terespol – Brześć (drogowe);Białoruś;Papierosy;Papierosy;2104,09;;szt.;2580,0000;Straż Graniczna
16.04.2024 05:30:00;Z RP;przejście;Bieszczadzki;PSG w Medyce;Medyka – Szeginie (drogowe);Ukraina;Pojazdy;inna/inne;20000,00;fotele samochodowe;szt.;4,0000;Straż Graniczna
16.04.2024 11:31:00;Do RP;przejście;Nadbużański;PSG w Terespolu;Terespol – Brześć (drogowe);Białoruś;Papierosy;Papierosy;2120,40;wniosek SG do KAS nr 28;szt.;2600,0000;Straż Graniczna
16.04.2024 14:50:00;wewnątrz kraju;kraj;Warmińsko-Mazurski;PSG w Olsztynie;;wewnątrz kraju;Papierosy;Papierosy;8481,62;Marlboro 500 paczek po 20 sztuk, King Size 20 paczek po 25 sztuk (bez znaków akcyzy);szt.;10400,0000;Straż Graniczna
16.04.2024 16:00:00;wewnątrz kraju;kraj;Nadbużański;PSG w Terespolu;;wewnątrz kraju;Pojazdy;Osobowy;55000,00;FORD GALAXY ;szt.;1,0000;Policja | SG
16.04.2024 17:30:00;Z RP;przejście;Nadodrzański;PSG w Poznaniu-Ławicy;Poznań-Ławica (lotnicze);lotnicza;Broń;inna/inne;118,00;pałka teleskopowa;szt.;1,0000;Straż Graniczna
16.04.2024 18:00:00;wewnątrz kraju;strefa;Nadbużański;PSG w Hrubieszowie;;Ukraina;Pojazdy;Osobowy;200000,00;Mercedes E220 ;szt.;1,0000;Straż Graniczna
16.04.2024 18:00:00;wewnątrz kraju;kraj;Podlaski;Wydział Operacyjno-Śledczy;;wewnątrz kraju;Papierosy;Papierosy;5496,74;Minsk, NZ;szt.;6740,0000;Straż Graniczna
16.04.2024 18:19:00;Do RP;przejście;Nadbużański;PSG w Dołhobyczowie;Dołhobyczów – Uhrynów (drogowe);Ukraina;Papierosy;Papierosy;48,93;;szt.;60,0000;Straż Graniczna
16.04.2024 19:00:00;wewnątrz kraju;strefa;Nadbużański;PSG w Dorohusku;;Ukraina;Papierosy;Papierosy;3751,48;Marshall;szt.;4600,0000;Straż Graniczna
16.04.2024 20:45:00;Do RP;strefa;Nadodrzański;PSG w Świecku;;Niemcy;Narkotyki;Haszysz;123,00;;kg;0,0025;Straż Graniczna
17.04.2024 06:00:00;wewnątrz kraju;kraj;Bieszczadzki;Wydział Operacyjno-Śledczy;;wewnątrz kraju;Inne;inna/inne;86354,60;Przyczepa kempingowa SWIFT KUDOS;szt.;1,0000;Straż Graniczna
17.04.2024 06:00:00;wewnątrz kraju;kraj;Bieszczadzki;Wydział Operacyjno-Śledczy;;wewnątrz kraju;Inne;inna/inne;91436,20;Przyczepa kempingowa ELDDIS AFFINITY;szt.;1,0000;Straż Graniczna
17.04.2024 06:00:00;wewnątrz kraju;kraj;Bieszczadzki;Wydział Operacyjno-Śledczy;;wewnątrz kraju;Inne;inna/inne;162547,60;Przyczepa Kempingowa COACHMAN LASER;szt.;1,0000;Straż Graniczna
17.04.2024 06:50:00;wewnątrz kraju;kraj;Morski;PSG w Ustce;;wewnątrz kraju;Papierosy;Papierosy;140435,99;;szt.;172200,0000;Straż Graniczna
17.04.2024 06:50:00;wewnątrz kraju;kraj;Morski;PSG w Ustce;;wewnątrz kraju;Tytoń;Tytoń;570878,00;;kg;700,0000;Straż Graniczna
17.04.2024 06:50:00;wewnątrz kraju;kraj;Morski;PSG w Ustce;;wewnątrz kraju;Alkohol;Spirytus;513,00;;litr;5,4000;Straż Graniczna
17.04.2024 06:50:00;wewnątrz kraju;kraj;Morski;PSG w Ustce;;wewnątrz kraju;Waluta;Złoty - PLN;45000,00;;szt.;45000,0000;Straż Graniczna
17.04.2024 06:50:00;wewnątrz kraju;kraj;Morski;PSG w Ustce;;wewnątrz kraju;Waluta;Euro - EUR;3218,40;;szt.;745,0000;Straż Graniczna
17.04.2024 07:30:00;Do RP;przejście;Nadbużański;PSG w Terespolu;Terespol – Brześć (drogowe);Białoruś;Papierosy;Papierosy;9786,48;;szt.;12000,0000;KAS | SG
17.04.2024 09:40:00;Z RP;przejście;Nadbużański;PSG w Dołhobyczowie;Dołhobyczów – Uhrynów (drogowe);Ukraina;Pojazdy;Osobowy;9000,00;DACIA - SANDERO;szt.;1,0000;Straż Graniczna
17.04.2024 09:50:00;Do RP;strefa;Nadodrzański;PSG w Świecku;;Niemcy;Pojazdy;Osobowy;80000,00;KIA Sportage;szt.;1,0000;Straż Graniczna
17.04.2024 09:50:00;Do RP;strefa;Nadodrzański;PSG w Świecku;;Niemcy;Pojazdy;Osobowy;107000,00;MITSUBISHI Outlander;szt.;1,0000;Straż Graniczna
17.04.2024 10:05:00;Do RP;przejście;Warmińsko-Mazurski;PSG w Bezledach;Bezledy – Bagrationowsk (drogowe);Rosja;Papierosy;Papierosy;32,62;W RAMACH WSPÓŁDZIAŁANIA SEO P/7/2024/1;szt.;40,0000;Straż Graniczna
17.04.2024 10:30:00;Do RP;przejście;Nadbużański;PSG w Terespolu;Kukuryki – Kozłowiczy (drogowe);Białoruś;Papierosy;Papierosy;326,22;WNIOSEK SG DO KAS NR 23;szt.;400,0000;Straż Graniczna
17.04.2024 10:35:00;Do RP;przejście;Nadbużański;PSG w Terespolu;Kukuryki – Kozłowiczy (drogowe);Białoruś;Papierosy;Papierosy;326,22;;szt.;400,0000;Straż Graniczna
17.04.2024 14:00:00;Do RP;strefa;Nadodrzański;PSG w Kłodzku;;Czechy;Broń;Gazowa;222,00;ESEKOL Botan cal. 9  mm PA Blanc;szt.;1,0000;Straż Graniczna
17.04.2024 14:00:00;Do RP;strefa;Nadodrzański;PSG w Kłodzku;;Czechy;Broń;Palna;1800,00;rewolwer ALFA mod.641 6mm ME Flobert;szt.;1,0000;Straż Graniczna
17.04.2024 14:00:00;Do RP;strefa;Nadodrzański;PSG w Kłodzku;;Czechy;Amunicja;inna/inne;10,00;9 mm blank;szt.;5,0000;Straż Graniczna
17.04.2024 14:00:00;Do RP;strefa;Nadodrzański;PSG w Kłodzku;;Czechy;Amunicja;Ostra;99,90;6 mm Flobert;szt.;111,0000;Straż Graniczna
17.04.2024 14:00:00;Do RP;strefa;Nadodrzański;PSG w Kłodzku;;Czechy;Materiały niebezpieczne;Materiały wybuchowe;500,00;proch czarny;kg;1,0000;Straż Graniczna
17.04.2024 18:57:00;Do RP;strefa;Nadbużański;PSG w Janowie Podlaskim;;Białoruś;Pojazdy;inna/inne;;rower maarki Hercules;szt.;1,0000;SZRP | SG
18.04.2024 02:00:00;Do RP;przejście;Nadbużański;PSG w Terespolu;Kukuryki – Kozłowiczy (drogowe);Białoruś;Papierosy;Papierosy;815,54;wniosek SG do KAS nr 25;szt.;1000,0000;Straż Graniczna
18.04.2024 02:00:00;Do RP;przejście;Nadbużański;PSG w Terespolu;Kukuryki – Kozłowiczy (drogowe);Białoruś;Papierosy;Papierosy;489,32; wniosek SG do KAS numer 26 z dnia 18.04.2024r.;szt.;600,0000;Straż Graniczna
18.04.2024 13:27:00;wewnątrz kraju;kraj;Nadbużański;PSG w Lublinie;;wewnątrz kraju;Pojazdy;Osobowy;70000,00;Mercedes Sprinter;szt.;1,0000;Straż Graniczna
18.04.2024 16:55:00;wewnątrz kraju;kraj;Warmińsko-Mazurski;PSG w Gołdapi;;wewnątrz kraju;Narkotyki;Marihuana;18541,35;;kg;0,4120;Policja | Policja | SG
18.04.2024 16:55:00;wewnątrz kraju;kraj;Warmińsko-Mazurski;PSG w Gołdapi;;wewnątrz kraju;Narkotyki;inna/inne;4724,00;Fenetylina;kg;94,4800;Policja | Policja | SG
18.04.2024 16:55:00;wewnątrz kraju;kraj;Warmińsko-Mazurski;PSG w Gołdapi;;wewnątrz kraju;Narkotyki;Marihuana;1459,35;;kg;0,0324;Policja | Policja | SG
18.04.2024 18:20:00;wewnątrz kraju;strefa;Bieszczadzki;PSG w Krościenku;;Ukraina;Alkohol;Wódka;180,00;;litr;4,5000;Straż Graniczna
18.04.2024 18:20:00;wewnątrz kraju;strefa;Bieszczadzki;PSG w Krościenku;;Ukraina;Papierosy;Papierosy;114,18;;szt.;140,0000;Straż Graniczna
18.04.2024 19:30:00;wewnątrz kraju;kraj;Warmińsko-Mazurski;PSG w Grzechotkach;;wewnątrz kraju;Papierosy;Papierosy;275163,20;różne marki;szt.;337400,0000;Straż Graniczna
18.04.2024 22:15:00;Do RP;przejście;Nadbużański;PSG w Terespolu;Terespol – Brześć (drogowe);Białoruś;Papierosy;Papierosy;81554,00;;szt.;100000,0000;KAS
18.04.2024 23:30:00;Do RP;strefa;Nadodrzański;PSG w Świecku;;Niemcy;Pojazdy;Osobowy;282000,00;POJAZD KEMPINGOWY FIAT DUCATO;szt.;1,0000;Straż Graniczna
19.04.2024 02:44:00;Z RP;przejście;Bieszczadzki;PSG w Korczowej;Korczowa – Krakowiec (drogowe);Ukraina;Pojazdy;Osobowy;25000,00;Pojazd osobowy marki Mercedes C 230 - figurujący w bazach zastrzeżeniowych: KSIP, SIS-R (art. 38) oraz INTERPOL.;szt.;1,0000;Straż Graniczna
19.04.2024 05:19:00;Z RP;przejście;Śląski;PSG w Katowicach-Pyrzowicach;Katowice-Pyrzowice (lotnicze);lotnicza;Amunicja;Ostra;80,00;"napis na denku łuski ""RWS 308 WIN""";szt.;4,0000;Straż Graniczna
19.04.2024 05:19:00;Z RP;przejście;Śląski;PSG w Katowicach-Pyrzowicach;Katowice-Pyrzowice (lotnicze);lotnicza;Amunicja;Ostra;32,00;"napis na denku łuski ""NOSLER 308 WIN""";szt.;4,0000;Straż Graniczna
19.04.2024 07:40:00;Do RP;strefa;Nadodrzański;PSG w Świecku;;Niemcy;Pojazdy;Osobowy;200000,00;Jeep Wrangler;szt.;1,0000;Straż Graniczna
19.04.2024 13:20:00;Do RP;przejście;Nadbużański;PSG w Hrebennem;Hrebenne – Rawa Ruska (drogowe);Ukraina;Pojazdy;Osobowy;60000,00;Mrcedes Sprinter;szt.;1,0000;Straż Graniczna
19.04.2024 17:30:00;Do RP;przejście;Nadbużański;PSG w Terespolu;Kukuryki – Kozłowiczy (drogowe);Białoruś;Papierosy;Papierosy;326,22;;szt.;400,0000;Straż Graniczna
19.04.2024 18:10:00;wewnątrz kraju;kraj;Nadodrzański;PSG w Kłodzku;;wewnątrz kraju;Alkohol;Spirytus;3076,06;;litr;32,4000;Straż Graniczna
19.04.2024 18:10:00;wewnątrz kraju;kraj;Nadodrzański;PSG w Kłodzku;;wewnątrz kraju;Papierosy;Papierosy;8155,40;;szt.;10000,0000;Straż Graniczna
19.04.2024 21:14:00;wewnątrz kraju;kraj;Bieszczadzki;PSG w Rzeszowie–Jasionce;;wewnątrz kraju;Papierosy;Papierosy;48932,40;Marlboro;szt.;60000,0000;Straż Graniczna
20.04.2024 05:08:00;Z RP;przejście;Bieszczadzki;PSG w Krościenku;Krościenko – Smolnica (drogowe);Ukraina;Pojazdy;Osobowy;25000,00;HYUNDAI TERRACAN ;szt.;1,0000;Straż Graniczna
21.04.2024 10:15:00;Z RP;strefa;Morski;PSG w Gdańsku;;lotnicza;Amunicja;Ostra;1,89;ELEY Alphamax+ 32g kal. 12/70;szt.;1,0000;Straż Graniczna
21.04.2024 11:20:00;Z RP;przejście;Nadwiślański;PSG w Warszawie-Okęciu;Warszawa-Okęcie (lotnicze);lotnicza;Amunicja;Ostra;;;szt.;1,0000;Straż Graniczna
21.04.2024 12:05:00;Z RP;przejście;Karpacki;PSG w Krakowie-Balicach;Kraków-Balice (lotnicze);lotnicza;Amunicja;Ostra;2,60;357 MAGNUM;szt.;1,0000;Straż Graniczna
21.04.2024 14:50:00;wewnątrz kraju;kraj;Morski;PSG w Ustce;;wewnątrz kraju;Narkotyki;inna/inne;46,40;Metamfetamina proszek;kg;0,0006;Policja | SG
21.04.2024 14:50:00;wewnątrz kraju;kraj;Morski;PSG w Ustce;;wewnątrz kraju;Narkotyki;Marihuana;256,00;susz roślinny;kg;0,0051;Policja | SG
21.04.2024 23:30:00;Z RP;przejście;Nadbużański;PSG w Hrubieszowie;Zosin – Ustiług (drogowe);Ukraina;Pojazdy;Osobowy;30000,00;ojazd marki Nissan o nr VIN SJNFAAZE0U6045955;szt.;1,0000;Straż Graniczna
22.04.2024 06:49:00;Z RP;przejście;Nadwiślański;PSG w Warszawie-Okęciu;Warszawa-Okęcie (lotnicze);lotnicza;Amunicja;inna/inne;;hukowa;szt.;5,0000;Straż Graniczna
22.04.2024 13:18:00;Do RP;przejście;Warmińsko-Mazurski;PSG w Bezledach;Bezledy – Bagrationowsk (drogowe);Rosja;Papierosy;Papierosy;163,11;w ramach TEO P/7/2024/1;szt.;200,0000;SC | SG
23.04.2024 05:45:00;Z RP;przejście;Nadodrzański;PSG w Poznaniu-Ławicy;Poznań-Ławica (lotnicze);lotnicza;Broń;inna/inne;80,00;kastet;szt.;1,0000;inny | SG
23.04.2024 10:00:00;wewnątrz kraju;kraj;Nadbużański;PSG w Terespolu;;wewnątrz kraju;Pojazdy;Osobowy;100000,00;KIA SPORTAGE ;szt.;1,0000;Policja | SG
23.04.2024 10:00:00;wewnątrz kraju;kraj;Nadbużański;PSG w Terespolu;;wewnątrz kraju;Inne;Podzespoły samochodowe;500000,00;liczne podzespoły samochowe samochodowe ;szt.;5,0000;Policja | SG
23.04.2024 13:00:00;wewnątrz kraju;kraj;Nadwiślański;PSG w Łodzi;;wewnątrz kraju;Narkotyki;inna/inne;2901,18;mefedron ;kg;0,0484;Straż Graniczna
23.04.2024 13:00:00;wewnątrz kraju;kraj;Nadwiślański;PSG w Łodzi;;wewnątrz kraju;Narkotyki;Amfetamina;2481,43;;kg;0,0354;Straż Graniczna
23.04.2024 13:00:00;wewnątrz kraju;kraj;Nadwiślański;PSG w Łodzi;;wewnątrz kraju;Narkotyki;inna/inne;3,02;susz roślinny ;kg;0,0001;Straż Graniczna
23.04.2024 13:00:00;wewnątrz kraju;kraj;Nadwiślański;PSG w Łodzi;;wewnątrz kraju;Narkotyki;inna/inne;;substancje nie zidentyfikowane ;kg;0,0212;Straż Graniczna
23.04.2024 14:35:00;wewnątrz kraju;kraj;Karpacki;PSG w Tarnowie;;wewnątrz kraju;Tytoń;krajanka tytoniowa;4094,01;;kg;5,0200;Straż Graniczna
23.04.2024 17:08:00;wewnątrz kraju;strefa;Karpacki;PSG w Zakopanem;;Słowacja;Narkotyki;inna/inne;515,00;Mefedron;kg;0,0103;Straż Graniczna
23.04.2024 17:08:00;wewnątrz kraju;strefa;Karpacki;PSG w Zakopanem;;Słowacja;Narkotyki;Marihuana;148,00;susz;kg;0,0037;Straż Graniczna
23.04.2024 17:20:00;wewnątrz kraju;kraj;Morski;PSG w Kołobrzegu;;wewnątrz kraju;Narkotyki;inna/inne;199,50;Mefedron;kg;0,0040;Straż Graniczna
23.04.2024 18:00:00;Do RP;przejście;Nadbużański;PSG w Terespolu;Terespol – Brześć (drogowe);Białoruś;Papierosy;Papierosy;260,97;;szt.;320,0000;Straż Graniczna
23.04.2024 21:00:00;Do RP;strefa;Nadodrzański;PSG w Świecku;;Niemcy;Narkotyki;Marihuana;414,00;;kg;0,0092;Straż Graniczna
24.04.2024 05:10:00;Do RP;przejście;Nadbużański;PSG w Terespolu;Terespol – Brześć (drogowe);Białoruś;Papierosy;Papierosy;1631,08;;szt.;2000,0000;KAS | SG
24.04.2024 05:10:00;Do RP;przejście;Nadbużański;PSG w Terespolu;Terespol – Brześć (drogowe);Białoruś;Waluta;Euro - EUR;53875,00;;szt.;12500,0000;KAS | SG
24.04.2024 05:25:00;Do RP;przejście;Bieszczadzki;PSG w Korczowej;Korczowa – Krakowiec (drogowe);Ukraina;Amunicja;inna/inne;1,00;Amunicja hukowa 9mm P.A.;szt.;1,0000;Straż Graniczna
24.04.2024 11:55:00;Do RP;przejście;Bieszczadzki;PSG w Medyce;Medyka – Szeginie (drogowe);Ukraina;Amunicja;Ostra;5,00;7,62 x 39 mm;szt.;1,0000;SP
24.04.2024 14:25:00;Do RP;przejście;Nadbużański;PSG w Dorohusku;Dorohusk – Jagodzin (drogowe);Ukraina;Papierosy;Papierosy;30,17;;szt.;37,0000;Straż Graniczna
24.04.2024 14:25:00;Do RP;przejście;Nadbużański;PSG w Dorohusku;Dorohusk – Jagodzin (drogowe);Ukraina;Tytoń;susz tytoniowy;391,96;wniosek nr 15;kg;0,6700;Straż Graniczna
24.04.2024 22:28:00;Do RP;przejście;Nadbużański;PSG w Dorohusku;Dorohusk – Jagodzin (drogowe);Ukraina;Papierosy;Papierosy;61,17;;szt.;75,0000;Straż Graniczna
25.04.2024 05:15:00;Do RP;przejście;Nadbużański;PSG w Dorohusku;Dorohusk – Jagodzin (drogowe);Ukraina;Amunicja;Ostra;2,30;nabój karabinowy kal. 7,62 x54;szt.;1,0000;SC | SG
25.04.2024 06:20:00;wewnątrz kraju;strefa;Bieszczadzki;PSG w Hermanowicach;;Ukraina;Papierosy;Papierosy;913,40;;szt.;1120,0000;Straż Graniczna
25.04.2024 06:20:00;wewnątrz kraju;kraj;Nadodrzański;PSG w Świecku;;wewnątrz kraju;Inne;inna/inne;1100,00;wkrętarka DeWalt;szt.;1,0000;Straż Graniczna
25.04.2024 06:20:00;wewnątrz kraju;kraj;Nadodrzański;PSG w Świecku;;wewnątrz kraju;Inne;inna/inne;2000,00;klucz udarowy Milwaukee;szt.;1,0000;Straż Graniczna
25.04.2024 06:20:00;wewnątrz kraju;kraj;Nadodrzański;PSG w Świecku;;wewnątrz kraju;Inne;inna/inne;500,00;podkaszarka Bosch;szt.;1,0000;Straż Graniczna
25.04.2024 06:20:00;wewnątrz kraju;kraj;Nadodrzański;PSG w Świecku;;wewnątrz kraju;Inne;inna/inne;100,00;szkrzynia z częściami do elektronarzędzi FORCH;szt.;1,0000;Straż Graniczna
25.04.2024 06:20:00;wewnątrz kraju;kraj;Nadodrzański;PSG w Świecku;;wewnątrz kraju;Inne;inna/inne;500,00;Wyrzynarka MAKITA;szt.;1,0000;Straż Graniczna
25.04.2024 06:20:00;wewnątrz kraju;kraj;Nadodrzański;PSG w Świecku;;wewnątrz kraju;Inne;inna/inne;1000,00;wiertarka FORCH;szt.;1,0000;Straż Graniczna
25.04.2024 06:20:00;wewnątrz kraju;kraj;Nadodrzański;PSG w Świecku;;wewnątrz kraju;Inne;inna/inne;1000,00;szlifierka BOSCH;szt.;1,0000;Straż Graniczna
25.04.2024 06:20:00;wewnątrz kraju;kraj;Nadodrzański;PSG w Świecku;;wewnątrz kraju;Inne;inna/inne;600,00;urządzenie GEBERIT;szt.;1,0000;Straż Graniczna
25.04.2024 06:20:00;wewnątrz kraju;kraj;Nadodrzański;PSG w Świecku;;wewnątrz kraju;Inne;inna/inne;700,00;Flex wraz z akcesoriami;szt.;1,0000;Straż Graniczna
25.04.2024 06:20:00;wewnątrz kraju;kraj;Nadodrzański;PSG w Świecku;;wewnątrz kraju;Inne;inna/inne;1500,00;wiertarka MAKITA;szt.;1,0000;Straż Graniczna
25.04.2024 06:20:00;wewnątrz kraju;kraj;Nadodrzański;PSG w Świecku;;wewnątrz kraju;Inne;inna/inne;1500,00;szlifierka Makita;szt.;1,0000;Straż Graniczna
25.04.2024 06:20:00;wewnątrz kraju;kraj;Nadodrzański;PSG w Świecku;;wewnątrz kraju;Inne;inna/inne;1500,00;szlifierka Festool;szt.;1,0000;Straż Graniczna
25.04.2024 06:20:00;wewnątrz kraju;kraj;Nadodrzański;PSG w Świecku;;wewnątrz kraju;Inne;inna/inne;700,00;szlifierka kątowa Makita;szt.;1,0000;Straż Graniczna
25.04.2024 06:20:00;wewnątrz kraju;kraj;Nadodrzański;PSG w Świecku;;wewnątrz kraju;Inne;inna/inne;1500,00;młotowiertarka HILTI;szt.;1,0000;Straż Graniczna
25.04.2024 06:20:00;wewnątrz kraju;kraj;Nadodrzański;PSG w Świecku;;wewnątrz kraju;Inne;inna/inne;500,00;szlifierka do gipsu;szt.;1,0000;Straż Graniczna
25.04.2024 06:20:00;wewnątrz kraju;kraj;Nadodrzański;PSG w Świecku;;wewnątrz kraju;Inne;inna/inne;300,00;torba z akcesoriami HILTI;szt.;1,0000;Straż Graniczna
25.04.2024 06:20:00;wewnątrz kraju;kraj;Nadodrzański;PSG w Świecku;;wewnątrz kraju;Inne;inna/inne;4000,00;odkurzacz Festool;szt.;1,0000;Straż Graniczna
25.04.2024 06:20:00;wewnątrz kraju;kraj;Nadodrzański;PSG w Świecku;;wewnątrz kraju;Inne;inna/inne;2500,00;;szt.;1,0000;Straż Graniczna
25.04.2024 06:20:00;wewnątrz kraju;kraj;Nadodrzański;PSG w Świecku;;wewnątrz kraju;Inne;inna/inne;1000,00;szlifierka Milwaukee;szt.;1,0000;Straż Graniczna
25.04.2024 06:20:00;wewnątrz kraju;kraj;Nadodrzański;PSG w Świecku;;wewnątrz kraju;Inne;inna/inne;3000,00;wkrętarka Milwaukee;szt.;2,0000;Straż Graniczna
25.04.2024 06:20:00;wewnątrz kraju;kraj;Nadodrzański;PSG w Świecku;;wewnątrz kraju;Inne;inna/inne;200,00;"urzadzenie typu ""rekin"" Milwaukee";szt.;1,0000;Straż Graniczna
25.04.2024 06:20:00;wewnątrz kraju;kraj;Nadodrzański;PSG w Świecku;;wewnątrz kraju;Inne;inna/inne;200,00;szczypce MILWAUKEE;szt.;1,0000;Straż Graniczna
25.04.2024 09:10:00;wewnątrz kraju;strefa;Nadbużański;PSG w Dołhobyczowie;;Ukraina;Narkotyki;Marihuana;1734,00;;kg;0,0347;Policja | SG
25.04.2024 09:10:00;wewnątrz kraju;strefa;Nadbużański;PSG w Dołhobyczowie;;Ukraina;Narkotyki;inna/inne;301,05;3CMC;kg;0,0067;Policja | SG
25.04.2024 09:30:00;wewnątrz kraju;kraj;Warmińsko-Mazurski;PSG w Gołdapi;;wewnątrz kraju;Papierosy;Papierosy;5904,51;papierosy różnych marek;szt.;7240,0000;Straż Graniczna
25.04.2024 10:07:00;wewnątrz kraju;kraj;Bieszczadzki;PSG w Rzeszowie–Jasionce;;wewnątrz kraju;Papierosy;Papierosy;4844,31;różne marki;szt.;5940,0000;Straż Graniczna
25.04.2024 21:00:00;Do RP;przejście;Nadbużański;PSG w Terespolu;Kukuryki – Kozłowiczy (drogowe);Białoruś;Papierosy;Papierosy;978,65;;szt.;1200,0000;Straż Graniczna
25.04.2024 21:00:00;Do RP;przejście;Nadbużański;PSG w Terespolu;Kukuryki – Kozłowiczy (drogowe);Białoruś;Alkohol;Wódka;60,00;;litr;2,0000;Straż Graniczna
25.04.2024 23:25:00;wewnątrz kraju;strefa;Nadbużański;PSG w Terespolu;;Białoruś;Papierosy;Papierosy;19589,27;;szt.;24020,0000;Straż Graniczna
26.04.2024 03:00:00;Do RP;strefa;Nadodrzański;PSG w Zgorzelcu;;Niemcy;Narkotyki;Marihuana;3081600,00;worki foliowe -60 sztuk;kg;68,4800;Straż Graniczna
26.04.2024 04:25:00;Do RP;przejście;Nadbużański;PSG w Terespolu;Kukuryki – Kozłowiczy (drogowe);Białoruś;Papierosy;Papierosy;1451661,20;;szt.;1780000,0000;KAS | inny | SG
26.04.2024 05:55:00;wewnątrz kraju;strefa;Nadbużański;PSG w Chłopiatynie;;Ukraina;Narkotyki;Marihuana;884,25;;kg;0,0197;Policja
26.04.2024 05:55:00;wewnątrz kraju;strefa;Nadbużański;PSG w Chłopiatynie;;Ukraina;Narkotyki;inna/inne;4950,00;krzewy konopi indyjskich innych niż włókniste ;szt.;5,0000;Policja
26.04.2024 09:58:00;Do RP;przejście;Nadbużański;PSG w Hrebennem;Hrebenne – Rawa Ruska (drogowe);Ukraina;Inne;inna/inne;273,60;Olej napędowy, wniosek do KAS nr 26, uszczuplenia celne 186 zł.;litr;60,0000;Straż Graniczna
26.04.2024 11:00:00;wewnątrz kraju;strefa;Nadbużański;Wydział Operacyjno-Śledczy;;Ukraina;Tytoń;Tytoń;15281,30;liść tytoniu;kg;30,2600;Straż Graniczna
26.04.2024 11:00:00;wewnątrz kraju;strefa;Nadbużański;Wydział Operacyjno-Śledczy;;Ukraina;Tytoń;krajanka tytoniowa;15446,33;;kg;18,9400;Straż Graniczna
26.04.2024 11:00:00;wewnątrz kraju;strefa;Nadbużański;Wydział Operacyjno-Śledczy;;Ukraina;Papierosy;Papierosy;4134,79;;szt.;5070,0000;Straż Graniczna
26.04.2024 11:00:00;wewnątrz kraju;strefa;Nadbużański;Wydział Operacyjno-Śledczy;;Ukraina;Inne;inna/inne;56500,00;linia produkcyjna do papierosów;szt.;1,0000;Straż Graniczna
26.04.2024 11:05:00;Do RP;przejście;Nadbużański;PSG w Hrebennem;Hrebenne – Rawa Ruska (drogowe);Ukraina;Papierosy;Papierosy;130,49;uszczuplenia celne  216 zł ;szt.;160,0000;SC | SG
26.04.2024 11:05:00;Do RP;przejście;Nadbużański;PSG w Hrebennem;Hrebenne – Rawa Ruska (drogowe);Ukraina;Inne;inna/inne;36,00;produkty pochodzenia  zwierzęcego;kg;2,4000;SC | SG
26.04.2024 21:05:00;Do RP;strefa;Nadodrzański;PSG w Świecku;;Niemcy;Pojazdy;Osobowy;80000,00;KIA SPORTAGE;szt.;1,0000;Straż Graniczna
27.04.2024 05:12:00;Z RP;przejście;Nadwiślański;PSG w Warszawie-Modlinie;Warszawa/Modlin (lotnicze);lotnicza;Amunicja;Ostra;;(amunicja S&B kal. 7,62 x 54 );szt.;2,0000;Straż Graniczna
27.04.2024 11:18:00;wewnątrz kraju;strefa;Nadbużański;PSG w Sławatyczach;;Białoruś;Papierosy;Papierosy;8155,40;;szt.;10000,0000;Straż Graniczna
27.04.2024 14:00:00;Do RP;przejście;Nadbużański;PSG w Hrebennem;Hrebenne – Rawa Ruska (drogowe);Ukraina;Papierosy;Papierosy;16,31;uszczuplenia celne 27zł;szt.;20,0000;SC | SG
27.04.2024 14:00:00;Do RP;przejście;Nadbużański;PSG w Hrebennem;Hrebenne – Rawa Ruska (drogowe);Ukraina;Papierosy;Papierosy;167,19;uszczuplenia celne  257zł;szt.;205,0000;SC | SG
27.04.2024 15:40:00;Do RP;przejście;Nadbużański;PSG w Terespolu;Terespol – Brześć (drogowe);Białoruś;Inne;inna/inne;140,00;produkty pochodzenia zwierzęcego;kg;14,0000;Straż Graniczna
27.04.2024 22:20:00;Z RP;strefa;Morski;PSG w Gdańsku;;lotnicza;Amunicja;Ostra;1,00;;szt.;1,0000;Straż Graniczna
27.04.2024 23:52:00;Do RP;przejście;Nadbużański;PSG w Terespolu;Kukuryki – Kozłowiczy (drogowe);Białoruś;Papierosy;Papierosy;326,22;;szt.;400,0000;Straż Graniczna
28.04.2024 10:30:00;Do RP;przejście;Bieszczadzki;PSG w Korczowej;Korczowa – Krakowiec (drogowe);Ukraina;Papierosy;Papierosy;244,66;15 paczek papierosów (różnych marek) bez polskich znaków akcyzy MF RP.;szt.;300,0000;Straż Graniczna
28.04.2024 14:54:00;Z RP;przejście;Bieszczadzki;PSG w Medyce;Medyka – Szeginie (drogowe);Ukraina;Pojazdy;Osobowy;35000,00;SANTA FE;szt.;1,0000;Straż Graniczna
28.04.2024 17:20:00;Do RP;przejście;Nadbużański;PSG w Terespolu;Terespol – Brześć (drogowe);Białoruś;Papierosy;Papierosy;1141,76;;szt.;1400,0000;KAS | SG
29.04.2024 01:35:00;Z RP;przejście;Śląski;PSG w Katowicach-Pyrzowicach;Katowice-Pyrzowice (lotnicze);lotnicza;Narkotyki;inna/inne;600,00;Żelki z zawartością THC;szt.;12,0000;Straż Graniczna
29.04.2024 08:30:00;wewnątrz kraju;kraj;Nadbużański;Wydział Operacyjno-Śledczy;;wewnątrz kraju;Papierosy;Papierosy;73398,60;;szt.;90000,0000;Policja | SG
29.04.2024 08:30:00;wewnątrz kraju;kraj;Nadbużański;Wydział Operacyjno-Śledczy;;wewnątrz kraju;Tytoń;krajanka tytoniowa;30868,19;;kg;37,8500;Policja | SG
29.04.2024 11:22:00;Z RP;strefa;Śląski;PSG w Katowicach-Pyrzowicach;Katowice-Pyrzowice (lotnicze);lotnicza;Amunicja;Ostra;8,00;;szt.;1,0000;Straż Graniczna
29.04.2024 15:10:00;Do RP;przejście;Nadbużański;PSG w Terespolu;Kukuryki – Kozłowiczy (drogowe);Białoruś;Papierosy;Papierosy;326,22;;szt.;400,0000;Straż Graniczna
29.04.2024 20:00:00;Do RP;przejście;Nadbużański;PSG w Terespolu;Terespol – Brześć (drogowe);Białoruś;Papierosy;Papierosy;782,92;;szt.;960,0000;KAS | SG
29.04.2024 20:00:00;Do RP;przejście;Nadbużański;PSG w Terespolu;Terespol – Brześć (drogowe);Białoruś;Papierosy;Papierosy;4534,40;;szt.;5560,0000;KAS | SG
29.04.2024 20:00:00;Do RP;przejście;Nadbużański;PSG w Terespolu;Terespol – Brześć (drogowe);Białoruś;Tytoń;Tytoń do palenia;1142,40;;kg;1,4000;KAS | SG
29.04.2024 21:10:00;Do RP;przejście;Warmińsko-Mazurski;PSG w Grzechotkach;Grzechotki – Mamonowo II (drogowe);Rosja;Amunicja;inna/inne;10800,00;LAPUA;szt.;4500,0000;SC | SG
30.04.2024 02:20:00;Do RP;przejście;Nadbużański;PSG w Terespolu;Kukuryki – Kozłowiczy (drogowe);Białoruś;Papierosy;Papierosy;7339,86;;szt.;9000,0000;Straż Graniczna
30.04.2024 07:05:00;wewnątrz kraju;kraj;Warmińsko-Mazurski;PSG w Gołdapi;;wewnątrz kraju;Papierosy;Papierosy;7290,93;;szt.;8940,0000;Straż Graniczna
30.04.2024 07:15:00;wewnątrz kraju;kraj;Warmińsko-Mazurski;PSG w Braniewie;;wewnątrz kraju;Papierosy;Papierosy;79498,84;Rothmans;szt.;97480,0000;Straż Graniczna
30.04.2024 23:00:00;Z RP;przejście;Nadbużański;PSG w Hrebennem;Hrebenne – Rawa Ruska (drogowe);Ukraina;Narkotyki;Marihuana;22,95;;kg;0,0005;Straż Graniczna
01.05.2024 19:45:00;Do RP;przejście;Nadbużański;PSG w Terespolu;Terespol – Brześć (drogowe);Białoruś;Inne;inna/inne;220,00;produkty pochodzenia zwierzęcego;kg;11,0000;Straż Graniczna
02.05.2024 18:20:00;Z RP;przejście;Nadwiślański;PSG w Warszawie-Okęciu;Warszawa-Okęcie (lotnicze);lotnicza;Narkotyki;inna/inne;58739,85;susz roślinny;kg;1,3053;Straż Graniczna
03.05.2024 05:00:00;Do RP;strefa;Nadodrzański;PSG w Świecku;;Niemcy;Pojazdy;Osobowy;80000,00;Fiat Ducato;szt.;1,0000;Straż Graniczna
03.05.2024 10:29:00;Do RP;strefa;Nadbużański;PSG w Dołhobrodach;;Białoruś;Papierosy;Papierosy;2935,94;W rejonie pomiędzy 049 a 050 znaleziono zamoknięte papierosy;szt.;3600,0000;Straż Graniczna
03.05.2024 10:45:00;wewnątrz kraju;strefa;Śląski;PSG w Katowicach-Pyrzowicach;Katowice-Pyrzowice (lotnicze);lotnicza;Amunicja;Ostra;1,00;"amunicja koloru żółtego z napisem na spodzie łuski ""9x19P 21 04""";szt.;1,0000;Straż Graniczna
03.05.2024 13:25:00;Z RP;przejście;Nadwiślański;PSG w Warszawie-Okęciu;Warszawa-Okęcie (lotnicze);lotnicza;Amunicja;Ostra;;amunicja z napisem 08 3;szt.;1,0000;Straż Graniczna
03.05.2024 18:10:00;Z RP;przejście;Bieszczadzki;PSG w Korczowej;Korczowa – Krakowiec (drogowe);Ukraina;Pojazdy;Osobowy;90000,00;Pojazd osobowy marki MERCEDES-BENZ model SPRINTER ;szt.;1,0000;Straż Graniczna
04.05.2024 01:55:00;wewnątrz kraju;kraj;Nadbużański;PSG w Białej Podlaskiej;;wewnątrz kraju;Narkotyki;Kokaina;;;kg;0,0007;Straż Graniczna
04.05.2024 08:27:00;Do RP;przejście;Nadbużański;PSG w Terespolu;Terespol – Brześć (drogowe);Białoruś;Papierosy;Papierosy;163,11;;szt.;200,0000;KAS
04.05.2024 09:49:00;Do RP;przejście;Nadbużański;PSG w Terespolu;Terespol – Brześć (drogowe);Białoruś;Papierosy;Papierosy;114,18;;szt.;140,0000;KAS
04.05.2024 10:26:00;Do RP;przejście;Nadbużański;PSG w Terespolu;Terespol – Brześć (drogowe);Białoruś;Papierosy;Papierosy;114,18;;szt.;140,0000;KAS
04.05.2024 12:47:00;Do RP;przejście;Nadbużański;PSG w Terespolu;Terespol – Brześć (drogowe);Białoruś;Papierosy;Papierosy;212,04;;szt.;260,0000;KAS
04.05.2024 13:00:00;Do RP;przejście;Nadbużański;PSG w Terespolu;Kukuryki – Kozłowiczy (drogowe);Białoruś;Papierosy;Papierosy;1141,76;;szt.;1400,0000;Straż Graniczna
04.05.2024 13:52:00;Do RP;przejście;Nadbużański;PSG w Terespolu;Terespol – Brześć (drogowe);Białoruś;Płyn do e-papierosów;Płyn do e-papierosów;195,00;;litr;0,1500;KAS
04.05.2024 15:16:00;Do RP;przejście;Nadbużański;PSG w Terespolu;Terespol – Brześć (drogowe);Białoruś;Papierosy;Papierosy;244,66;;szt.;300,0000;KAS
04.05.2024 23:24:00;Z RP;przejście;Nadwiślański;PSG w Warszawie-Okęciu;Warszawa-Okęcie (lotnicze);lotnicza;Amunicja;Ostra;;amunicja o nieczytelnych oznaczeniach;szt.;1,0000;Straż Graniczna
04.05.2024 23:50:00;Do RP;przejście;Nadbużański;PSG w Terespolu;Kukuryki – Kozłowiczy (drogowe);Białoruś;Papierosy;Papierosy;293,59;;szt.;360,0000;Straż Graniczna
05.05.2024 05:00:00;Z RP;przejście;Morski;PSG w Gdańsku;Gdańsk-Rębiechowo (lotnicze);lotnicza;Amunicja;Ostra;2,00;amunicja do karabinka sportowego;szt.;1,0000;Straż Graniczna
05.05.2024 05:00:00;Do RP;przejście;Nadbużański;PSG w Terespolu;Terespol – Brześć (drogowe);Białoruś;Papierosy;Papierosy;1239,62;;szt.;1520,0000;KAS | SG
05.05.2024 05:00:00;Do RP;przejście;Nadbużański;PSG w Terespolu;Terespol – Brześć (drogowe);Białoruś;Papierosy;Papierosy;815,54;;szt.;1000,0000;KAS | SG
05.05.2024 05:00:00;Do RP;przejście;Nadbużański;PSG w Terespolu;Terespol – Brześć (drogowe);Białoruś;Inne;inna/inne;1240,50;OLEJ NAPĘDOWY ;litr;150,0000;KAS | SG
05.05.2024 05:20:00;Z RP;strefa;Morski;PSG w Gdańsku;;lotnicza;Amunicja;Ostra;4,00;amunicja 7,62 mm;szt.;1,0000;Straż Graniczna
05.05.2024 06:10:00;Do RP;przejście;Nadbużański;PSG w Terespolu;Kukuryki – Kozłowiczy (drogowe);Białoruś;Papierosy;Papierosy;717,68;;szt.;880,0000;Straż Graniczna
05.05.2024 09:40:00;Do RP;przejście;Nadbużański;PSG w Dorohusku;Dorohusk – Jagodzin (drogowe);Ukraina;Narkotyki;Marihuana;23,85;;kg;0,0005;Straż Graniczna
06.05.2024 04:55:00;Z RP;przejście;Nadodrzański;PSG w Poznaniu-Ławicy;Poznań-Ławica (lotnicze);lotnicza;Inne;inna/inne;150,00;Pałka teleskopowa;szt.;1,0000;Straż Graniczna
06.05.2024 06:48:00;wewnątrz kraju;strefa;Podlaski;PSG w Nowym Dworze;;Białoruś;Papierosy;Papierosy;277,28;;szt.;340,0000;Straż Graniczna
06.05.2024 11:55:00;Do RP;przejście;Bieszczadzki;PSG w Medyce;Medyka – Szeginie (drogowe);Ukraina;Narkotyki;inna/inne;713,30;substancja psychotropowa;kg;0,0255;SC
07.05.2024 04:30:00;Z RP;przejście;Nadbużański;PSG w Hrebennem;Hrebenne – Rawa Ruska (drogowe);Ukraina;Broń;inna/inne;300,00;Broń hukowa Ekol Arda;szt.;1,0000;Straż Graniczna
07.05.2024 04:30:00;Z RP;przejście;Nadbużański;PSG w Hrebennem;Hrebenne – Rawa Ruska (drogowe);Ukraina;Amunicja;inna/inne;21,00;Amunicja hukowa;szt.;5,0000;Straż Graniczna
07.05.2024 06:20:00;Do RP;przejście;Nadbużański;PSG w Hrubieszowie;Zosin – Ustiług (drogowe);Ukraina;Papierosy;Papierosy;130,49;Pariaments;szt.;160,0000;Straż Graniczna
07.05.2024 11:51:00;Do RP;przejście;Nadbużański;PSG w Dorohusku;Dorohusk – Jagodzin (drogowe);Ukraina;Papierosy;Papierosy;48,93;;szt.;60,0000;Straż Graniczna
07.05.2024 12:39:00;Do RP;przejście;Nadbużański;PSG w Hrebennem;Hrebenne – Rawa Ruska (drogowe);Ukraina;Inne;inna/inne;182,40;40 litrów oleju napędowego, wniosek do KAS Hrebenen nr 27, uszczuplenia celne 103 zł.;litr;40,0000;Straż Graniczna
07.05.2024 14:55:00;wewnątrz kraju;kraj;Nadodrzański;PSG w Poznaniu-Ławicy;;wewnątrz kraju;Narkotyki;Marihuana;46276,00;;kg;1,0060;Straż Graniczna
07.05.2024 14:55:00;wewnątrz kraju;kraj;Nadodrzański;PSG w Poznaniu-Ławicy;;wewnątrz kraju;Narkotyki;inna/inne;125394,60; substancja koluru białego w postaci kryształu o cechach i właściwościach mefedronu ;kg;2,0899;Straż Graniczna
07.05.2024 15:21:00;wewnątrz kraju;strefa;Nadbużański;PSG w Białej Podlaskiej;;Białoruś;Narkotyki;Marihuana;;;kg;0,0006;Straż Graniczna
07.05.2024 19:00:00;Do RP;przejście;Nadbużański;PSG w Terespolu;Terespol – Brześć (drogowe);Białoruś;Papierosy;Papierosy;3914,59;;szt.;4800,0000;KAS | SG
07.05.2024 20:30:00;Z RP;przejście;Nadbużański;PSG w Dorohusku;Dorohusk – Jagodzin (drogowe);Ukraina;Narkotyki;Marihuana;32,85;;kg;0,0007;Straż Graniczna
08.05.2024 05:38:00;Z RP;strefa;Śląski;PSG w Katowicach-Pyrzowicach;;lotnicza;Broń;inna/inne;150,00;przedmiot przypominający pałkę teleskopową koloru czarnego;szt.;1,0000;Straż Graniczna
08.05.2024 11:00:00;Z RP;przejście;Karpacki;PSG w Krakowie-Balicach;Kraków-Balice (lotnicze);lotnicza;Amunicja;Ostra;2,00;7,62 mm;szt.;1,0000;Straż Graniczna
08.05.2024 12:10:00;Z RP;przejście;Nadodrzański;PSG w Poznaniu-Ławicy;Poznań-Ławica (lotnicze);lotnicza;Amunicja;Ostra;1,00;9 mm Makarov;szt.;1,0000;inny | SG
08.05.2024 13:01:00;Do RP;przejście;Nadbużański;PSG w Terespolu;Terespol – Brześć (drogowe);Białoruś;Inne;inna/inne;140,00;produty pochodzenia zwierzęcego;kg;7,0000;SC | SG
08.05.2024 14:00:00;wewnątrz kraju;kraj;Bieszczadzki;Wydział Operacyjno-Śledczy;;wewnątrz kraju;Pojazdy;inna/inne;95298,30;przyczepa kempingowa 1. BAILEY Discovery;szt.;1,0000;Straż Graniczna
08.05.2024 14:00:00;wewnątrz kraju;kraj;Bieszczadzki;Wydział Operacyjno-Śledczy;;wewnątrz kraju;Pojazdy;inna/inne;75235,50;Przyczepa kempingowa marki 2. Swift Challenger;szt.;1,0000;Straż Graniczna
08.05.2024 19:42:00;Z RP;przejście;Bieszczadzki;PSG w Korczowej;Korczowa – Krakowiec (drogowe);Ukraina;Pojazdy;Osobowy;110000,00;;szt.;1,0000;Straż Graniczna
08.05.2024 23:30:00;Do RP;przejście;Nadbużański;PSG w Terespolu;Terespol – Brześć (drogowe);Białoruś;Płyn do e-papierosów;Płyn do e-papierosów;624,00;;litr;0,4800;KAS | SG
08.05.2024 23:30:00;Do RP;przejście;Nadbużański;PSG w Terespolu;Terespol – Brześć (drogowe);Białoruś;Inne;inna/inne;64,00;produkty pochodzenia zwierzęcego;kg;4,3000;KAS | SG
09.05.2024 00:00:00;Do RP;przejście;Warmińsko-Mazurski;PSG w Grzechotkach;Grzechotki – Mamonowo II (drogowe);Rosja;Papierosy;Papierosy;75,85;WINSTON X Style;szt.;93,0000;Straż Graniczna
09.05.2024 13:00:00;Z RP;przejście;Nadwiślański;PSG w Warszawie-Okęciu;Warszawa-Okęcie (lotnicze);lotnicza;Tytoń;krajanka tytoniowa;10560,00;AMBER LEAF;kg;12,0000;Straż Graniczna
09.05.2024 13:00:00;Z RP;przejście;Nadwiślański;PSG w Warszawie-Okęciu;Warszawa-Okęcie (lotnicze);lotnicza;Tytoń;krajanka tytoniowa;10560,00;AMBER LEAF;kg;12,0000;Straż Graniczna
09.05.2024 13:00:00;Z RP;przejście;Nadwiślański;PSG w Warszawie-Okęciu;Warszawa-Okęcie (lotnicze);lotnicza;Tytoń;krajanka tytoniowa;10560,00;;kg;12,0000;Straż Graniczna
09.05.2024 13:00:00;Z RP;przejście;Nadwiślański;PSG w Warszawie-Okęciu;Warszawa-Okęcie (lotnicze);lotnicza;Tytoń;krajanka tytoniowa;2640,00;;kg;3,0000;Straż Graniczna
09.05.2024 20:50:00;Z RP;strefa;Morski;PSG w Gdańsku;;lotnicza;Amunicja;Ostra;1,00;amunicja ostra  5,56 x 45 ;szt.;1,0000;inny | SG
09.05.2024 21:20:00;Do RP;przejście;Warmińsko-Mazurski;PSG w Bezledach;Bezledy – Bagrationowsk (drogowe);Rosja;Papierosy;Papierosy;32,62;w ramach SEO P/7/2024/1;szt.;40,0000;SC | SG
10.05.2024 09:00:00;Do RP;przejście;Bieszczadzki;PSG w Medyce;Medyka – Szeginie (drogowe);Ukraina;Alkohol;inna/inne;160,00;;litr;4,0000;KAS
10.05.2024 13:15:00;wewnątrz kraju;kraj;Nadodrzański;PSG w Jeleniej Górze;;wewnątrz kraju;Tytoń;susz tytoniowy;693108,00;Liście suszu tytoniowego pakowane w kostki około 30 kg/sztuka łacznie 38 sztuk.;kg;1184,8000;Straż Graniczna
10.05.2024 16:13:00;Do RP;przejście;Nadbużański;PSG w Hrebennem;Hrebenne – Rawa Ruska (drogowe);Ukraina;Tytoń;Tytoń do palenia;27,91;towary nowatorskie;kg;0,0477;Straż Graniczna
10.05.2024 17:00:00;Z RP;przejście;Karpacki;PSG w Krakowie-Balicach;Kraków-Balice (lotnicze);lotnicza;Amunicja;Ostra;4,00;;szt.;2,0000;Straż Graniczna
11.05.2024 08:15:00;Do RP;przejście;Nadbużański;PSG w Terespolu;Terespol – Brześć (drogowe);Białoruś;Papierosy;Papierosy;3262,16;;szt.;4000,0000;KAS | SG
11.05.2024 17:10:00;Do RP;przejście;Bieszczadzki;PSG w Medyce;Medyka – Szeginie (drogowe);Ukraina;Amunicja;Ostra;5,00;ujawniona aomunicja na NN;szt.;1,0000;Straż Graniczna
11.05.2024 17:20:00;Do RP;przejście;Bieszczadzki;PSG w Medyce;Medyka – Szeginie (drogowe);Ukraina;Narkotyki;Marihuana;54,68;ujawniono susz na NN;kg;0,0012;Straż Graniczna
11.05.2024 21:48:00;Do RP;przejście;Nadbużański;PSG w Terespolu;Kukuryki – Kozłowiczy (drogowe);Białoruś;Papierosy;Papierosy;652,43; wniosek SG do KAS numer 35 z dnia 11.05.2024r.,;szt.;800,0000;Straż Graniczna
12.05.2024 09:07:00;Z RP;strefa;Śląski;PSG w Katowicach-Pyrzowicach;Katowice-Pyrzowice (lotnicze);lotnicza;Broń;inna/inne;150,00;kastet;szt.;1,0000;Straż Graniczna
12.05.2024 14:00:00;Do RP;przejście;Nadbużański;PSG w Terespolu;Terespol – Brześć (drogowe);Białoruś;Papierosy;Papierosy;163,11;;szt.;200,0000;KAS | SG
12.05.2024 16:00:00;Do RP;przejście;Nadbużański;PSG w Hrebennem;Hrebenne – Rawa Ruska (drogowe);Ukraina;Papierosy;Papierosy;489,32;Ujawniono 30 paczek (600 szt.), uszczuplenia celne 1440zł.;szt.;600,0000;Straż Graniczna
12.05.2024 18:15:00;Do RP;przejście;Nadbużański;PSG w Terespolu;Kukuryki – Kozłowiczy (drogowe);Białoruś;Papierosy;Papierosy;1435,35;;szt.;1760,0000;Straż Graniczna
12.05.2024 19:25:00;Do RP;przejście;Nadbużański;PSG w Hrebennem;Hrebenne – Rawa Ruska (drogowe);Ukraina;Papierosy;Papierosy;146,80;Ujawniono 9 paczek (180 szt.) papierosów, uszczuplenia celne 243.00zł.;szt.;180,0000;Straż Graniczna
12.05.2024 20:50:00;Do RP;strefa;Nadodrzański;PSG w Świecku;;Niemcy;Narkotyki;Amfetamina;35,70;woreczek plastikowy z białym proszkiem;kg;0,0005;Straż Graniczna
12.05.2024 20:50:00;Do RP;strefa;Nadodrzański;PSG w Świecku;;Niemcy;Narkotyki;Amfetamina;56,00;kryształki o lekko zółtawym zabarwieniu zawinięte w folię aluminiową;kg;0,0008;Straż Graniczna
12.05.2024 20:50:00;Do RP;strefa;Nadodrzański;PSG w Świecku;;Niemcy;Narkotyki;Amfetamina;32,90;kryształki o lekko żółtawym zabarwieniu zawinięte w folię aluminiową;kg;0,0005;Straż Graniczna
12.05.2024 20:50:00;Do RP;strefa;Nadodrzański;PSG w Świecku;;Niemcy;Pojazdy;Osobowy;70000,00;Ford Kuga;szt.;1,0000;Straż Graniczna
13.05.2024 06:50:00;Do RP;przejście;Nadbużański;PSG w Hrubieszowie;Zosin – Ustiług (drogowe);Ukraina;Papierosy;Papierosy;146,80;;szt.;180,0000;Straż Graniczna
13.05.2024 07:45:00;Do RP;strefa;Nadodrzański;PSG w Świecku;;Niemcy;Narkotyki;Marihuana;170,55;;kg;0,0038;Straż Graniczna
13.05.2024 10:45:00;Z RP;przejście;Karpacki;PSG w Krakowie-Balicach;Kraków-Balice (lotnicze);lotnicza;Amunicja;Ostra;1,20;;szt.;1,0000;Straż Graniczna
13.05.2024 12:08:00;Z RP;przejście;Bieszczadzki;PSG w Lubaczowie;Budomierz – Hruszew (drogowe);Ukraina;Pojazdy;Osobowy;36000,00;;szt.;1,0000;Straż Graniczna
13.05.2024 12:15:00;Z RP;przejście;Nadodrzański;PSG w Poznaniu-Ławicy;Poznań-Ławica (lotnicze);lotnicza;Broń;inna/inne;50,00;Pałka teleskopowa;szt.;1,0000;Straż Graniczna
13.05.2024 12:25:00;Z RP;przejście;Karpacki;PSG w Krakowie-Balicach;Kraków-Balice (lotnicze);lotnicza;Amunicja;Ostra;3,60;;szt.;3,0000;Straż Graniczna
13.05.2024 13:50:00;Z RP;strefa;Śląski;PSG w Katowicach-Pyrzowicach;Katowice-Pyrzowice (lotnicze);lotnicza;Broń;inna/inne;150,00;kastet;szt.;1,0000;Straż Graniczna
14.05.2024 02:10:00;Z RP;przejście;Nadbużański;PSG w Hrebennem;Hrebenne – Rawa Ruska (drogowe);Ukraina;Pojazdy;inna/inne;1800,00;Rower marki STORM ;szt.;1,0000;Straż Graniczna
14.05.2024 02:10:00;Z RP;przejście;Nadbużański;PSG w Hrebennem;Hrebenne – Rawa Ruska (drogowe);Ukraina;Pojazdy;inna/inne;2000,00;Rower marki ROCKRIDER ;szt.;1,0000;Straż Graniczna
14.05.2024 02:10:00;Z RP;przejście;Nadbużański;PSG w Hrebennem;Hrebenne – Rawa Ruska (drogowe);Ukraina;Pojazdy;inna/inne;2200,00;Rower marki SPECIALIZED ;szt.;1,0000;Straż Graniczna
14.05.2024 02:10:00;Z RP;przejście;Nadbużański;PSG w Hrebennem;Hrebenne – Rawa Ruska (drogowe);Ukraina;Pojazdy;inna/inne;2000,00;Rower marki Kross;szt.;1,0000;Straż Graniczna
14.05.2024 02:10:00;Z RP;przejście;Nadbużański;PSG w Hrebennem;Hrebenne – Rawa Ruska (drogowe);Ukraina;Pojazdy;inna/inne;3000,00;Rower marki UNIBIKE  ;szt.;1,0000;Straż Graniczna
14.05.2024 02:10:00;Z RP;przejście;Nadbużański;PSG w Hrebennem;Hrebenne – Rawa Ruska (drogowe);Ukraina;Pojazdy;inna/inne;1700,00;Rower marki ROCKRIDER ;szt.;1,0000;Straż Graniczna
14.05.2024 06:15:00;Z RP;przejście;Karpacki;PSG w Krakowie-Balicach;Kraków-Balice (lotnicze);lotnicza;Amunicja;Ostra;2,00;;szt.;1,0000;Straż Graniczna
14.05.2024 07:08:00;Do RP;przejście;Nadbużański;PSG w Hrebennem;Hrebenne – Rawa Ruska (drogowe);Ukraina;Papierosy;Papierosy;130,49; ujawniono 8 paczek (160 szt.) papierosów uszczuplenia celne 216zł.;szt.;160,0000;Straż Graniczna
14.05.2024 07:08:00;Do RP;przejście;Nadbużański;PSG w Hrebennem;Hrebenne – Rawa Ruska (drogowe);Ukraina;Alkohol;Wódka;60,00;;litr;1,5000;Straż Graniczna
14.05.2024 08:00:00;wewnątrz kraju;strefa;Bieszczadzki;PSG w Krościenku;;Ukraina;Alkohol;Wódka;120,00;;litr;3,0000;Straż Graniczna
14.05.2024 08:00:00;wewnątrz kraju;strefa;Bieszczadzki;PSG w Krościenku;;Ukraina;Papierosy;Papierosy;48,93;Compliment;szt.;60,0000;Straż Graniczna
14.05.2024 12:00:00;wewnątrz kraju;strefa;Nadbużański;PSG w Terespolu;;Białoruś;Papierosy;Papierosy;342,53;;szt.;420,0000;SC | SG
14.05.2024 12:00:00;wewnątrz kraju;strefa;Nadbużański;PSG w Terespolu;;Białoruś;Tytoń;Tytoń do palenia (wkłady);;;szt.;160,0000;SC | SG
14.05.2024 12:00:00;wewnątrz kraju;strefa;Nadbużański;PSG w Terespolu;;Białoruś;Papierosy;Papierosy;65,24;;szt.;80,0000;SC | SG
14.05.2024 12:10:00;Do RP;przejście;Nadbużański;PSG w Hrebennem;Hrebenne – Rawa Ruska (drogowe);Ukraina;Broń;Gazowa;1500,00;broni gazowej marki RECH kaliber 8mm;szt.;1,0000;SC
14.05.2024 15:01:00;wewnątrz kraju;kraj;Karpacki;Wydział Operacyjno-Śledczy;;wewnątrz kraju;Narkotyki;Marihuana;336,15;;kg;0,0075;Straż Graniczna
14.05.2024 15:20:00;wewnątrz kraju;kraj;Nadbużański;Wydział Operacyjno-Śledczy;;wewnątrz kraju;Papierosy;Papierosy;289206,79;;szt.;354620,0000;SC | SG | SG
14.05.2024 15:20:00;wewnątrz kraju;kraj;Nadbużański;Wydział Operacyjno-Śledczy;;wewnątrz kraju;Tytoń;krajanka tytoniowa;304731,25;;kg;313,3000;SC | SG | SG
14.05.2024 15:20:00;wewnątrz kraju;kraj;Nadbużański;Wydział Operacyjno-Śledczy;;wewnątrz kraju;Tytoń;susz tytoniowy;482263,40;;kg;790,0000;SC | SG | SG
14.05.2024 15:20:00;wewnątrz kraju;kraj;Nadbużański;Wydział Operacyjno-Śledczy;;wewnątrz kraju;Inne;inna/inne;80000,00;2 maszyny do cięcia tytoniu;szt.;2,0000;SC | SG | SG
14.05.2024 15:20:00;wewnątrz kraju;kraj;Nadbużański;Wydział Operacyjno-Śledczy;;wewnątrz kraju;Inne;inna/inne;60000,00;maszyna typu owijarka tytoniowa;szt.;1,0000;SC | SG | SG
14.05.2024 15:20:00;wewnątrz kraju;kraj;Nadbużański;Wydział Operacyjno-Śledczy;;wewnątrz kraju;Tytoń;Tytoń;613742,15;melasa do fajek wodnych;kg;631,0000;SC | SG | SG
15.05.2024 00:30:00;Do RP;strefa;Nadodrzański;PSG w Świecku;;Niemcy;Narkotyki;Marihuana;129,15;;kg;0,0029;Kraj sąsiedni | Kraj sąsiedni
15.05.2024 04:59:00;Do RP;przejście;Nadbużański;PSG w Terespolu;Terespol – Brześć (drogowe);Białoruś;Waluta;Dolar amerykański - USD;119103,00;;szt.;30000,0000;Straż Graniczna
15.05.2024 16:20:00;Z RP;przejście;Nadbużański;PSG w Hrubieszowie;Zosin – Ustiług (drogowe);Ukraina;Pojazdy;Osobowy;35000,00;Kolor szary;szt.;1,0000;Straż Graniczna
15.05.2024 20:00:00;wewnątrz kraju;kraj;Nadwiślański;Wydział Operacyjno-Śledczy;;wewnątrz kraju;Narkotyki;Marihuana;5985000,00;worki strunowe owiniete czarną folią;kg;133,0000;Straż Graniczna
16.05.2024 05:50:00;Z RP;przejście;Karpacki;PSG w Krakowie-Balicach;Kraków-Balice (lotnicze);lotnicza;Amunicja;Ostra;1,00;1 szt. amunicji ostrej. ;szt.;1,0000;Straż Graniczna
16.05.2024 08:35:00;Z RP;przejście;Karpacki;PSG w Krakowie-Balicach;Kraków-Balice (lotnicze);lotnicza;Amunicja;Ostra;1,00;1 szt. amunucji ostrej bez oznaczeń;szt.;1,0000;Straż Graniczna
16.05.2024 09:00:00;wewnątrz kraju;strefa;Podlaski;PSG w Rutce-Tartak;;Litwa;Papierosy;Papierosy;20951,22;PSG Rutka-Tartak (50%) wartość- 14744.9632zł, ;szt.;25690,0000;Policja
16.05.2024 09:00:00;wewnątrz kraju;strefa;Podlaski;PSG w Rutce-Tartak;;Litwa;Papierosy;Papierosy;20951,22;KMP Suwałki (50%) - 14744.9632zł;szt.;25690,0000;Policja
16.05.2024 10:55:00;wewnątrz kraju;kraj;Nadwiślański;PSG w Łodzi;;wewnątrz kraju;Narkotyki;Marihuana;10,00;;kg;0,0003;Straż Graniczna
16.05.2024 13:15:00;Do RP;przejście;Nadbużański;PSG w Dołhobyczowie;Dołhobyczów – Uhrynów (drogowe);Ukraina;Broń;inna/inne;50,00;kastet;szt.;1,0000;SC | SG
16.05.2024 15:40:00;Do RP;przejście;Nadbużański;PSG w Dorohusku;Dorohusk – Jagodzin (drogowe);Ukraina;Narkotyki;Marihuana;22,50;;kg;0,0005;Straż Graniczna
16.05.2024 20:00:00;wewnątrz kraju;kraj;Śląski;PSG w Częstochowie;;wewnątrz kraju;Tytoń;krajanka tytoniowa;455275,21;;kg;558,2500;Straż Graniczna
16.05.2024 21:16:00;Do RP;strefa;Morski;PSG w Świnoujściu;;morska;Pojazdy;inna/inne;30000,00;Quad marki CFMOTO ;szt.;1,0000;Straż Graniczna
16.05.2024 21:16:00;Do RP;strefa;Morski;PSG w Świnoujściu;;morska;Inne;inna/inne;6000,00;Agregat prądotwórczy marki HONDA;szt.;1,0000;Straż Graniczna
16.05.2024 21:16:00;Do RP;strefa;Morski;PSG w Świnoujściu;;morska;Inne;inna/inne;4000,00;Niwelator marki TOPCON;szt.;1,0000;Straż Graniczna
16.05.2024 21:16:00;Do RP;strefa;Morski;PSG w Świnoujściu;;morska;Inne;inna/inne;45000,00;.Zagęszczarka marki WACKER NEUSON model DPU 6555 ;szt.;1,0000;Straż Graniczna
16.05.2024 21:16:00;Do RP;strefa;Morski;PSG w Świnoujściu;;morska;Inne;inna/inne;12000,00;Zagęszczarka WACKER NEUSON SUPRA BS60-2;szt.;1,0000;Straż Graniczna
16.05.2024 21:16:00;Do RP;strefa;Morski;PSG w Świnoujściu;;morska;Inne;inna/inne;8000,00;Rower górski marki: ORBEA;szt.;1,0000;Straż Graniczna
16.05.2024 21:16:00;Do RP;strefa;Morski;PSG w Świnoujściu;;morska;Inne;inna/inne;14000,00;Kosiarka Husqvarna model R16C;szt.;1,0000;Straż Graniczna
16.05.2024 23:50:00;Z RP;przejście;Nadbużański;PSG w Terespolu;Terespol – Brześć (drogowe);Białoruś;Pojazdy;Osobowy;60000,00;przerobiony nr VIN;szt.;1,0000;Straż Graniczna
17.05.2024 01:23:00;Z RP;przejście;Bieszczadzki;PSG w Medyce;Medyka – Szeginie (drogowe);Ukraina;Pojazdy;Osobowy;15000,00;Volkswagen Toureg ;szt.;1,0000;Straż Graniczna
17.05.2024 08:30:00;Do RP;przejście;Nadbużański;PSG w Dorohusku;Dorohusk – Jagodzin (drogowe);Ukraina;Papierosy;Papierosy;65,24;;szt.;80,0000;Straż Graniczna
17.05.2024 13:30:00;Do RP;przejście;Nadbużański;PSG w Terespolu;Kukuryki – Kozłowiczy (drogowe);Białoruś;Papierosy;Papierosy;1631,08;;szt.;2000,0000;Straż Graniczna
17.05.2024 21:29:00;wewnątrz kraju;strefa;Nadbużański;PSG w Dołhobyczowie;;Ukraina;Narkotyki;Amfetamina;55,00;pochodna amfetaminy;kg;0,0011;Straż Graniczna
17.05.2024 21:29:00;wewnątrz kraju;strefa;Nadbużański;PSG w Dołhobyczowie;;Ukraina;Narkotyki;Marihuana;30,50;;kg;0,0006;Straż Graniczna
18.05.2024 02:10:00;Do RP;przejście;Nadbużański;PSG w Terespolu;Kukuryki – Kozłowiczy (drogowe);Białoruś;Papierosy;Papierosy;978,65;;szt.;1200,0000;Straż Graniczna
18.05.2024 07:50:00;Do RP;przejście;Nadbużański;PSG w Terespolu;Kukuryki – Kozłowiczy (drogowe);Białoruś;Papierosy;Papierosy;489,32;;szt.;600,0000;Straż Graniczna
18.05.2024 07:50:00;Do RP;przejście;Nadbużański;PSG w Terespolu;Kukuryki – Kozłowiczy (drogowe);Białoruś;Alkohol;Wódka;50,00;;litr;1,0000;Straż Graniczna
18.05.2024 08:30:00;Z RP;strefa;Śląski;PSG w Katowicach-Pyrzowicach;Katowice-Pyrzowice (lotnicze);lotnicza;Broń;Gazowa;619,00;"Rewolwer ASG Ruger Superhawk 8""6mm czarny";szt.;1,0000;Straż Graniczna
18.05.2024 10:20:00;wewnątrz kraju;strefa;Nadodrzański;PSG w Tuplicach;;Niemcy;Inne;inna/inne;37750,00;Wyroby odzieżowe i obuwnicze z podrobionymi znakami towarowymi;szt.;125,0000;Straż Graniczna
19.05.2024 08:30:00;Do RP;strefa;Nadodrzański;PSG w Świecku;;Niemcy;Pojazdy;Osobowy;250000,00;Lexus RX450H;szt.;1,0000;Straż Graniczna
20.05.2024 02:25:00;Do RP;przejście;Nadbużański;PSG w Terespolu;Kukuryki – Kozłowiczy (drogowe);Białoruś;Papierosy;Papierosy;2446,62;;szt.;3000,0000;Straż Graniczna
20.05.2024 04:30:00;Do RP;przejście;Nadbużański;PSG w Terespolu;Kukuryki – Kozłowiczy (drogowe);Białoruś;Papierosy;Papierosy;815,54;;szt.;1000,0000;Straż Graniczna
20.05.2024 08:20:00;Do RP;przejście;Nadbużański;PSG w Hrebennem;Hrebenne – Rawa Ruska (drogowe);Ukraina;Papierosy;Papierosy;456,70;;szt.;560,0000;Straż Graniczna
20.05.2024 09:42:00;wewnątrz kraju;kraj;Karpacki;Wydział Operacyjno-Śledczy;;wewnątrz kraju;Zabytki;Ikona;;Obraz - dzieło historyczne;szt.;1,0000;Straż Graniczna
20.05.2024 14:00:00;wewnątrz kraju;strefa;Podlaski;PSG w Augustowie;;Białoruś;Pojazdy;Osobowy;450000,00;BMW ;szt.;1,0000;Straż Graniczna
20.05.2024 15:09:00;wewnątrz kraju;kraj;Karpacki;Wydział Operacyjno-Śledczy;;wewnątrz kraju;Inne;inna/inne;;pierścień (sygnet);szt.;2,0000;Straż Graniczna
20.05.2024 15:09:00;wewnątrz kraju;kraj;Karpacki;Wydział Operacyjno-Śledczy;;wewnątrz kraju;Inne;inna/inne;;kielich;szt.;2,0000;Straż Graniczna
20.05.2024 15:09:00;wewnątrz kraju;kraj;Karpacki;Wydział Operacyjno-Śledczy;;wewnątrz kraju;Inne;inna/inne;;zestaw (karafka + 6 kieliszków);szt.;1,0000;Straż Graniczna
20.05.2024 15:09:00;wewnątrz kraju;kraj;Karpacki;Wydział Operacyjno-Śledczy;;wewnątrz kraju;Inne;inna/inne;;duże kielichy;szt.;2,0000;Straż Graniczna
20.05.2024 15:09:00;wewnątrz kraju;kraj;Karpacki;Wydział Operacyjno-Śledczy;;wewnątrz kraju;Inne;inna/inne;;świeczniki żeliwne;szt.;2,0000;Straż Graniczna
21.05.2024 05:00:00;Do RP;przejście;Nadbużański;PSG w Terespolu;Terespol – Brześć (drogowe);Białoruś;Papierosy;Papierosy;456,70;;szt.;560,0000;KAS | SG
21.05.2024 11:00:00;Z RP;przejście;Warmińsko-Mazurski;PSG w Grzechotkach;Grzechotki – Mamonowo II (drogowe);Rosja;Amunicja;inna/inne;7133,70;łuski  marki LAPUA 300 Norma Mag  ;szt.;903,0000;SC | SG
21.05.2024 11:00:00;Z RP;przejście;Warmińsko-Mazurski;PSG w Grzechotkach;Grzechotki – Mamonowo II (drogowe);Rosja;Amunicja;inna/inne;1185,00;łuski  marki Norma 300 Win Mag ;szt.;150,0000;SC | SG
21.05.2024 11:00:00;Z RP;przejście;Warmińsko-Mazurski;PSG w Grzechotkach;Grzechotki – Mamonowo II (drogowe);Rosja;Amunicja;inna/inne;3989,50;łuski  marki LAPUA 30-06 ;szt.;505,0000;SC | SG
21.05.2024 11:00:00;Z RP;przejście;Warmińsko-Mazurski;PSG w Grzechotkach;Grzechotki – Mamonowo II (drogowe);Rosja;Amunicja;inna/inne;22341,20;łuski  marki LAPUA 6,5 CREEDMOR ;szt.;2828,0000;SC | SG
21.05.2024 11:00:00;Z RP;przejście;Warmińsko-Mazurski;PSG w Grzechotkach;Grzechotki – Mamonowo II (drogowe);Rosja;Amunicja;inna/inne;9600,00;pociski do nabojów  w workach foliowych bez napisów;szt.;4000,0000;SC | SG
21.05.2024 11:00:00;Z RP;przejście;Warmińsko-Mazurski;PSG w Grzechotkach;Grzechotki – Mamonowo II (drogowe);Rosja;Amunicja;inna/inne;1440,00;pociski marki Hormady SST30 CAL 165gr;szt.;600,0000;SC | SG
21.05.2024 11:00:00;Z RP;przejście;Warmińsko-Mazurski;PSG w Grzechotkach;Grzechotki – Mamonowo II (drogowe);Rosja;Amunicja;inna/inne;960,00;pociski marki BERGER 6,5mm 140/100;szt.;400,0000;SC | SG
21.05.2024 11:30:00;Do RP;przejście;Nadbużański;PSG w Terespolu;Terespol – Brześć (drogowe);Białoruś;Papierosy;Papierosy;326,22;;szt.;400,0000;Straż Graniczna
21.05.2024 12:30:00;wewnątrz kraju;kraj;Nadbużański;PSG w Terespolu;;wewnątrz kraju;Pojazdy;Osobowy;110000,00;TOYOTA RAV 4, nr rej. WM7565T, rok produkcji 2017, koloru białego, nr. VIN JTMWRREV90D035945;szt.;1,0000;Policja | SG
21.05.2024 18:00:00;wewnątrz kraju;kraj;Bieszczadzki;PSG w Rzeszowie–Jasionce;;wewnątrz kraju;Papierosy;Papierosy;833139,35;;szt.;1021580,0000;inny | Policja | SG
22.05.2024 12:20:00;wewnątrz kraju;kraj;Nadodrzański;PSG w Gorzowie Wielkopolskim;;wewnątrz kraju;Pojazdy;inna/inne;180000,00;Campervan;szt.;1,0000;Policja
22.05.2024 15:20:00;wewnątrz kraju;strefa;Nadodrzański;Wydział Operacyjno-Śledczy;;Niemcy;Papierosy;Papierosy;81554,00;;szt.;100000,0000;Straż Graniczna
22.05.2024 16:49:00;Do RP;przejście;Nadbużański;PSG w Terespolu;Kukuryki – Kozłowiczy (drogowe);Białoruś;Papierosy;Papierosy;1304,86;;szt.;1600,0000;Straż Graniczna
22.05.2024 18:03:00;wewnątrz kraju;kraj;Bieszczadzki;Wydział Operacyjno-Śledczy;;wewnątrz kraju;Inne;inna/inne;14000,00;piła do cięcia asfaltu marki Golz FS175, o numerze seryjnym 00301377, rok produkcji 2022;szt.;1,0000;Policja
22.05.2024 18:03:00;wewnątrz kraju;kraj;Bieszczadzki;Wydział Operacyjno-Śledczy;;wewnątrz kraju;Inne;inna/inne;4000,00;piła do cięcia betonu marki Stihl, o numerze seryjnym 191992995;szt.;1,0000;Policja
22.05.2024 18:03:00;wewnątrz kraju;kraj;Bieszczadzki;Wydział Operacyjno-Śledczy;;wewnątrz kraju;Inne;inna/inne;5000,00;zagęszczarkę marki Wacker Neuseon, o numerze seryjnym 5100030599;szt.;1,0000;Policja
22.05.2024 18:03:00;wewnątrz kraju;kraj;Bieszczadzki;Wydział Operacyjno-Śledczy;;wewnątrz kraju;Inne;inna/inne;4000,00;piłę do betonu marki Husqvarna, o numerze seryjnym 967348101;szt.;1,0000;Policja
22.05.2024 18:03:00;wewnątrz kraju;kraj;Bieszczadzki;Wydział Operacyjno-Śledczy;;wewnątrz kraju;Inne;inna/inne;2000,00;pilarka do drewna marki Stihl, o numerze seryjnym 11399673301;szt.;2,0000;Policja
22.05.2024 18:03:00;wewnątrz kraju;kraj;Bieszczadzki;Wydział Operacyjno-Śledczy;;wewnątrz kraju;Inne;inna/inne;500,00;piła szablasta marki Makita, o numerze seryjnym 0885417Y;szt.;1,0000;Policja
22.05.2024 18:03:00;wewnątrz kraju;kraj;Bieszczadzki;Wydział Operacyjno-Śledczy;;wewnątrz kraju;Inne;inna/inne;500,00;wiertarka marki Makita, o numerze seryjnym 0368935Y;szt.;1,0000;Policja
22.05.2024 22:30:00;Z RP;przejście;Nadwiślański;PSG w Warszawie-Okęciu;Warszawa-Okęcie (lotnicze);lotnicza;Amunicja;Ostra;;"""SIG LUGER 9 MM""";szt.;7,0000;Straż Graniczna
23.05.2024 00:05:00;Do RP;przejście;Nadbużański;PSG w Dorohusku;Dorohusk – Jagodzin (drogowe);Ukraina;Inne;inna/inne;;ZASTAWA STOŁOWA;szt.;44,0000;SC
23.05.2024 00:05:00;Do RP;przejście;Nadbużański;PSG w Dorohusku;Dorohusk – Jagodzin (drogowe);Ukraina;Inne;inna/inne;;BIŻUTERIA;szt.;11,0000;SC
23.05.2024 00:05:00;Do RP;przejście;Nadbużański;PSG w Dorohusku;Dorohusk – Jagodzin (drogowe);Ukraina;Inne;inna/inne;;szklanych ampułek z pojedynczą tabletką w środku koloru białego bez napisów i oznaczeń;szt.;300,0000;SC
23.05.2024 02:26:00;Do RP;przejście;Nadbużański;PSG w Hrebennem;Hrebenne – Rawa Ruska (drogowe);Ukraina;Papierosy;Papierosy;195,73;;szt.;240,0000;Straż Graniczna
23.05.2024 15:16:00;Z RP;przejście;Nadwiślański;PSG w Warszawie-Okęciu;Warszawa-Okęcie (lotnicze);lotnicza;Amunicja;Ostra;;"""S&B 9X19 17"" 9MM";szt.;1,0000;Straż Graniczna
23.05.2024 15:33:00;wewnątrz kraju;kraj;Bieszczadzki;Wydział Operacyjno-Śledczy;;wewnątrz kraju;Pojazdy;Osobowy;400000,00;Audi RS5;szt.;1,0000;Policja | inny | SG
23.05.2024 17:00:00;Do RP;przejście;Nadbużański;PSG w Terespolu;Terespol – Brześć (drogowe);Białoruś;Inne;inna/inne;180,00;Produkty pochodzenia zwierzęcego;kg;9,0000;KAS
23.05.2024 19:30:00;wewnątrz kraju;kraj;Morski;PSG w Gdańsku;;wewnątrz kraju;Narkotyki;Amfetamina;9806,70;;kg;0,3269;Straż Graniczna
23.05.2024 19:30:00;wewnątrz kraju;kraj;Morski;PSG w Gdańsku;;wewnątrz kraju;Narkotyki;Amfetamina;66510,60;;kg;2,2170;Straż Graniczna
23.05.2024 19:30:00;wewnątrz kraju;kraj;Morski;PSG w Gdańsku;;wewnątrz kraju;Waluta;Euro - EUR;5807,06;;szt.;1360,0000;Straż Graniczna
23.05.2024 19:30:00;wewnątrz kraju;kraj;Morski;PSG w Gdańsku;;wewnątrz kraju;Waluta;Złoty - PLN;5930,00;;szt.;5930,0000;Straż Graniczna
23.05.2024 22:40:00;Z RP;przejście;Warmińsko-Mazurski;PSG w Grzechotkach;Grzechotki – Mamonowo II (drogowe);Rosja;Inne;inna/inne;;części zamienne do samochodów ciężarowych i maszyn przemysłwoych;szt.;0,0000;Straż Graniczna
24.05.2024 02:00:00;Do RP;strefa;Nadodrzański;PSG w Świecku;;Niemcy;Narkotyki;Marihuana;470,25;;kg;0,0105;Straż Graniczna
24.05.2024 03:57:00;Do RP;przejście;Nadbużański;PSG w Terespolu;Terespol – Brześć (drogowe);Białoruś;Tytoń;Tytoń;1162,80;Tytoń do pałki wodnej;kg;1,4250;Straż Graniczna
24.05.2024 04:15:00;Do RP;przejście;Nadbużański;PSG w Terespolu;Terespol – Brześć (drogowe);Białoruś;Papierosy;Papierosy;114,18;;szt.;140,0000;Straż Graniczna
24.05.2024 10:40:00;Do RP;przejście;Nadbużański;PSG w Hrebennem;Hrebenne – Rawa Ruska (drogowe);Ukraina;Narkotyki;Marihuana;5,60;;kg;0,0001;Straż Graniczna
24.05.2024 16:10:00;Z RP;strefa;Śląski;PSG w Katowicach-Pyrzowicach;;lotnicza;Amunicja;Ostra;10,00;amunicja koloru srebrnego z miedzianym pociskiem z nacięciami z pomarańczowym wybrzuszeniem, na spodzie z wygrawerowanym napisem HORNADY 9mm LUGER+P;szt.;2,0000;Straż Graniczna
24.05.2024 16:20:00;Do RP;przejście;Nadbużański;PSG w Terespolu;Terespol – Brześć (drogowe);Białoruś;Papierosy;Papierosy;130,49;;szt.;160,0000;KAS
24.05.2024 16:30:00;Do RP;przejście;Nadbużański;PSG w Terespolu;Terespol – Brześć (drogowe);Białoruś;Tytoń;Tytoń do palenia;25,27;WYROBY NOWATORSKIE;kg;0,0432;KAS
24.05.2024 16:30:00;Do RP;przejście;Nadbużański;PSG w Terespolu;Terespol – Brześć (drogowe);Białoruś;Papierosy;Papierosy;130,49;;szt.;160,0000;KAS | SG
24.05.2024 17:00:00;Do RP;przejście;Nadbużański;PSG w Terespolu;Terespol – Brześć (drogowe);Białoruś;Płyn do e-papierosów;Płyn do e-papierosów;156,00;;litr;0,1200;KAS | SG
24.05.2024 17:30:00;Z RP;przejście;Nadodrzański;PSG w Poznaniu-Ławicy;Poznań-Ławica (lotnicze);lotnicza;Amunicja;Ostra;0,50;Nabój do broni sportowej LR22;szt.;1,0000;Straż Graniczna
24.05.2024 19:10:00;wewnątrz kraju;strefa;Nadbużański;PSG w Chłopiatynie;;Ukraina;Narkotyki;Marihuana;1330,65;;kg;0,0296;Policja
25.05.2024 11:51:00;Z RP;przejście;Śląski;PSG w Katowicach-Pyrzowicach;Katowice-Pyrzowice (lotnicze);lotnicza;Broń;inna/inne;150,00;kastet;szt.;1,0000;Straż Graniczna
25.05.2024 13:30:00;Z RP;przejście;Bieszczadzki;PSG w Korczowej;Korczowa – Krakowiec (drogowe);Ukraina;Pojazdy;Osobowy;70000,00;Hyundai SantaFe;szt.;1,0000;Straż Graniczna
25.05.2024 17:29:00;wewnątrz kraju;kraj;Bieszczadzki;PSG w Medyce;;wewnątrz kraju;Inne;inna/inne;11510,00;odzież, perfumy;szt.;557,0000;Straż Graniczna
25.05.2024 17:29:00;wewnątrz kraju;kraj;Bieszczadzki;PSG w Medyce;;wewnątrz kraju;Inne;inna/inne;659,97;perfumy;szt.;9,0000;Straż Graniczna
25.05.2024 17:29:00;wewnątrz kraju;kraj;Bieszczadzki;PSG w Medyce;;wewnątrz kraju;Inne;inna/inne;6464,88;odzież ,perfumy;szt.;216,0000;Straż Graniczna
25.05.2024 17:29:00;wewnątrz kraju;kraj;Bieszczadzki;PSG w Medyce;;wewnątrz kraju;Inne;inna/inne;40335,09;odzież, perfumu, zegarki;szt.;1015,0000;Straż Graniczna
26.05.2024 11:15:00;Z RP;przejście;Nadbużański;PSG w Hrubieszowie;Zosin – Ustiług (drogowe);Ukraina;Inne;Podzespoły samochodowe;10000,00;skrzynia biegów;szt.;1,0000;Straż Graniczna
26.05.2024 20:30:00;Z RP;przejście;Bieszczadzki;PSG w Korczowej;Korczowa – Krakowiec (drogowe);Ukraina;Pojazdy;Osobowy;250000,00;Mercedes CLS 220 ;szt.;1,0000;Straż Graniczna
27.05.2024 23:25:00;Do RP;przejście;Nadbużański;PSG w Terespolu;Kukuryki – Kozłowiczy (drogowe);Białoruś;Papierosy;Papierosy;1141,76;na wniosek SG do UC numer 43 z dnia 27.05.2024 r. ;szt.;1400,0000;Straż Graniczna
27.05.2024 23:54:00;Do RP;przejście;Warmińsko-Mazurski;PSG w Grzechotkach;Grzechotki – Mamonowo II (drogowe);Rosja;Pojazdy;Osobowy;200000,00;Mercedes nr rej.: WUEVR777;szt.;1,0000;Straż Graniczna
28.05.2024 09:20:00;wewnątrz kraju;kraj;Nadbużański;PSG w Terespolu;;wewnątrz kraju;Pojazdy;Osobowy;68000,00;KIA SPORTAGE, nr rej. WM 6173S, rok produkcji 2016, nr. VIN U5YPH813DGL012491;szt.;1,0000;Policja | SG
28.05.2024 17:20:00;wewnątrz kraju;kraj;Nadbużański;PSG w Terespolu;;wewnątrz kraju;Pojazdy;Osobowy;70000,00;HYUNDAI TUCSON IX35, nr rej. WF2428Y rok produkcji 2016, koloru białego nr. VIN TMAJ3815GHJ319744;szt.;1,0000;Policja
29.05.2024 07:00:00;Do RP;przejście;Nadbużański;PSG w Terespolu;Terespol – Brześć (drogowe);Białoruś;Papierosy;Papierosy;424,08;;szt.;520,0000;KAS | SG
29.05.2024 08:30:00;wewnątrz kraju;strefa;Nadbużański;PSG w Terespolu;;Białoruś;Pojazdy;Motocykl;50000,00;BMW;szt.;1,0000;Policja
29.05.2024 11:55:00;wewnątrz kraju;kraj;Warmińsko-Mazurski;PSG w Bezledach;;wewnątrz kraju;Pojazdy;Osobowy;100000,00;BMW O NR REJ GD9A349;szt.;1,0000;Policja | SG | Policja
29.05.2024 11:55:00;wewnątrz kraju;kraj;Warmińsko-Mazurski;PSG w Bezledach;;wewnątrz kraju;Pojazdy;Osobowy;40000,00;BMW O NR REJ.  GD564NN;szt.;1,0000;Policja | SG | Policja
29.05.2024 11:55:00;wewnątrz kraju;kraj;Warmińsko-Mazurski;PSG w Bezledach;;wewnątrz kraju;Pojazdy;Osobowy;130000,00;PEUGEOT O NR REJ. NEB57976;szt.;1,0000;Policja | SG | Policja
29.05.2024 12:10:00;Do RP;przejście;Nadbużański;PSG w Hrebennem;Hrebenne – Rawa Ruska (drogowe);Ukraina;Papierosy;Papierosy;70,14;Wniosek do KAS w Hrebennem nr 37, ujawniono 86 szt. papierosów , uszczuplenia celne 115zł ;szt.;86,0000;Straż Graniczna
29.05.2024 12:10:00;Do RP;przejście;Nadbużański;PSG w Hrebennem;Hrebenne – Rawa Ruska (drogowe);Ukraina;Tytoń;Tytoń do palenia;43,75;Wniosek do KAS w Hrebennem nr 37, ujawniono 74,79 grama wyrobów nowatorskich, uszczuplenia celne 87zł.;kg;0,0748;Straż Graniczna
29.05.2024 15:15:00;wewnątrz kraju;kraj;Nadodrzański;PSG w Zgorzelcu;;wewnątrz kraju;Pojazdy;Osobowy;130000,00;KIA ProCeed;szt.;1,0000;Policja
29.05.2024 21:40:00;Z RP;strefa;Nadodrzański;PSG w Świecku;;Niemcy;Pojazdy;Osobowy;130000,00;Renault Scenic;szt.;1,0000;Straż Graniczna
29.05.2024 21:40:00;Z RP;strefa;Nadodrzański;PSG w Świecku;;Niemcy;Narkotyki;Amfetamina;159,60;;kg;0,0023;Straż Graniczna
30.05.2024 02:30:00;Do RP;przejście;Nadbużański;PSG w Dołhobyczowie;Dołhobyczów – Uhrynów (drogowe);Ukraina;Broń;Palna;580,00;rewolwer ZBROIA PROFI 3”;szt.;1,0000;SC | SG
30.05.2024 02:30:00;Do RP;przejście;Nadbużański;PSG w Dołhobyczowie;Dołhobyczów – Uhrynów (drogowe);Ukraina;Amunicja;Ostra;;;szt.;191,0000;SC | SG
30.05.2024 03:50:00;Do RP;przejście;Nadbużański;PSG w Terespolu;Terespol – Brześć (drogowe);Białoruś;Papierosy;Papierosy;65,24;;szt.;80,0000;Straż Graniczna
30.05.2024 10:30:00;Do RP;przejście;Nadbużański;PSG w Dorohusku;Dorohusk – Jagodzin (drogowe);Ukraina;Broń;inna/inne;;GRANATIK RPG 22, ;szt.;1,0000;Straż Graniczna
30.05.2024 10:30:00;Do RP;przejście;Nadbużański;PSG w Dorohusku;Dorohusk – Jagodzin (drogowe);Ukraina;Broń;inna/inne;;ZASOBNIK NA POCISK ARTYLERYJSKI KALIBRU 155MM;szt.;1,0000;Straż Graniczna
30.05.2024 10:30:00;Do RP;przejście;Nadbużański;PSG w Dorohusku;Dorohusk – Jagodzin (drogowe);Ukraina;Broń;inna/inne;;ŁUSKA POCISKU ARTYLERYJSKIEGO KALIBRU 105 MM;szt.;1,0000;Straż Graniczna
30.05.2024 21:00:00;Do RP;przejście;Nadwiślański;PSG w Warszawie-Okęciu;Warszawa-Okęcie (lotnicze);lotnicza;Narkotyki;Marihuana;33750,00;trzy torby do próżniowego pakowania z zawartością suszu roślinnego o łącznej wadze ok. 750 g brutto;kg;0,7500;Straż Graniczna
31.05.2024 03:25:00;Do RP;przejście;Nadbużański;PSG w Dorohusku;Dorohusk – Jagodzin (drogowe);Ukraina;Papierosy;Papierosy;228,35;;szt.;280,0000;KAS | SG
31.05.2024 13:15:00;Z RP;przejście;Nadbużański;PSG w Hrubieszowie;Zosin – Ustiług (drogowe);Ukraina;Pojazdy;Naczepa;10000,00;LAWETA PRAGMATEK;szt.;1,0000;Straż Graniczna
31.05.2024 13:30:00;Z RP;przejście;Nadodrzański;PSG w Poznaniu-Ławicy;Poznań-Ławica (lotnicze);lotnicza;Amunicja;Ostra;2,40;9 mm WIN-LUGER;szt.;2,0000;Straż Graniczna
01.06.2024 07:38:00;wewnątrz kraju;kraj;Karpacki;PSG w Kielcach;;wewnątrz kraju;Alkohol;inna/inne;720,00;;litr;16,0000;Straż Graniczna
01.06.2024 07:38:00;wewnątrz kraju;kraj;Karpacki;PSG w Kielcach;;wewnątrz kraju;Alkohol;inna/inne;360,00;;litr;8,0000;Straż Graniczna
01.06.2024 16:20:00;Z RP;przejście;Nadodrzański;PSG w Poznaniu-Ławicy;Poznań-Ławica (lotnicze);lotnicza;Inne;inna/inne;100,00;pałka teleskopowa;szt.;1,0000;Straż Graniczna
01.06.2024 18:00:00;Z RP;przejście;Nadwiślański;PSG w Warszawie-Okęciu;Warszawa-Okęcie (lotnicze);lotnicza;Narkotyki;inna/inne;63225,00;susz roślinny koloru zielonego;kg;1,4050;Straż Graniczna
01.06.2024 22:39:00;Do RP;przejście;Nadbużański;PSG w Dorohusku;Dorohusk – Jagodzin (drogowe);Ukraina;Inne;inna/inne;;Dokument - Prawojazdy;szt.;3,0000;Straż Graniczna
02.06.2024 00:20:00;Z RP;przejście;Nadbużański;PSG w Hrubieszowie;Zosin – Ustiług (drogowe);Ukraina;Inne;Podzespoły samochodowe;6500,00;;szt.;1,0000;Straż Graniczna
02.06.2024 15:00:00;Do RP;strefa;Śląski;PSG w Katowicach-Pyrzowicach;;lotnicza;Narkotyki;Haszysz;670,20;;kg;0,0112;Straż Graniczna
02.06.2024 16:30:00;Do RP;przejście;Nadbużański;PSG w Hrebennem;Hrebenne – Rawa Ruska (drogowe);Ukraina;Amunicja;Ostra;2,00;  2 sztuki uszkodzonej amunicji bez zbitych spłonek  z napisemi  53989 i  18889  ;szt.;2,0000;Straż Graniczna
02.06.2024 19:00:00;Z RP;przejście;Nadbużański;PSG w Hrubieszowie;Zosin – Ustiług (drogowe);Ukraina;Pojazdy;Osobowy;120000,00;Honda;szt.;1,0000;Straż Graniczna
02.06.2024 21:20:00;Do RP;przejście;Nadbużański;PSG w Terespolu;Kukuryki – Kozłowiczy (drogowe);Białoruś;Papierosy;Papierosy;1304,86;;szt.;1600,0000;Straż Graniczna
02.06.2024 21:30:00;Do RP;strefa;Nadodrzański;PSG w Świecku;;Niemcy;Pojazdy;inna/inne;30000,00;BOBMARDIER;szt.;1,0000;Straż Graniczna
03.06.2024 01:37:00;wewnątrz kraju;strefa;Nadbużański;PSG w Terespolu;;Białoruś;Narkotyki;inna/inne;;metylofenidat;kg;0,0152;Straż Graniczna
03.06.2024 01:41:00;wewnątrz kraju;strefa;Nadbużański;PSG w Terespolu;;Białoruś;Narkotyki;inna/inne;;metylofenidat;kg;0,0020;Straż Graniczna
03.06.2024 03:30:00;Do RP;przejście;Bieszczadzki;PSG w Korczowej;Korczowa – Krakowiec (drogowe);Ukraina;Papierosy;Papierosy;277,28;;szt.;340,0000;Straż Graniczna
03.06.2024 04:52:00;wewnątrz kraju;strefa;Nadbużański;PSG w Terespolu;;Białoruś;Narkotyki;inna/inne;;Metylofenidat w postaci sypko-krystalicznej;kg;0,0132;Straż Graniczna
03.06.2024 06:53:00;wewnątrz kraju;kraj;Morski;PSG w Gdańsku;;wewnątrz kraju;Amunicja;inna/inne;70,00;Amunicja HsA 9mm P.A. ;szt.;25,0000;Straż Graniczna
03.06.2024 07:00:00;wewnątrz kraju;kraj;Morski;PSG w Szczecinie;;wewnątrz kraju;Amunicja;Ostra;19,20;9 mm Makarov;szt.;12,0000;Straż Graniczna
03.06.2024 09:40:00;Do RP;przejście;Nadbużański;PSG w Hrebennem;Hrebenne – Rawa Ruska (drogowe);Ukraina;Papierosy;Papierosy;326,22;W trakcie działań ujawniono 400szt. papierosów, uszczuplenia celne: 538,00zł.;szt.;400,0000;SC | SG
03.06.2024 14:45:00;Do RP;przejście;Nadbużański;PSG w Hrubieszowie;Zosin – Ustiług (drogowe);Ukraina;Papierosy;Papierosy;163,11;;szt.;200,0000;Straż Graniczna
03.06.2024 17:35:00;Do RP;przejście;Nadbużański;PSG w Terespolu;Terespol – Brześć (drogowe);Białoruś;Papierosy;Papierosy;1451,66;papierosy różnych marek;szt.;1780,0000;KAS
03.06.2024 21:00:00;Do RP;przejście;Nadbużański;PSG w Terespolu;Terespol – Brześć (drogowe);Białoruś;Papierosy;Papierosy;424,08;;szt.;520,0000;Straż Graniczna
03.06.2024 22:55:00;Do RP;przejście;Nadbużański;PSG w Dołhobyczowie;Dołhobyczów – Uhrynów (drogowe);Ukraina;Papierosy;Papierosy;163,11;;szt.;200,0000;Straż Graniczna
04.06.2024 02:49:00;Do RP;przejście;Nadbużański;PSG w Terespolu;Terespol – Brześć (drogowe);Białoruś;Papierosy;Papierosy;505,63;;szt.;620,0000;KAS
04.06.2024 05:00:00;wewnątrz kraju;kraj;Morski;PSG w Gdańsku;;wewnątrz kraju;Amunicja;Ostra;3,00;;szt.;1,0000;inny | SG
04.06.2024 06:00:00;wewnątrz kraju;kraj;Nadodrzański;PSG w Jeleniej Górze;;wewnątrz kraju;Papierosy;Papierosy;57707,61;;szt.;70760,0000;inny | SG
04.06.2024 06:00:00;wewnątrz kraju;kraj;Nadodrzański;PSG w Jeleniej Górze;;wewnątrz kraju;Papierosy;Papierosy;20845,20;;szt.;25560,0000;inny | SG
04.06.2024 06:00:00;wewnątrz kraju;strefa;Nadbużański;Wydział Operacyjno-Śledczy;;Ukraina;Narkotyki;Marihuana;11704,00;;kg;0,1672;Policja | SG | SG | SG
04.06.2024 06:00:00;wewnątrz kraju;strefa;Nadbużański;Wydział Operacyjno-Śledczy;;Ukraina;Narkotyki;Kokaina;2950,00;;kg;0,0059;Policja | SG | SG | SG
04.06.2024 06:00:00;wewnątrz kraju;strefa;Nadbużański;Wydział Operacyjno-Śledczy;;Ukraina;Narkotyki;inna/inne;200,00;2l toluenu i 0,5l metyloalaminy- prekursory do produkcji narkotyków;litr;2,5000;Policja | SG | SG | SG
04.06.2024 06:45:00;Z RP;przejście;Nadbużański;PSG w Dołhobyczowie;Dołhobyczów – Uhrynów (drogowe);Ukraina;Inne;inna/inne;;podrobione norweskie tablice rejestracyjne pojazdu  o wyróżniku EK15902;szt.;1,0000;Straż Graniczna
04.06.2024 07:45:00;Do RP;przejście;Nadbużański;PSG w Hrebennem;Hrebenne – Rawa Ruska (drogowe);Ukraina;Papierosy;Papierosy;163,11;Papierosy marki COMPLIMENT 200szt. ;szt.;200,0000;KAS | SG
04.06.2024 07:45:00;Do RP;przejście;Nadbużański;PSG w Hrebennem;Hrebenne – Rawa Ruska (drogowe);Ukraina;Tytoń;Tytoń do palenia;3,22;Wyroby nowatorskie 5.5g;kg;0,0055;KAS | SG
04.06.2024 07:45:00;Do RP;przejście;Nadbużański;PSG w Hrebennem;Hrebenne – Rawa Ruska (drogowe);Ukraina;Inne;inna/inne;92,00;Produkty pochodzenia zwierzęcego;kg;4,6000;KAS | SG
04.06.2024 09:20:00;Do RP;przejście;Nadwiślański;PSG w Warszawie-Okęciu;Warszawa-Okęcie (lotnicze);lotnicza;Narkotyki;Marihuana;549,90;;kg;0,0122;Straż Graniczna
04.06.2024 09:40:00;wewnątrz kraju;kraj;Nadodrzański;PSG w Poznaniu-Ławicy;;wewnątrz kraju;Tytoń;krajanka tytoniowa;157,15;susz roślinny w formie krajanki koloru brunatnego nieoznaczony znakami akcyzy skarbowej;kg;0,2686;Straż Graniczna
04.06.2024 09:40:00;wewnątrz kraju;kraj;Nadodrzański;PSG w Poznaniu-Ławicy;;wewnątrz kraju;Tytoń;krajanka tytoniowa;5382,18;susz roślinny w formie krajanki koloru brunatnego nieoznaczony znakami akcyzy skarbowej;kg;9,2000;Straż Graniczna
04.06.2024 09:40:00;wewnątrz kraju;kraj;Nadodrzański;PSG w Poznaniu-Ławicy;;wewnątrz kraju;Papierosy;Papierosy;304,20;;szt.;373,0000;Straż Graniczna
04.06.2024 11:13:00;Do RP;przejście;Nadbużański;PSG w Dorohusku;Dorohusk – Jagodzin (drogowe);Ukraina;Papierosy;Papierosy;81,55;;szt.;100,0000;Straż Graniczna
04.06.2024 11:26:00;Do RP;przejście;Nadbużański;PSG w Dorohusku;Dorohusk – Jagodzin (drogowe);Ukraina;Papierosy;Papierosy;114,18;;szt.;140,0000;Straż Graniczna
04.06.2024 11:45:00;Do RP;przejście;Nadbużański;PSG w Dorohusku;Dorohusk – Jagodzin (drogowe);Ukraina;Papierosy;Papierosy;81,55;;szt.;100,0000;Straż Graniczna
04.06.2024 20:00:00;Z RP;przejście;Nadbużański;PSG w Dołhobyczowie;Dołhobyczów – Uhrynów (drogowe);Ukraina;Pojazdy;inna/inne;12500,00;quad marki HONDA TRX 500, rok produkcji 2018;szt.;1,0000;Straż Graniczna
04.06.2024 23:14:00;wewnątrz kraju;kraj;Nadwiślański;Wydział Operacyjno-Śledczy;;wewnątrz kraju;Narkotyki;inna/inne;6525000,00;;kg;145,0000;Straż Graniczna
05.06.2024 00:05:00;Do RP;strefa;Podlaski;PSG w Rutce-Tartak;;Litwa;Papierosy;Papierosy;2299,82;I Referatu Zwalczania Przestępczości w Budzisku (100%);szt.;2820,0000;SC
05.06.2024 10:40:00;Z RP;przejście;Bieszczadzki;PSG w Medyce;Medyka – Szeginie (drogowe);Ukraina;Pojazdy;Osobowy;25000,00;Volkswagen Transporter;szt.;1,0000;Straż Graniczna
05.06.2024 12:30:00;Z RP;przejście;Bieszczadzki;PSG w Korczowej;Korczowa – Krakowiec (drogowe);Ukraina;Pojazdy;inna/inne;22000,00;rower;szt.;1,0000;Straż Graniczna
05.06.2024 19:50:00;Do RP;przejście;Nadbużański;PSG w Hrebennem;Hrebenne – Rawa Ruska (drogowe);Ukraina;Broń;Granat;;F1;szt.;2,0000;Straż Graniczna
05.06.2024 19:50:00;Do RP;przejście;Nadbużański;PSG w Hrebennem;Hrebenne – Rawa Ruska (drogowe);Ukraina;Inne;inna/inne;;dwa przedmioty przypominające stateczniki po wystrzelonym RPG - 7;szt.;2,0000;Straż Graniczna
05.06.2024 19:50:00;Do RP;przejście;Nadbużański;PSG w Hrebennem;Hrebenne – Rawa Ruska (drogowe);Ukraina;Inne;inna/inne;;sześć przedmiotów przypominajacych łuski do granatnika 40mm;szt.;6,0000;Straż Graniczna
05.06.2024 19:50:00;Do RP;przejście;Nadbużański;PSG w Hrebennem;Hrebenne – Rawa Ruska (drogowe);Ukraina;Inne;inna/inne;;przedmiot przypominający wyrzutnię przeciwpancerną RPG-75M;szt.;1,0000;Straż Graniczna
05.06.2024 19:50:00;Do RP;przejście;Nadbużański;PSG w Hrebennem;Hrebenne – Rawa Ruska (drogowe);Ukraina;Inne;inna/inne;;przedmiot przypominający zapalnik elektryczny z gwintem.;szt.;1,0000;Straż Graniczna
06.06.2024 05:15:00;Z RP;przejście;Morski;PSG w Gdańsku;Gdańsk-Rębiechowo (lotnicze);lotnicza;Amunicja;Ostra;2,70;7,62 mm;szt.;1,0000;Policja
06.06.2024 05:29:00;Z RP;przejście;Nadwiślański;PSG w Warszawie-Modlinie;Warszawa/Modlin (lotnicze);lotnicza;Amunicja;Ostra;;amunicja  kal.5,56x45;szt.;1,0000;Straż Graniczna
06.06.2024 07:30:00;wewnątrz kraju;strefa;Warmińsko-Mazurski;PSG w Grzechotkach;;Rosja;Papierosy;Papierosy;3392,65;;szt.;4160,0000;Straż Graniczna
06.06.2024 16:15:00;wewnątrz kraju;kraj;Morski;PSG w Gdyni;;wewnątrz kraju;Inne;inna/inne;;Prawo jazdy;szt.;1,0000;Straż Graniczna
06.06.2024 19:09:00;Do RP;przejście;Nadbużański;PSG w Terespolu;Terespol – Brześć (drogowe);Białoruś;Płyn do e-papierosów;Płyn do e-papierosów;117,00;;litr;0,0900;KAS
06.06.2024 19:40:00;Do RP;przejście;Nadwiślański;PSG w Warszawie-Okęciu;Warszawa-Okęcie (lotnicze);lotnicza;Narkotyki;Marihuana;11250,00;susz roślinny koloru zielonego;kg;0,2500;Straż Graniczna
06.06.2024 21:35:00;Z RP;przejście;Bieszczadzki;PSG w Medyce;Medyka – Szeginie (drogowe);Ukraina;Inne;Podzespoły samochodowe;40000,00;skrzynie biegów;szt.;8,0000;Straż Graniczna
06.06.2024 22:35:00;Z RP;przejście;Nadbużański;PSG w Hrubieszowie;Zosin – Ustiług (drogowe);Ukraina;Inne;Podzespoły samochodowe;5000,00;Pas przedni do samochodu Mercedes S.;szt.;1,0000;Straż Graniczna
07.06.2024 01:31:00;Do RP;przejście;Nadbużański;PSG w Terespolu;Terespol – Brześć (drogowe);Białoruś;Inne;inna/inne;60,00;PRODUKTY POCHODZENIA ZWIERZĘCEGO;kg;6,0000;KAS
07.06.2024 07:00:00;wewnątrz kraju;strefa;Podlaski;PSG w Bobrownikach;;Białoruś;Pojazdy;Osobowy;100000,00;SEAT;szt.;1,0000;Straż Graniczna
07.06.2024 10:40:00;wewnątrz kraju;strefa;Bieszczadzki;PSG w Lubaczowie;;Ukraina;Papierosy;Papierosy;1027,58;;szt.;1260,0000;Straż Graniczna
07.06.2024 10:40:00;wewnątrz kraju;strefa;Bieszczadzki;PSG w Lubaczowie;;Ukraina;Alkohol;Wódka;20,00;;litr;0,5000;Straż Graniczna
07.06.2024 11:41:00;Do RP;przejście;Nadbużański;PSG w Hrebennem;Hrebenne – Rawa Ruska (drogowe);Ukraina;Alkohol;Wódka;70,00;Wniosek do KAS nr 39 uszczuplenia celne 76 zł,;litr;2,0000;Straż Graniczna
07.06.2024 13:50:00;Z RP;strefa;Nadodrzański;PSG w Kłodzku;;Czechy;Narkotyki;inna/inne;1890,00;metamfetamina;kg;0,0105;Straż Graniczna
07.06.2024 13:50:00;Z RP;strefa;Nadodrzański;PSG w Kłodzku;;Czechy;Narkotyki;inna/inne;1260,00;metamfetamina;kg;0,0070;Straż Graniczna
07.06.2024 19:35:00;wewnątrz kraju;strefa;Bieszczadzki;PSG w Hermanowicach;;Ukraina;Pojazdy;Osobowy;387000,00;Porsche nr VIN: WP0ZZZ96ZKS400624 rok prod. 1989 ;szt.;1,0000;SC | Policja | SG
07.06.2024 19:35:00;wewnątrz kraju;strefa;Bieszczadzki;PSG w Hermanowicach;;Ukraina;Pojazdy;Osobowy;107500,00;Alfa Romeo 75 nr VIN: ZAR16200006241757 rok prod. 1991;szt.;1,0000;SC | Policja | SG
07.06.2024 19:35:00;wewnątrz kraju;strefa;Bieszczadzki;PSG w Hermanowicach;;Ukraina;Pojazdy;Osobowy;645000,00;Berlinetta Ferrari nr VIN: ZFFXR41B000108167 rok prod. 1997 ;szt.;1,0000;SC | Policja | SG
07.06.2024 19:35:00;wewnątrz kraju;strefa;Bieszczadzki;PSG w Hermanowicach;;Ukraina;Pojazdy;Osobowy;645000,00;Alfa Romeo Spider nr VIN: AR1020401122 rok prod. 1958 ;szt.;1,0000;SC | Policja | SG
07.06.2024 19:35:00;wewnątrz kraju;strefa;Bieszczadzki;PSG w Hermanowicach;;Ukraina;Pojazdy;Osobowy;1505000,00;Alfa Romeo GT nr VIN: AR775384 rok prod. 1969 ;szt.;1,0000;SC | Policja | SG
07.06.2024 19:35:00;wewnątrz kraju;strefa;Bieszczadzki;PSG w Hermanowicach;;Ukraina;Pojazdy;Osobowy;344000,00;Alfa Romeo GUILIA nr VIN: AR460201 rok prod. 1964;szt.;1,0000;SC | Policja | SG
07.06.2024 19:35:00;wewnątrz kraju;strefa;Bieszczadzki;PSG w Hermanowicach;;Ukraina;Pojazdy;Osobowy;645000,00;Alfa Romeo GUILIA nr VIN: 391006 rok prod. 1967 ;szt.;1,0000;SC | Policja | SG
07.06.2024 21:41:00;wewnątrz kraju;kraj;Warmińsko-Mazurski;Wydział Operacyjno-Śledczy;;wewnątrz kraju;Tytoń;susz tytoniowy;9606012,00;;kg;7800,0000;Straż Graniczna
08.06.2024 03:00:00;Z RP;przejście;Śląski;PSG w Katowicach-Pyrzowicach;Katowice-Pyrzowice (lotnicze);lotnicza;Amunicja;Ostra;0,90;amunicja koloru zielono brązowego;szt.;1,0000;Straż Graniczna
08.06.2024 03:25:00;wewnątrz kraju;kraj;Morski;PSG w Ustce;;wewnątrz kraju;Pojazdy;Ciężarowy;921000,00;Mercedes Sprinter;szt.;3,0000;Policja | SG
08.06.2024 03:25:00;wewnątrz kraju;kraj;Morski;PSG w Ustce;;wewnątrz kraju;Narkotyki;Amfetamina;8,50;;kg;0,0003;Policja | SG
08.06.2024 12:00:00;Z RP;przejście;Nadwiślański;PSG w Warszawie-Okęciu;Warszawa-Okęcie (lotnicze);lotnicza;Narkotyki;Marihuana;54,45;Dwa skręty papierosowe z suszem roślinnym;kg;0,0012;Straż Graniczna
08.06.2024 12:00:00;Z RP;przejście;Nadwiślański;PSG w Warszawie-Okęciu;Warszawa-Okęcie (lotnicze);lotnicza;Papierosy;Papierosy;200,62;;szt.;246,0000;Straż Graniczna
08.06.2024 12:30:00;Z RP;przejście;Nadbużański;PSG w Dorohusku;Dorohusk – Jagodzin (drogowe);Ukraina;Narkotyki;Marihuana;52,65;;kg;0,0012;Straż Graniczna
08.06.2024 12:30:00;Z RP;przejście;Nadbużański;PSG w Dorohusku;Dorohusk – Jagodzin (drogowe);Ukraina;Narkotyki;Amfetamina;156,80;MDMA;kg;0,0022;Straż Graniczna
08.06.2024 12:32:00;Z RP;przejście;Nadbużański;PSG w Dorohusku;Dorohusk – Jagodzin (drogowe);Ukraina;Narkotyki;Marihuana;19,80;;kg;0,0004;Straż Graniczna
08.06.2024 13:00:00;wewnątrz kraju;kraj;Nadbużański;Wydział Operacyjno-Śledczy;;wewnątrz kraju;Tytoń;krajanka tytoniowa;329478,16;;kg;404,0000;SC | SG
08.06.2024 22:50:00;Do RP;przejście;Nadbużański;PSG w Terespolu;Terespol – Brześć (drogowe);Białoruś;Papierosy;Papierosy;375,15;;szt.;460,0000;KAS
09.06.2024 08:14:00;Do RP;przejście;Nadbużański;PSG w Terespolu;Terespol – Brześć (drogowe);Białoruś;Papierosy;Papierosy;179,42;;szt.;220,0000;KAS | SG
09.06.2024 08:14:00;Do RP;przejście;Nadbużański;PSG w Terespolu;Terespol – Brześć (drogowe);Białoruś;Papierosy;Papierosy;228,35;;szt.;280,0000;KAS | SG
09.06.2024 22:45:00;Do RP;przejście;Nadbużański;PSG w Hrebennem;Hrebenne – Rawa Ruska (drogowe);Ukraina;Alkohol;inna/inne;49,00;rum;litr;1,4000;Straż Graniczna
10.06.2024 09:15:00;wewnątrz kraju;strefa;Warmińsko-Mazurski;PSG w Braniewie;;Rosja;Papierosy;Papierosy;130,49;160 sztuk papierosów bez polskiej akcyzy;szt.;160,0000;Straż Graniczna
10.06.2024 10:05:00;wewnątrz kraju;kraj;Warmińsko-Mazurski;PSG w Braniewie;;wewnątrz kraju;Papierosy;Papierosy;473013,20;;szt.;580000,0000;Straż Graniczna
10.06.2024 14:11:00;wewnątrz kraju;kraj;Nadwiślański;PSG w Warszawie-Modlinie;;wewnątrz kraju;Narkotyki;Marihuana;14,00;;kg;0,0003;Straż Graniczna
10.06.2024 14:40:00;wewnątrz kraju;kraj;Morski;PSG w Świnoujściu;;wewnątrz kraju;Pojazdy;Osobowy;70000,00;;szt.;1,0000;Straż Graniczna
10.06.2024 16:30:00;Do RP;przejście;Nadbużański;PSG w Terespolu;Terespol – Brześć (drogowe);Białoruś;Tytoń;Tytoń;5724,24;tytoń do fajki wodnej;kg;7,0150;KAS | SG
10.06.2024 18:50:00;Z RP;przejście;Bieszczadzki;PSG w Korczowej;Korczowa – Krakowiec (drogowe);Ukraina;Pojazdy;Osobowy;115000,00;Tesla;szt.;1,0000;Straż Graniczna
10.06.2024 19:00:00;wewnątrz kraju;kraj;Bieszczadzki;Wydział Operacyjno-Śledczy;;wewnątrz kraju;Inne;inna/inne;18000,00;Urządzenie wielofunkcyjne marki OKI PRO 9431;szt.;1,0000;Policja | SG
11.06.2024 00:40:00;Do RP;przejście;Nadbużański;PSG w Hrubieszowie;Zosin – Ustiług (drogowe);Ukraina;Papierosy;Papierosy;97,86;;szt.;120,0000;Straż Graniczna
11.06.2024 09:15:00;wewnątrz kraju;kraj;Nadbużański;PSG w Hrebennem;;wewnątrz kraju;Inne;inna/inne;2419220,00;Perfumy;szt.;6376,0000;KAS | Policja | SG
11.06.2024 09:15:00;wewnątrz kraju;kraj;Nadbużański;PSG w Hrebennem;;wewnątrz kraju;Tytoń;krajanka tytoniowa;37139,69;Tytoń do fajki wodnej 183 szt. opakowań;kg;45,5400;KAS | Policja | SG
11.06.2024 12:30:00;wewnątrz kraju;kraj;Nadodrzański;PSG w Gorzowie Wielkopolskim;;wewnątrz kraju;Narkotyki;Marihuana;385,65;;kg;0,0086;Straż Graniczna
11.06.2024 13:40:00;Z RP;przejście;Nadodrzański;PSG w Poznaniu-Ławicy;Poznań-Ławica (lotnicze);lotnicza;Amunicja;Ostra;13,50;kaliber 30.06;szt.;1,0000;Straż Graniczna
11.06.2024 14:26:00;Z RP;przejście;Śląski;PSG w Katowicach-Pyrzowicach;Katowice-Pyrzowice (lotnicze);lotnicza;Amunicja;Ostra;1,30;AMUNICJA KOLORU ŻÓŁTEGO;szt.;1,0000;Straż Graniczna
11.06.2024 17:01:00;Do RP;przejście;Nadbużański;PSG w Dorohusku;Dorohusk – Jagodzin (drogowe);Ukraina;Papierosy;Papierosy;103,57;;szt.;127,0000;Straż Graniczna
11.06.2024 18:09:00;Z RP;przejście;Nadodrzański;PSG w Poznaniu-Ławicy;Poznań-Ławica (lotnicze);lotnicza;Amunicja;Ostra;0,59;22 LR KBKS;szt.;1,0000;Straż Graniczna
12.06.2024 04:30:00;Z RP;przejście;Nadwiślański;PSG w Warszawie-Modlinie;Warszawa/Modlin (lotnicze);lotnicza;Amunicja;Ostra;;;szt.;1,0000;Straż Graniczna
12.06.2024 07:45:00;Z RP;przejście;Śląski;PSG w Katowicach-Pyrzowicach;Katowice-Pyrzowice (lotnicze);lotnicza;Amunicja;Ostra;1,30;AMUNICJA KOLORU ŻÓŁTEGO;szt.;1,0000;Straż Graniczna
12.06.2024 12:30:00;wewnątrz kraju;kraj;Nadbużański;Wydział Operacyjno-Śledczy;;wewnątrz kraju;Pojazdy;Osobowy;90000,00;Ford Kuga;szt.;1,0000;Policja | SG
12.06.2024 12:30:00;wewnątrz kraju;kraj;Nadbużański;Wydział Operacyjno-Śledczy;;wewnątrz kraju;Inne;Podzespoły samochodowe;92000,00;podzespoły samochodowe z 12 pojazdów marki Ford, VW, Mercedes, Jeep, Renault i BMW;szt.;500,0000;Policja | SG
12.06.2024 18:04:00;wewnątrz kraju;kraj;Nadwiślański;PSG w Warszawie;;wewnątrz kraju;Narkotyki;Marihuana;39,60;Susz roslinny koloru zielonego;kg;0,0011;Straż Graniczna
13.06.2024 05:00:00;Do RP;przejście;Nadbużański;PSG w Terespolu;Terespol – Brześć (drogowe);Białoruś;Papierosy;Papierosy;130,49;;szt.;160,0000;KAS | SG
13.06.2024 08:00:00;wewnątrz kraju;strefa;Nadbużański;PSG we Włodawie;;Białoruś;Papierosy;Papierosy;4730,13;Papierosy Marki QUEEN MENTHOL;szt.;5800,0000;Straż Graniczna
13.06.2024 08:00:00;wewnątrz kraju;strefa;Nadbużański;PSG we Włodawie;;Białoruś;Papierosy;Papierosy;619,81;Pamierosy marek: AMERICAN RED, BRISTOL, MARVEL;szt.;760,0000;Straż Graniczna
13.06.2024 12:29:00;wewnątrz kraju;strefa;Warmińsko-Mazurski;PSG w Grzechotkach;;Rosja;Papierosy;Papierosy;5610,92;przechowywanie;szt.;6880,0000;Straż Graniczna
13.06.2024 15:15:00;wewnątrz kraju;kraj;Bieszczadzki;PSG w Rzeszowie–Jasionce;;wewnątrz kraju;Narkotyki;Marihuana;196,00;;kg;0,0039;Policja | SG
13.06.2024 15:15:00;wewnątrz kraju;kraj;Bieszczadzki;PSG w Rzeszowie–Jasionce;;wewnątrz kraju;Narkotyki;inna/inne;45912,00;Metaamfetamina;kg;0,7652;Policja | SG
13.06.2024 17:38:00;Do RP;przejście;Nadbużański;PSG w Terespolu;Terespol – Brześć (drogowe);Białoruś;Inne;inna/inne;50,00;ŚRODKI FARMACEUTYCZNE;tabletka;100,0000;KAS | SG
13.06.2024 17:50:00;Do RP;przejście;Nadbużański;PSG w Terespolu;Terespol – Brześć (drogowe);Białoruś;Papierosy;Papierosy;456,70;;szt.;560,0000;Straż Graniczna
13.06.2024 19:20:00;Do RP;przejście;Nadbużański;PSG w Terespolu;Terespol – Brześć (drogowe);Białoruś;Papierosy;Papierosy;130,49;;szt.;160,0000;Straż Graniczna
13.06.2024 21:30:00;Do RP;przejście;Morski;PSG w Gdyni;Gdynia (morskie);morska;Inne;inna/inne;455,92;spawarka ESAB;szt.;1,0000;Straż Graniczna
13.06.2024 21:30:00;Do RP;przejście;Morski;PSG w Gdyni;Gdynia (morskie);morska;Inne;inna/inne;15678,00;kondensacyjny osuszacz powietrza;szt.;4,0000;Straż Graniczna
13.06.2024 21:30:00;Do RP;przejście;Morski;PSG w Gdyni;Gdynia (morskie);morska;Inne;inna/inne;1149,26;osuszacz pustki podpodłogowej;szt.;1,0000;Straż Graniczna
13.06.2024 21:30:00;Do RP;przejście;Morski;PSG w Gdyni;Gdynia (morskie);morska;Inne;inna/inne;3773,64;Niwelator laserowy;szt.;1,0000;Straż Graniczna
13.06.2024 21:30:00;Do RP;przejście;Morski;PSG w Gdyni;Gdynia (morskie);morska;Inne;inna/inne;1858,88;laser liniowy BOSCH;szt.;2,0000;Straż Graniczna
13.06.2024 21:30:00;Do RP;przejście;Morski;PSG w Gdyni;Gdynia (morskie);morska;Inne;inna/inne;1848,00;niwelator laserowy bez statywu;szt.;1,0000;Straż Graniczna
13.06.2024 21:30:00;Do RP;przejście;Morski;PSG w Gdyni;Gdynia (morskie);morska;Inne;inna/inne;1151,30;piła szablasta MILWAUKE;szt.;1,0000;Straż Graniczna
13.06.2024 21:30:00;Do RP;przejście;Morski;PSG w Gdyni;Gdynia (morskie);morska;Inne;inna/inne;432,00;szlifierka kątowa 125 mm akumulatorowa MILWAUKE;szt.;1,0000;Straż Graniczna
13.06.2024 21:30:00;Do RP;przejście;Morski;PSG w Gdyni;Gdynia (morskie);morska;Inne;inna/inne;681,30;wiertarko-wkrętarka udarowa akumulatorowa z ładowarką MILWAUKE;szt.;1,0000;Straż Graniczna
13.06.2024 21:30:00;Do RP;przejście;Morski;PSG w Gdyni;Gdynia (morskie);morska;Inne;inna/inne;626,40;wiertarko-wkrętarka udarowa akumulatorowa z ładowarką MILWAUKE;szt.;1,0000;Straż Graniczna
13.06.2024 21:30:00;Do RP;przejście;Morski;PSG w Gdyni;Gdynia (morskie);morska;Inne;inna/inne;626,40;wiertarko-wkrętarka udarowa akumulatorowa z ładowarką;szt.;1,0000;Straż Graniczna
13.06.2024 21:30:00;Do RP;przejście;Morski;PSG w Gdyni;Gdynia (morskie);morska;Inne;inna/inne;225,39;wiertarko-wkrętarka akumulatorowa z ładowarką;szt.;1,0000;Straż Graniczna
13.06.2024 21:30:00;Do RP;przejście;Morski;PSG w Gdyni;Gdynia (morskie);morska;Inne;inna/inne;239,41;klucz udarowy akumulatorowy;szt.;1,0000;Straż Graniczna
13.06.2024 21:30:00;Do RP;przejście;Morski;PSG w Gdyni;Gdynia (morskie);morska;Inne;inna/inne;543,90;nożyce obcinak do rur;szt.;1,0000;Straż Graniczna
13.06.2024 21:30:00;Do RP;przejście;Morski;PSG w Gdyni;Gdynia (morskie);morska;Inne;inna/inne;783,00;wiertarko-wkrętarka udarowa akumulatorowa z ładowarką;szt.;1,0000;Straż Graniczna
13.06.2024 21:30:00;Do RP;przejście;Morski;PSG w Gdyni;Gdynia (morskie);morska;Inne;inna/inne;153,72;klucz udarowy akumulatorowy bez aku;szt.;1,0000;Straż Graniczna
13.06.2024 21:30:00;Do RP;przejście;Morski;PSG w Gdyni;Gdynia (morskie);morska;Inne;inna/inne;1201,75;szlifierka kątowa 125 mm akumulatorowa;szt.;1,0000;Straż Graniczna
13.06.2024 21:30:00;Do RP;przejście;Morski;PSG w Gdyni;Gdynia (morskie);morska;Inne;inna/inne;383,19;młotowiertarka SDS bez aku;szt.;1,0000;Straż Graniczna
13.06.2024 21:30:00;Do RP;przejście;Morski;PSG w Gdyni;Gdynia (morskie);morska;Inne;inna/inne;179,60;wiertarko-wkrętarka udarowa akumulatorowa bez aku;szt.;1,0000;Straż Graniczna
13.06.2024 21:30:00;Do RP;przejście;Morski;PSG w Gdyni;Gdynia (morskie);morska;Inne;inna/inne;1462,16;młotowiertarka SDS Plus;szt.;1,0000;Straż Graniczna
13.06.2024 21:30:00;Do RP;przejście;Morski;PSG w Gdyni;Gdynia (morskie);morska;Inne;inna/inne;307,50;piła szablasta;szt.;1,0000;Straż Graniczna
13.06.2024 21:30:00;Do RP;przejście;Morski;PSG w Gdyni;Gdynia (morskie);morska;Inne;inna/inne;430,50;młot udarowo-obrotowy;szt.;1,0000;Straż Graniczna
13.06.2024 21:30:00;Do RP;przejście;Morski;PSG w Gdyni;Gdynia (morskie);morska;Inne;inna/inne;3768,68;bruzdownica;szt.;1,0000;Straż Graniczna
13.06.2024 21:30:00;Do RP;przejście;Morski;PSG w Gdyni;Gdynia (morskie);morska;Inne;inna/inne;297,50;ręczny dozownik kleju;szt.;1,0000;Straż Graniczna
13.06.2024 21:30:00;Do RP;przejście;Morski;PSG w Gdyni;Gdynia (morskie);morska;Inne;inna/inne;365,05;radio budowlane;szt.;1,0000;Straż Graniczna
13.06.2024 21:30:00;Do RP;przejście;Morski;PSG w Gdyni;Gdynia (morskie);morska;Inne;inna/inne;1818,43;młotowiertarka akumulatorowa;szt.;1,0000;Straż Graniczna
13.06.2024 21:30:00;Do RP;przejście;Morski;PSG w Gdyni;Gdynia (morskie);morska;Inne;inna/inne;3405,59;piła szablasta;szt.;1,0000;Straż Graniczna
13.06.2024 21:30:00;Do RP;przejście;Morski;PSG w Gdyni;Gdynia (morskie);morska;Inne;inna/inne;4572,09;młoto-wiertarka z walizką;szt.;1,0000;Straż Graniczna
13.06.2024 21:30:00;Do RP;przejście;Morski;PSG w Gdyni;Gdynia (morskie);morska;Inne;inna/inne;2665,77;lokalizator centrujący - 2 szt. w walizce;szt.;1,0000;Straż Graniczna
13.06.2024 21:30:00;Do RP;przejście;Morski;PSG w Gdyni;Gdynia (morskie);morska;Inne;inna/inne;2157,32;zakrętarka udarowa akumulatorowa z ładowarką i walizką;szt.;1,0000;Straż Graniczna
13.06.2024 21:30:00;Do RP;przejście;Morski;PSG w Gdyni;Gdynia (morskie);morska;Inne;inna/inne;2157,32;prostownik kompaktowy i akumulator 22V z walizką;szt.;1,0000;Straż Graniczna
13.06.2024 21:30:00;Do RP;przejście;Morski;PSG w Gdyni;Gdynia (morskie);morska;Inne;inna/inne;49,20;torba narzędziowa Millwaukee z elektronarzędziami;szt.;1,0000;Straż Graniczna
13.06.2024 21:30:00;Do RP;przejście;Morski;PSG w Gdyni;Gdynia (morskie);morska;Inne;inna/inne;1030,08;szlifierka kątowa akumulatorowa;szt.;1,0000;Straż Graniczna
13.06.2024 21:30:00;Do RP;przejście;Morski;PSG w Gdyni;Gdynia (morskie);morska;Inne;inna/inne;136,08;ładowarka;szt.;1,0000;Straż Graniczna
13.06.2024 21:30:00;Do RP;przejście;Morski;PSG w Gdyni;Gdynia (morskie);morska;Inne;inna/inne;143,64;akumulator;szt.;1,0000;Straż Graniczna
13.06.2024 21:30:00;Do RP;przejście;Morski;PSG w Gdyni;Gdynia (morskie);morska;Inne;inna/inne;143,64;akumulator;szt.;1,0000;Straż Graniczna
13.06.2024 21:30:00;Do RP;przejście;Morski;PSG w Gdyni;Gdynia (morskie);morska;Inne;inna/inne;23,76;otwornica;szt.;1,0000;Straż Graniczna
13.06.2024 21:30:00;Do RP;przejście;Morski;PSG w Gdyni;Gdynia (morskie);morska;Inne;inna/inne;88,20;klucz nastawny;szt.;1,0000;Straż Graniczna
13.06.2024 21:30:00;Do RP;przejście;Morski;PSG w Gdyni;Gdynia (morskie);morska;Inne;inna/inne;343,00;zestaw kluczy;szt.;1,0000;Straż Graniczna
13.06.2024 21:30:00;Do RP;przejście;Morski;PSG w Gdyni;Gdynia (morskie);morska;Inne;inna/inne;1428,00;poziomica laserowa;szt.;1,0000;Straż Graniczna
13.06.2024 21:30:00;Do RP;przejście;Morski;PSG w Gdyni;Gdynia (morskie);morska;Inne;inna/inne;487,20;zestaw kluczy;szt.;2,0000;Straż Graniczna
13.06.2024 21:30:00;Do RP;przejście;Morski;PSG w Gdyni;Gdynia (morskie);morska;Inne;inna/inne;1036,00;MŁOTOWIERTARKA DE WALT;szt.;1,0000;Straż Graniczna
13.06.2024 21:30:00;Do RP;przejście;Morski;PSG w Gdyni;Gdynia (morskie);morska;Inne;inna/inne;6436,80;WIERTNICA STACJONARNA WEKA;szt.;1,0000;Straż Graniczna
13.06.2024 21:30:00;Do RP;przejście;Morski;PSG w Gdyni;Gdynia (morskie);morska;Inne;inna/inne;4177,60;WIERTNICA STACJONARNA HUSQVARNA;szt.;1,0000;Straż Graniczna
13.06.2024 21:30:00;Do RP;przejście;Morski;PSG w Gdyni;Gdynia (morskie);morska;Inne;inna/inne;385,84;radio budowlane MAKITA;szt.;1,0000;Straż Graniczna
13.06.2024 21:30:00;Do RP;przejście;Morski;PSG w Gdyni;Gdynia (morskie);morska;Inne;inna/inne;999,18;GWINTOWNICA DO RUR REMS;szt.;1,0000;Straż Graniczna
13.06.2024 21:30:00;Do RP;przejście;Morski;PSG w Gdyni;Gdynia (morskie);morska;Inne;inna/inne;700,00;gwoździarka akumulatorowa z 2 bateriami i ładowarką;szt.;1,0000;Straż Graniczna
13.06.2024 21:30:00;Do RP;przejście;Morski;PSG w Gdyni;Gdynia (morskie);morska;Inne;inna/inne;79,95;wyrzynarka;szt.;1,0000;Straż Graniczna
13.06.2024 21:30:00;Do RP;przejście;Morski;PSG w Gdyni;Gdynia (morskie);morska;Inne;inna/inne;2099,59;akumulatorowa zaciskarka do rur;szt.;1,0000;Straż Graniczna
13.06.2024 21:30:00;Do RP;przejście;Morski;PSG w Gdyni;Gdynia (morskie);morska;Inne;inna/inne;3528,00;wiertnica stacjonarna;szt.;1,0000;Straż Graniczna
13.06.2024 21:30:00;Do RP;przejście;Morski;PSG w Gdyni;Gdynia (morskie);morska;Inne;inna/inne;614,61;pneumatyczna gwoździarka taśmowa;szt.;1,0000;Straż Graniczna
13.06.2024 21:30:00;Do RP;przejście;Morski;PSG w Gdyni;Gdynia (morskie);morska;Inne;inna/inne;147,60;zestaw metalowych kształtek;szt.;1,0000;Straż Graniczna
13.06.2024 21:30:00;Do RP;przejście;Morski;PSG w Gdyni;Gdynia (morskie);morska;Inne;inna/inne;2495,76;akumulatorowa wiązarka do zbrojeń;szt.;1,0000;Straż Graniczna
13.06.2024 21:30:00;Do RP;przejście;Morski;PSG w Gdyni;Gdynia (morskie);morska;Inne;inna/inne;307,50;zestaw kluczy;szt.;5,0000;Straż Graniczna
13.06.2024 21:30:00;Do RP;przejście;Morski;PSG w Gdyni;Gdynia (morskie);morska;Inne;inna/inne;104,40;torba narzędziowa Makita z elektronarzędziami;szt.;1,0000;Straż Graniczna
13.06.2024 21:30:00;Do RP;przejście;Morski;PSG w Gdyni;Gdynia (morskie);morska;Inne;inna/inne;498,15;akumulator;szt.;3,0000;Straż Graniczna
14.06.2024 06:30:00;wewnątrz kraju;strefa;Nadbużański;PSG w Chłopiatynie;;Ukraina;Narkotyki;Marihuana;1015,20;Susz roślinny kolloru zielonego ;kg;0,0226;Policja
14.06.2024 06:30:00;wewnątrz kraju;strefa;Nadbużański;PSG w Chłopiatynie;;Ukraina;Narkotyki;inna/inne;784,20;Skrystalizowana substancja koloru białego;kg;0,0131;Policja
14.06.2024 06:30:00;wewnątrz kraju;strefa;Nadbużański;PSG w Chłopiatynie;;Ukraina;Narkotyki;LSD;90,00;Tabletki koloru brązowego w kształcie wizerunku głowy putina z napisem PUTIN NL;tabletka;3,0000;Policja
14.06.2024 06:30:00;wewnątrz kraju;strefa;Nadbużański;PSG w Chłopiatynie;;Ukraina;Narkotyki;inna/inne;36,00;Substancja zawierająca produkty mefedronu;kg;0,0006;Policja
14.06.2024 08:30:00;Do RP;przejście;Bieszczadzki;PSG w Medyce;Przemyśl – Mościska (kolejowe);Ukraina;Papierosy;Papierosy;456,70;;szt.;560,0000;Straż Graniczna
14.06.2024 22:59:00;wewnątrz kraju;kraj;Bieszczadzki;Wydział Operacyjno-Śledczy;;wewnątrz kraju;Pojazdy;inna/inne;300000,00;pojazd specjalistyczny;szt.;1,0000;Policja | SG
15.06.2024 13:10:00;Z RP;przejście;Bieszczadzki;PSG w Medyce;Medyka – Szeginie (drogowe);Ukraina;Pojazdy;Osobowy;20000,00;;szt.;1,0000;Straż Graniczna
15.06.2024 13:30:00;wewnątrz kraju;kraj;Bieszczadzki;PSG w Lubaczowie;;wewnątrz kraju;Tytoń;susz tytoniowy;2779049,76;;kg;4750,3500;Straż Graniczna
15.06.2024 13:30:00;wewnątrz kraju;kraj;Bieszczadzki;PSG w Lubaczowie;;wewnątrz kraju;Tytoń;Tytoń do palenia;22143,01;;kg;37,8500;Straż Graniczna
15.06.2024 13:30:00;wewnątrz kraju;kraj;Bieszczadzki;PSG w Lubaczowie;;wewnątrz kraju;Inne;inna/inne;;odpad tytoniu poprodukcyjnego;kg;199,0500;Straż Graniczna
15.06.2024 13:30:00;wewnątrz kraju;kraj;Bieszczadzki;PSG w Lubaczowie;;wewnątrz kraju;Tytoń;susz tytoniowy;994,53;;kg;1,7000;Straż Graniczna
15.06.2024 13:30:00;wewnątrz kraju;kraj;Bieszczadzki;PSG w Lubaczowie;;wewnątrz kraju;Tytoń;Tytoń do palenia;9828,34;;kg;16,8000;Straż Graniczna
15.06.2024 13:30:00;wewnątrz kraju;kraj;Bieszczadzki;PSG w Lubaczowie;;wewnątrz kraju;Tytoń;susz tytoniowy;1015594,72;;kg;1736,0000;Straż Graniczna
15.06.2024 13:30:00;wewnątrz kraju;kraj;Bieszczadzki;PSG w Lubaczowie;;wewnątrz kraju;Tytoń;susz tytoniowy;1911640,60;;kg;3267,6500;Straż Graniczna
15.06.2024 15:45:00;Do RP;przejście;Nadbużański;PSG w Hrebennem;Hrebenne – Rawa Ruska (drogowe);Ukraina;Amunicja;Ostra;160,00;14  sztuk amunicji ostrej kalibru 7.62x51 oraz 6 sztuk amunicji ostrej smugowej kalibru 7.62x51 ;szt.;20,0000;Straż Graniczna
15.06.2024 15:45:00;Do RP;przejście;Nadbużański;PSG w Hrebennem;Hrebenne – Rawa Ruska (drogowe);Ukraina;Broń;inna/inne;100,00;magazynek ;szt.;1,0000;Straż Graniczna
16.06.2024 05:00:00;Z RP;przejście;Nadodrzański;PSG w Poznaniu-Ławicy;Poznań-Ławica (lotnicze);lotnicza;Narkotyki;inna/inne;1204,80;substancja o cechach MDMA;kg;0,0201;Straż Graniczna
16.06.2024 23:05:00;Z RP;przejście;Nadbużański;PSG w Terespolu;Terespol – Brześć (drogowe);Białoruś;Pojazdy;Osobowy;245000,00;pojazd marki Land Rover Velar, nr rej WPI3890L, nr VIN pojazdu: SALYA2BN6MA296848, kolor srebrny, rok produkcji 2021;szt.;1,0000;Straż Graniczna
16.06.2024 23:15:00;Do RP;przejście;Nadbużański;PSG w Hrebennem;Hrebenne – Rawa Ruska (drogowe);Ukraina;Broń;inna/inne;;Granatnik RPG-7;szt.;1,0000;Straż Graniczna
17.06.2024 00:05:00;Z RP;przejście;Nadbużański;PSG w Hrebennem;Hrebenne – Rawa Ruska (drogowe);Ukraina;Pojazdy;Osobowy;15000,00;Volswagen Golf V;szt.;1,0000;Straż Graniczna
17.06.2024 00:40:00;Do RP;przejście;Nadbużański;PSG w Terespolu;Terespol – Brześć (drogowe);Białoruś;Pojazdy;Motocykl;32000,00;motocykl marki Honda NC 750X , nr rej 7611AI1, nr VIN pojazdu: JH2RC90B7GK002449, kolor czerwono-czarny, rok produkcji 2016;szt.;1,0000;Straż Graniczna
17.06.2024 02:10:00;Do RP;przejście;Nadbużański;PSG w Terespolu;Terespol – Brześć (drogowe);Białoruś;Papierosy;Papierosy;130,49;;szt.;160,0000;KAS
17.06.2024 05:28:00;Do RP;przejście;Nadbużański;PSG w Dorohusku;Dorohusk – Jagodzin (drogowe);Ukraina;Papierosy;Papierosy;255,26;;szt.;313,0000;Straż Graniczna
17.06.2024 09:30:00;Do RP;przejście;Nadbużański;PSG w Terespolu;Kukuryki – Kozłowiczy (drogowe);Białoruś;Papierosy;Papierosy;1467,97;;szt.;1800,0000;Straż Graniczna
17.06.2024 10:26:00;Do RP;przejście;Nadbużański;PSG w Terespolu;Terespol – Brześć (drogowe);Białoruś;Papierosy;Papierosy;130,49;;szt.;160,0000;KAS | SG
17.06.2024 11:46:00;Z RP;przejście;Śląski;PSG w Katowicach-Pyrzowicach;Katowice-Pyrzowice (lotnicze);lotnicza;Amunicja;Ostra;2,70;S & B 5,56 X 45 16.;szt.;1,0000;Straż Graniczna
17.06.2024 12:56:00;Do RP;przejście;Nadbużański;PSG w Terespolu;Terespol – Brześć (drogowe);Białoruś;Inne;inna/inne;107,25;PRODUKTY POCHODZENIA ZWIERZĘCEGO;kg;7,1500;KAS | SG
17.06.2024 13:10:00;Do RP;przejście;Nadbużański;PSG w Terespolu;Kukuryki – Kozłowiczy (drogowe);Białoruś;Papierosy;Papierosy;652,43;;szt.;800,0000;Straż Graniczna
17.06.2024 13:50:00;Do RP;przejście;Bieszczadzki;PSG w Korczowej;Korczowa – Krakowiec (drogowe);Ukraina;Pojazdy;Naczepa;85000,00;KOGEL;szt.;1,0000;Straż Graniczna
17.06.2024 14:30:00;Do RP;przejście;Nadbużański;PSG w Dołhobyczowie;Dołhobyczów – Uhrynów (drogowe);Ukraina;Papierosy;Papierosy;48,93;;szt.;60,0000;SC
17.06.2024 20:00:00;wewnątrz kraju;kraj;Morski;PSG we Władysławowie;;wewnątrz kraju;Narkotyki;Amfetamina;910,00;;kg;0,0130;Policja | SG | SG
17.06.2024 20:00:00;wewnątrz kraju;kraj;Morski;PSG we Władysławowie;;wewnątrz kraju;Narkotyki;inna/inne;825,00;Mefedron;kg;0,0110;Policja | SG | SG
17.06.2024 20:00:00;wewnątrz kraju;kraj;Morski;PSG we Władysławowie;;wewnątrz kraju;Narkotyki;Marihuana;495,00;;kg;0,0110;Policja | SG | SG
17.06.2024 20:00:00;wewnątrz kraju;kraj;Morski;PSG we Władysławowie;;wewnątrz kraju;Narkotyki;inna/inne;144060,00;Biała zbrylona substancja;kg;2,0580;Policja | SG | SG
18.06.2024 01:00:00;Do RP;przejście;Bieszczadzki;PSG w Korczowej;Korczowa – Krakowiec (drogowe);Ukraina;Papierosy;Papierosy;277,28;różnej marki;szt.;340,0000;Straż Graniczna
18.06.2024 06:00:00;Do RP;przejście;Nadbużański;PSG w Terespolu;Kukuryki – Kozłowiczy (drogowe);Białoruś;Papierosy;Papierosy;1304,86;;szt.;1600,0000;Straż Graniczna
18.06.2024 07:00:00;wewnątrz kraju;kraj;Nadbużański;PSG w Terespolu;;wewnątrz kraju;Pojazdy;Osobowy;140000,00;KIA PROCEED o nr rej. WM6746S;szt.;1,0000;Policja
18.06.2024 07:00:00;wewnątrz kraju;kraj;Nadbużański;PSG w Terespolu;;wewnątrz kraju;Pojazdy;Osobowy;110000,00;KIA XCID o nr rej. WM6846S;szt.;1,0000;Policja
18.06.2024 07:00:00;wewnątrz kraju;kraj;Nadbużański;PSG w Terespolu;;wewnątrz kraju;Pojazdy;Osobowy;30000,00; MERCED-MENZ SPRINTER 408 CDI o nr rej. WX554YT;szt.;1,0000;Policja
18.06.2024 07:00:00;wewnątrz kraju;kraj;Nadbużański;PSG w Terespolu;;wewnątrz kraju;Inne;Podzespoły samochodowe;15000,00;silnik wraz ze skrzynią biegów;szt.;1,0000;Policja
18.06.2024 07:00:00;wewnątrz kraju;kraj;Nadbużański;PSG w Terespolu;;wewnątrz kraju;Inne;Podzespoły samochodowe;15000,00;silnik wraz ze skrzynią biegów;szt.;1,0000;Policja
18.06.2024 07:00:00;wewnątrz kraju;kraj;Nadbużański;PSG w Terespolu;;wewnątrz kraju;Inne;Podzespoły samochodowe;15000,00;wyposażenie pojazdu marki AUDI ASQ7;szt.;1,0000;Policja
18.06.2024 16:58:00;Z RP;przejście;Warmińsko-Mazurski;PSG w Grzechotkach;Grzechotki – Mamonowo II (drogowe);Rosja;Amunicja;inna/inne;;Łuski ;szt.;1450,0000;Straż Graniczna
18.06.2024 17:00:00;Z RP;przejście;Warmińsko-Mazurski;PSG w Grzechotkach;Grzechotki – Mamonowo II (drogowe);Rosja;Amunicja;inna/inne;1580,00;Łuksi;szt.;200,0000;Straż Graniczna
18.06.2024 17:00:00;Z RP;przejście;Warmińsko-Mazurski;PSG w Grzechotkach;Grzechotki – Mamonowo II (drogowe);Rosja;Amunicja;inna/inne;4320,00;Pociski;szt.;1800,0000;Straż Graniczna
18.06.2024 18:10:00;Do RP;przejście;Nadbużański;PSG w Terespolu;Terespol – Brześć (drogowe);Białoruś;Alkohol;Wódka;90,00;Wniosek SG do KAS nr 57;litr;3,0000;Straż Graniczna
19.06.2024 03:51:00;Do RP;przejście;Nadbużański;PSG w Terespolu;Kukuryki – Kozłowiczy (drogowe);Białoruś;Papierosy;Papierosy;309,91;;szt.;380,0000;Straż Graniczna
19.06.2024 04:03:00;Do RP;przejście;Nadbużański;PSG w Terespolu;Kukuryki – Kozłowiczy (drogowe);Białoruś;Papierosy;Papierosy;1598,46;;szt.;1960,0000;Straż Graniczna
19.06.2024 04:09:00;Do RP;przejście;Nadbużański;PSG w Terespolu;Kukuryki – Kozłowiczy (drogowe);Białoruś;Papierosy;Papierosy;489,32;;szt.;600,0000;Straż Graniczna
19.06.2024 04:09:00;Do RP;przejście;Nadbużański;PSG w Terespolu;Kukuryki – Kozłowiczy (drogowe);Białoruś;Alkohol;Wódka;60,00;;litr;2,0000;Straż Graniczna
19.06.2024 10:00:00;wewnątrz kraju;kraj;Morski;PSG w Świnoujściu;;wewnątrz kraju;Pojazdy;Osobowy;70000,00;Mazda 3;szt.;1,0000;Straż Graniczna
19.06.2024 12:30:00;Do RP;przejście;Nadbużański;PSG w Hrebennem;Hrebenne – Rawa Ruska (drogowe);Ukraina;Broń;inna/inne;;Naziemna wyrzutnia pocisków kierowanych FMG-148C;szt.;1,0000;Straż Graniczna
19.06.2024 12:30:00;Do RP;przejście;Nadbużański;PSG w Hrebennem;Hrebenne – Rawa Ruska (drogowe);Ukraina;Alkohol;Wódka;109,20;;litr;3,1200;Straż Graniczna
19.06.2024 12:30:00;Do RP;przejście;Nadbużański;PSG w Hrebennem;Hrebenne – Rawa Ruska (drogowe);Ukraina;Papierosy;Papierosy;97,86;;szt.;120,0000;Straż Graniczna
19.06.2024 13:15:00;Do RP;strefa;Nadodrzański;PSG w Świecku;;Niemcy;Pojazdy;Osobowy;50000,00;BMW X3;szt.;1,0000;Straż Graniczna
19.06.2024 13:25:00;Do RP;przejście;Nadbużański;PSG w Terespolu;Terespol – Brześć (drogowe);Białoruś;Papierosy;Papierosy;80738,46;;szt.;99000,0000;KAS
19.06.2024 22:30:00;Do RP;przejście;Nadbużański;PSG w Dorohusku;Dorohusk – Jagodzin (drogowe);Ukraina;Amunicja;Ostra;84,00;5,56x45 mm;szt.;28,0000;KAS
19.06.2024 23:50:00;Do RP;przejście;Nadbużański;PSG w Hrubieszowie;Zosin – Ustiług (drogowe);Ukraina;Papierosy;Papierosy;228,35;;szt.;280,0000;Straż Graniczna
20.06.2024 13:20:00;Do RP;przejście;Nadbużański;PSG w Hrebennem;Hrebenne – Rawa Ruska (drogowe);Ukraina;Materiały niebezpieczne;Materiały wybuchowe;86,03;Proch czarny;kg;0,1721;Straż Graniczna
20.06.2024 13:20:00;Do RP;przejście;Nadbużański;PSG w Hrebennem;Hrebenne – Rawa Ruska (drogowe);Ukraina;Broń;Palna;4000,00;Pistolet czarnoprochowy cal. 44 i 45;szt.;2,0000;Straż Graniczna
20.06.2024 14:01:00;Z RP;strefa;Śląski;PSG w Katowicach-Pyrzowicach;;lotnicza;Narkotyki;Marihuana;327,53;Marihuana medyczna;kg;0,0150;Straż Graniczna
20.06.2024 17:50:00;Do RP;przejście;Nadbużański;PSG w Dorohusku;Dorohusk – Jagodzin (drogowe);Ukraina;Papierosy;Papierosy;260,97;;szt.;320,0000;Straż Graniczna
20.06.2024 17:50:00;Do RP;przejście;Nadbużański;PSG w Dorohusku;Dorohusk – Jagodzin (drogowe);Ukraina;Tytoń;Tytoń do palenia;12,64;wyroby nowatorskie;kg;0,0216;Straż Graniczna
20.06.2024 19:00:00;Do RP;przejście;Nadbużański;PSG w Terespolu;Kukuryki – Kozłowiczy (drogowe);Białoruś;Papierosy;Papierosy;2609,73;;szt.;3200,0000;Straż Graniczna
20.06.2024 19:16:00;Do RP;strefa;Śląski;PSG w Rudzie Śląskiej;;Czechy;Narkotyki;Marihuana;71348,00;;kg;1,7837;Straż Graniczna
20.06.2024 19:16:00;Do RP;strefa;Śląski;PSG w Rudzie Śląskiej;;Czechy;Broń;inna/inne;300,00;"przedmiot przypominający rewolwer, na dwóch eleatach przy lufie wybite cyfry ""88"", bębenek rewolweru pusty";szt.;1,0000;Straż Graniczna
20.06.2024 19:55:00;Z RP;przejście;Karpacki;PSG w Krakowie-Balicach;Kraków-Balice (lotnicze);lotnicza;Amunicja;Ostra;1,00;;szt.;1,0000;Straż Graniczna
20.06.2024 22:56:00;wewnątrz kraju;kraj;Podlaski;Wydział Operacyjno-Śledczy;;wewnątrz kraju;Papierosy;Papierosy;4816726,04;wyroby tytoniowe posiadające białoruskie znaki skarbowe (50 % udziału Straż Graniczna);szt.;5906180,0000;Straż Graniczna
20.06.2024 22:56:00;wewnątrz kraju;kraj;Podlaski;Wydział Operacyjno-Śledczy;;wewnątrz kraju;Papierosy;Papierosy;2408363,02;towar zbezpieczony przez Podlaski Urząd Skarbowy 25%;szt.;2953090,0000;Straż Graniczna
20.06.2024 22:56:00;wewnątrz kraju;kraj;Podlaski;Wydział Operacyjno-Śledczy;;wewnątrz kraju;Papierosy;Papierosy;2408363,02;Towar zabezpieczony przez Lubelski Urząd celno- Skarbowy- 25%;szt.;2953090,0000;Straż Graniczna
21.06.2024 00:35:00;Z RP;przejście;Nadbużański;PSG w Terespolu;Terespol – Brześć (drogowe);Białoruś;Pojazdy;Osobowy;60000,00;Ford ECOSPORT/JK8 nr rej. I33JL23,nr.VIN WF01XXERK1MC81043, kolor srebrny, rok produkcji 2021;szt.;1,0000;Straż Graniczna
21.06.2024 08:00:00;Do RP;przejście;Nadbużański;PSG w Hrebennem;Hrebenne – Rawa Ruska (drogowe);Ukraina;Broń;inna/inne;70,00;broń biała w postaci pałki teleskopowej metalowej ;szt.;1,0000;Straż Graniczna
21.06.2024 21:35:00;Do RP;przejście;Nadbużański;PSG w Terespolu;Terespol – Brześć (drogowe);Białoruś;Papierosy;Papierosy;228,35;;szt.;280,0000;KAS
21.06.2024 21:35:00;Do RP;przejście;Nadbużański;PSG w Terespolu;Terespol – Brześć (drogowe);Białoruś;Płyn do e-papierosów;Płyn do e-papierosów;78,00;;litr;0,0600;KAS
21.06.2024 21:35:00;Do RP;przejście;Nadbużański;PSG w Terespolu;Terespol – Brześć (drogowe);Białoruś;Inne;inna/inne;25,50;produkty pochodzenia zwierzęcego;kg;2,5500;KAS
21.06.2024 21:35:00;Do RP;przejście;Nadbużański;PSG w Terespolu;Terespol – Brześć (drogowe);Białoruś;Inne;inna/inne;39,00;produkty pochodzenia zwierzęcego;kg;3,9000;KAS
21.06.2024 21:35:00;Do RP;przejście;Nadbużański;PSG w Terespolu;Terespol – Brześć (drogowe);Białoruś;Papierosy;Papierosy;195,73;;szt.;240,0000;KAS
21.06.2024 21:35:00;Do RP;przejście;Nadbużański;PSG w Terespolu;Terespol – Brześć (drogowe);Białoruś;Inne;inna/inne;29,50;produkty pochodzodzenia zwierzęcego;kg;2,9500;KAS
21.06.2024 23:50:00;Do RP;przejście;Nadbużański;PSG w Terespolu;Kukuryki – Kozłowiczy (drogowe);Białoruś;Papierosy;Papierosy;1467,97;na wniosek SG do KAS numer 52 z dnia 21.06.2024 r. ;szt.;1800,0000;Straż Graniczna
22.06.2024 00:05:00;Z RP;przejście;Bieszczadzki;PSG w Medyce;Medyka – Szeginie (drogowe);Ukraina;Pojazdy;Osobowy;60000,00;Toyota Hilux;szt.;1,0000;Straż Graniczna
22.06.2024 08:16:00;Do RP;przejście;Nadbużański;PSG w Terespolu;Kukuryki – Kozłowiczy (drogowe);Białoruś;Papierosy;Papierosy;2120,40;;szt.;2600,0000;Straż Graniczna
22.06.2024 10:15:00;Z RP;przejście;Nadbużański;PSG w Hrubieszowie;Zosin – Ustiług (drogowe);Ukraina;Odpady i materiały szkodliwe bądź promieniotwórcze;inna/inne;37000,00;CERTYFICATE OF DESTRUCTION-pojazd zakwalifikowany jako odpad;szt.;1,0000;Straż Graniczna
22.06.2024 14:50:00;Z RP;przejście;Nadbużański;PSG w Dorohusku;Dorohusk – Jagodzin (drogowe);Ukraina;Narkotyki;Marihuana;31,50;;kg;0,0007;Straż Graniczna
22.06.2024 17:46:00;Z RP;przejście;Bieszczadzki;PSG w Medyce;Medyka – Szeginie (drogowe);Ukraina;Inne;Podzespoły samochodowe;1500,00;ćwiartka karoserii z Audi SQ5 ;szt.;1,0000;Straż Graniczna
22.06.2024 17:46:00;Z RP;przejście;Bieszczadzki;PSG w Medyce;Medyka – Szeginie (drogowe);Ukraina;Inne;Podzespoły samochodowe;500,00;tunel skrzyni biegów;szt.;1,0000;Straż Graniczna
22.06.2024 17:46:00;Z RP;przejście;Bieszczadzki;PSG w Medyce;Medyka – Szeginie (drogowe);Ukraina;Inne;Podzespoły samochodowe;1500,00;prawa ćwiartka karoserii z Audi Q 5 ;szt.;1,0000;Straż Graniczna
22.06.2024 17:46:00;Z RP;przejście;Bieszczadzki;PSG w Medyce;Medyka – Szeginie (drogowe);Ukraina;Inne;Podzespoły samochodowe;2500,00;wał napędowy ;szt.;5,0000;Straż Graniczna
22.06.2024 17:46:00;Z RP;przejście;Bieszczadzki;PSG w Medyce;Medyka – Szeginie (drogowe);Ukraina;Inne;Podzespoły samochodowe;100,00;element nawiewu powietrza;szt.;1,0000;Straż Graniczna
22.06.2024 17:46:00;Z RP;przejście;Bieszczadzki;PSG w Medyce;Medyka – Szeginie (drogowe);Ukraina;Inne;Podzespoły samochodowe;100,00;nadkole;szt.;1,0000;Straż Graniczna
22.06.2024 17:46:00;Z RP;przejście;Bieszczadzki;PSG w Medyce;Medyka – Szeginie (drogowe);Ukraina;Inne;Podzespoły samochodowe;200,00;element z tworzywa sztucznego;szt.;1,0000;Straż Graniczna
22.06.2024 17:46:00;Z RP;przejście;Bieszczadzki;PSG w Medyce;Medyka – Szeginie (drogowe);Ukraina;Inne;Podzespoły samochodowe;200,00;wytłumienie z tworzywa sztucznego;szt.;2,0000;Straż Graniczna
22.06.2024 17:46:00;Z RP;przejście;Bieszczadzki;PSG w Medyce;Medyka – Szeginie (drogowe);Ukraina;Inne;Podzespoły samochodowe;100,00;listwy z tworzywa sztucznego;szt.;1,0000;Straż Graniczna
22.06.2024 17:46:00;Z RP;przejście;Bieszczadzki;PSG w Medyce;Medyka – Szeginie (drogowe);Ukraina;Inne;Podzespoły samochodowe;100,00;element z tworzywa sztucznego;szt.;1,0000;Straż Graniczna
22.06.2024 22:50:00;Z RP;przejście;Nadbużański;PSG w Hrubieszowie;Zosin – Ustiług (drogowe);Ukraina;Pojazdy;Osobowy;20000,00;;szt.;1,0000;Straż Graniczna
23.06.2024 02:50:00;Z RP;przejście;Nadbużański;PSG w Dołhobyczowie;Dołhobyczów – Uhrynów (drogowe);Ukraina;Pojazdy;Osobowy;30000,00;;szt.;1,0000;Straż Graniczna
23.06.2024 08:20:00;Do RP;przejście;Nadbużański;PSG w Terespolu;Terespol – Brześć (drogowe);Białoruś;Alkohol;Wódka;42,00;Alkohol marki ATTIKUS  w ilości 2 butelki 0,7 l ;litr;1,4000;KAS
23.06.2024 09:00:00;wewnątrz kraju;kraj;Nadodrzański;PSG we Wrocławiu-Strachowicach;;wewnątrz kraju;Papierosy;Papierosy;26358,25;;szt.;32320,0000;SC
23.06.2024 09:00:00;wewnątrz kraju;kraj;Nadodrzański;PSG we Wrocławiu-Strachowicach;;wewnątrz kraju;Tytoń;krajanka tytoniowa;33482,78;;kg;42,7000;SC
23.06.2024 12:40:00;Do RP;przejście;Nadbużański;PSG w Terespolu;Terespol – Brześć (drogowe);Białoruś;Papierosy;Papierosy;782,92;;szt.;960,0000;KAS
24.06.2024 00:25:00;Z RP;przejście;Nadbużański;PSG w Terespolu;Terespol – Brześć (drogowe);Białoruś;Pojazdy;inna/inne;25000,00;przyczepa koloru żółto-czarnego, rok produkcji 2000 ;szt.;1,0000;Straż Graniczna
24.06.2024 16:12:00;Do RP;przejście;Nadbużański;PSG w Terespolu;Terespol – Brześć (drogowe);Białoruś;Papierosy;Papierosy;6850,54;420 paczek papierosów marki ROTHMANS;szt.;8400,0000;KAS
24.06.2024 16:30:00;Z RP;przejście;Bieszczadzki;PSG w Rzeszowie–Jasionce;Rzeszów-Jasionka (lotnicze);lotnicza;Amunicja;Ostra;7,50;5.56x45 amunicja karabinowa;szt.;3,0000;Straż Graniczna
24.06.2024 17:40:00;Do RP;przejście;Nadbużański;PSG w Hrebennem;Hrebenne – Rawa Ruska (drogowe);Ukraina;Pojazdy;Naczepa;40000,00;cysternę marki HENDRICKS;szt.;1,0000;Straż Graniczna
25.06.2024 08:19:00;Do RP;przejście;Nadbużański;PSG w Terespolu;Kukuryki – Kozłowiczy (drogowe);Białoruś;Tytoń;Tytoń;1169,00;TYTOŃ DO SZISZY;kg;16,7000;Straż Graniczna
25.06.2024 10:13:00;Do RP;przejście;Nadbużański;PSG w Terespolu;Terespol – Brześć (drogowe);Białoruś;Papierosy;Papierosy;309,91;;szt.;380,0000;KAS
25.06.2024 10:57:00;Do RP;przejście;Nadbużański;PSG w Terespolu;Kukuryki – Kozłowiczy (drogowe);Białoruś;Papierosy;Papierosy;1761,57;;szt.;2160,0000;Straż Graniczna
25.06.2024 11:00:00;wewnątrz kraju;strefa;Bieszczadzki;PSG w Korczowej;Korczowa – Krakowiec (drogowe);Ukraina;Papierosy;Papierosy;195,73;;szt.;240,0000;SC | SG
25.06.2024 12:30:00;Do RP;strefa;Nadodrzański;PSG w Świecku;;Niemcy;Narkotyki;Marihuana;229,05;;kg;0,0051;Straż Graniczna
25.06.2024 12:30:00;Do RP;strefa;Nadodrzański;PSG w Świecku;;Niemcy;Narkotyki;Amfetamina;55,30;;kg;0,0008;Straż Graniczna
25.06.2024 12:30:00;Do RP;strefa;Nadodrzański;PSG w Świecku;;Niemcy;Narkotyki;inna/inne;35,00;MDMA;szt.;1,0000;Straż Graniczna
25.06.2024 13:35:00;Z RP;przejście;Nadbużański;PSG w Hrubieszowie;Zosin – Ustiług (drogowe);Ukraina;Pojazdy;Osobowy;90000,00;;szt.;1,0000;Straż Graniczna
25.06.2024 17:35:00;Do RP;przejście;Nadbużański;PSG w Hrubieszowie;Zosin – Ustiług (drogowe);Ukraina;Papierosy;Papierosy;130,49;Rothmans;szt.;160,0000;Straż Graniczna
25.06.2024 21:30:00;wewnątrz kraju;strefa;Nadbużański;PSG w Woli Uhruskiej;;Ukraina;Papierosy;Papierosy;5692,47;papierosy marki Compliment (bez akcyzy - duty free);szt.;6980,0000;Straż Graniczna
26.06.2024 06:39:00;wewnątrz kraju;kraj;Nadodrzański;PSG w Zgorzelcu;;wewnątrz kraju;Papierosy;Papierosy;5871,89;różnych marek bez polskich znaków skarbowych akcyzy;szt.;7200,0000;Straż Graniczna
26.06.2024 06:39:00;wewnątrz kraju;kraj;Nadodrzański;PSG w Zgorzelcu;;wewnątrz kraju;Tytoń;Tytoń do palenia;5265,18;;kg;9,0000;Straż Graniczna
26.06.2024 06:39:00;wewnątrz kraju;kraj;Nadodrzański;PSG w Zgorzelcu;;wewnątrz kraju;Narkotyki;Extasy;338,91;;kg;0,0103;Straż Graniczna
26.06.2024 06:39:00;wewnątrz kraju;kraj;Nadodrzański;PSG w Zgorzelcu;;wewnątrz kraju;Narkotyki;Kokaina;5877,00;;kg;0,0196;Straż Graniczna
26.06.2024 06:39:00;wewnątrz kraju;kraj;Nadodrzański;PSG w Zgorzelcu;;wewnątrz kraju;Narkotyki;inna/inne;170460,00;metaamfetamina;kg;0,9470;Straż Graniczna
26.06.2024 09:30:00;wewnątrz kraju;kraj;Nadodrzański;PSG w Kłodzku;;wewnątrz kraju;Papierosy;Papierosy;163108,00;papierosy z napisem Marlboro bez polskich znaków akcyzy skarbowej;szt.;200000,0000;Straż Graniczna
26.06.2024 21:00:00;Z RP;przejście;Bieszczadzki;PSG w Krościenku;Krościenko – Smolnica (drogowe);Ukraina;Pojazdy;Osobowy;35000,00;CITROEN C3 AIRCROSS ;szt.;1,0000;Straż Graniczna
26.06.2024 22:30:00;Do RP;przejście;Bieszczadzki;PSG w Krościenku;Krościenko – Smolnica (drogowe);Ukraina;Amunicja;Ostra;14,40;9 mm ;szt.;8,0000;Straż Graniczna
27.06.2024 01:45:00;Do RP;przejście;Nadbużański;PSG w Dorohusku;Dorohusk – Jagodzin (drogowe);Ukraina;Amunicja;inna/inne;;łuski artyleryjskie;szt.;2,0000;Straż Graniczna
27.06.2024 02:50:00;Do RP;przejście;Nadbużański;PSG w Hrubieszowie;Zosin – Ustiług (drogowe);Ukraina;Papierosy;Papierosy;97,86;;szt.;120,0000;SC
27.06.2024 04:35:00;Do RP;przejście;Nadbużański;PSG w Hrubieszowie;Zosin – Ustiług (drogowe);Ukraina;Alkohol;Wódka;88,00;;litr;2,2000;SC
27.06.2024 04:54:00;Z RP;przejście;Nadbużański;PSG w Dołhobyczowie;Dołhobyczów – Uhrynów (drogowe);Ukraina;Inne;inna/inne;8840,00;Papieros elektroniczny jednorazowy;szt.;1105,0000;Straż Graniczna
27.06.2024 07:55:00;Do RP;przejście;Bieszczadzki;PSG w Medyce;Medyka – Szeginie (drogowe);Ukraina;Amunicja;Ostra;4,00;z wyglądu nabój NATO 5.56 x 45;szt.;1,0000;Straż Graniczna
27.06.2024 12:20:00;Do RP;strefa;Nadodrzański;PSG w Świecku;;Niemcy;Narkotyki;Heroina;734,40;;kg;0,0031;Straż Graniczna
28.06.2024 09:30:00;Z RP;przejście;Bieszczadzki;PSG w Korczowej;Korczowa – Krakowiec (drogowe);Ukraina;Zabytki;Ikona;51720,00;obraz malarski noszący cechy zabytku;szt.;1,0000;Straż Graniczna
28.06.2024 14:33:00;wewnątrz kraju;kraj;Bieszczadzki;PSG w Rzeszowie–Jasionce;;wewnątrz kraju;Amunicja;Ostra;2,50;9x19 parabellum;szt.;1,0000;Straż Graniczna
28.06.2024 19:35:00;Do RP;przejście;Nadbużański;PSG w Terespolu;Terespol – Brześć (drogowe);Białoruś;Papierosy;Papierosy;7763,94;;szt.;9520,0000;KAS
29.06.2024 16:00:00;Z RP;przejście;Nadbużański;PSG w Dołhobyczowie;Dołhobyczów – Uhrynów (drogowe);Ukraina;Inne;Podzespoły samochodowe;2767,00;silnik do BMW X5, rok produkcji 2016;szt.;1,0000;Straż Graniczna
29.06.2024 16:00:00;Z RP;przejście;Nadbużański;PSG w Dołhobyczowie;Dołhobyczów – Uhrynów (drogowe);Ukraina;Inne;Podzespoły samochodowe;425,83;drzwi przednie lewe;szt.;1,0000;Straż Graniczna
29.06.2024 16:00:00;Z RP;przejście;Nadbużański;PSG w Dołhobyczowie;Dołhobyczów – Uhrynów (drogowe);Ukraina;Inne;Podzespoły samochodowe;425,83;tylna klapa bagażnika;szt.;1,0000;Straż Graniczna
29.06.2024 16:00:00;Z RP;przejście;Nadbużański;PSG w Dołhobyczowie;Dołhobyczów – Uhrynów (drogowe);Ukraina;Inne;Podzespoły samochodowe;425,83;tylny most wraz z podłużnicą;szt.;1,0000;Straż Graniczna
29.06.2024 16:00:00;Z RP;przejście;Nadbużański;PSG w Dołhobyczowie;Dołhobyczów – Uhrynów (drogowe);Ukraina;Inne;Podzespoły samochodowe;425,83;przednia podłużnica wraz z kolumną kierowniczą;szt.;1,0000;Straż Graniczna
29.06.2024 16:00:00;Z RP;przejście;Nadbużański;PSG w Dołhobyczowie;Dołhobyczów – Uhrynów (drogowe);Ukraina;Inne;Podzespoły samochodowe;425,83;półosie napędowe przednie;szt.;1,0000;Straż Graniczna
29.06.2024 16:00:00;Z RP;przejście;Nadbużański;PSG w Dołhobyczowie;Dołhobyczów – Uhrynów (drogowe);Ukraina;Inne;Podzespoły samochodowe;425,83;wał napędowy;szt.;1,0000;Straż Graniczna
29.06.2024 16:00:00;Z RP;przejście;Nadbużański;PSG w Dołhobyczowie;Dołhobyczów – Uhrynów (drogowe);Ukraina;Inne;Podzespoły samochodowe;426,00;amortyzatory przednie;szt.;2,0000;Straż Graniczna
29.06.2024 16:00:00;Z RP;przejście;Nadbużański;PSG w Dołhobyczowie;Dołhobyczów – Uhrynów (drogowe);Ukraina;Inne;Podzespoły samochodowe;426,00;amortyzatory tylne ;szt.;2,0000;Straż Graniczna
29.06.2024 18:00:00;Do RP;przejście;Nadbużański;PSG w Terespolu;Terespol – Brześć (drogowe);Białoruś;Tytoń;Tytoń;10485,60;tytoń do fajki wodnej bez polskich znaków skarbowych akcyzy w ilości 12.850kg łącznej wartości  10.485,6;kg;12,8500;Straż Graniczna
29.06.2024 22:25:00;Z RP;przejście;Bieszczadzki;PSG w Korczowej;Korczowa – Krakowiec (drogowe);Ukraina;Pojazdy;Motocykl;45000,00;KTM R2 ADVENTURE;szt.;1,0000;Straż Graniczna
30.06.2024 21:00:00;Do RP;przejście;Nadbużański;PSG w Dołhobyczowie;Dołhobyczów – Uhrynów (drogowe);Ukraina;Pojazdy;Osobowy;70000,00;ingerencja w pole numerowe VIN;szt.;1,0000;Straż Graniczna
30.06.2024 23:23:00;Z RP;przejście;Bieszczadzki;PSG w Medyce;Medyka – Szeginie (drogowe);Ukraina;Inne;inna/inne;200,00;gatunek zwierząt CITES - wypchany okaz Jastrzębia;szt.;1,0000;Straż Graniczna
30.06.2024 23:30:00;Do RP;przejście;Nadbużański;PSG w Terespolu;Terespol – Brześć (drogowe);Białoruś;Papierosy;Papierosy;97,86;;szt.;120,0000;KAS
01.07.2024 05:20:00;Do RP;przejście;Nadbużański;PSG w Terespolu;Terespol – Brześć (drogowe);Białoruś;Płyn do e-papierosów;Płyn do e-papierosów;156,00;;litr;0,1200;KAS | SG
01.07.2024 05:20:00;Do RP;przejście;Nadbużański;PSG w Terespolu;Terespol – Brześć (drogowe);Białoruś;Papierosy;Papierosy;342,53;;szt.;420,0000;KAS | SG
01.07.2024 05:20:00;Do RP;przejście;Nadbużański;PSG w Terespolu;Terespol – Brześć (drogowe);Białoruś;Papierosy;Papierosy;195,73;;szt.;240,0000;KAS | SG
01.07.2024 06:30:00;Do RP;przejście;Nadbużański;PSG w Terespolu;Terespol – Brześć (drogowe);Białoruś;Papierosy;Papierosy;130,49;;szt.;160,0000;KAS | SG
01.07.2024 07:20:00;Z RP;przejście;Nadwiślański;PSG w Warszawie-Okęciu;Warszawa-Okęcie (lotnicze);lotnicza;Narkotyki;inna/inne;18000,00;susz roślinny koloru zielonego;kg;0,4000;Straż Graniczna
01.07.2024 09:25:00;wewnątrz kraju;strefa;Nadodrzański;PSG w Tuplicach;;Niemcy;Tytoń;krajanka tytoniowa;447,42;;kg;0,4600;Straż Graniczna
01.07.2024 09:25:00;wewnątrz kraju;strefa;Nadodrzański;PSG w Tuplicach;;Niemcy;Tytoń;susz tytoniowy;1526,15;;kg;2,5000;Straż Graniczna
01.07.2024 20:42:00;Do RP;przejście;Nadbużański;PSG w Hrubieszowie;Zosin – Ustiług (drogowe);Ukraina;Broń;inna/inne;50,00;Drewniany kij imitujący kij bejbolowy;szt.;1,0000;Straż Graniczna
02.07.2024 09:03:00;wewnątrz kraju;kraj;Morski;Wydział Operacyjno-Śledczy;;wewnątrz kraju;Inne;inna/inne;1,00;Telefon;szt.;1,0000;Straż Graniczna
02.07.2024 09:03:00;wewnątrz kraju;kraj;Morski;Wydział Operacyjno-Śledczy;;wewnątrz kraju;Inne;inna/inne;1,00;komputer;szt.;1,0000;Straż Graniczna
02.07.2024 11:30:00;wewnątrz kraju;strefa;Podlaski;PSG w Kuźnicy;;Białoruś;Papierosy;Papierosy;5741,40;MINSK;szt.;7040,0000;Straż Graniczna
02.07.2024 11:30:00;wewnątrz kraju;strefa;Podlaski;PSG w Kuźnicy;;Białoruś;Papierosy;Papierosy;5871,89;NZ;szt.;7200,0000;Straż Graniczna
03.07.2024 01:10:00;Do RP;przejście;Nadbużański;PSG w Terespolu;Kukuryki – Kozłowiczy (drogowe);Białoruś;Papierosy;Papierosy;8155,40;;szt.;10000,0000;Straż Graniczna
03.07.2024 08:00:00;wewnątrz kraju;kraj;Nadbużański;PSG w Terespolu;;wewnątrz kraju;Pojazdy;Osobowy;250000,00;AUDI;szt.;1,0000;Policja | SG
03.07.2024 10:00:00;wewnątrz kraju;kraj;Bieszczadzki;Wydział Operacyjno-Śledczy;;wewnątrz kraju;Tytoń;Tytoń;40,20;nazwa UDTA PANCHI ;kg;0,0600;Straż Graniczna
03.07.2024 11:00:00;wewnątrz kraju;strefa;Bieszczadzki;PSG w Krościenku;;Ukraina;Alkohol;Wódka;240,00;;litr;6,0000;Straż Graniczna
03.07.2024 11:00:00;wewnątrz kraju;strefa;Bieszczadzki;PSG w Krościenku;;Ukraina;Alkohol;Wódka;440,00;;litr;11,0000;Straż Graniczna
03.07.2024 11:00:00;wewnątrz kraju;strefa;Bieszczadzki;PSG w Krościenku;;Ukraina;Papierosy;Papierosy;130,49;;szt.;160,0000;Straż Graniczna
03.07.2024 11:40:00;wewnątrz kraju;kraj;Warmińsko-Mazurski;PSG w Bezledach;;wewnątrz kraju;Tytoń;susz tytoniowy;1088100,00;;kg;1860,0000;Straż Graniczna
03.07.2024 11:40:00;wewnątrz kraju;kraj;Warmińsko-Mazurski;PSG w Bezledach;;wewnątrz kraju;Tytoń;krajanka tytoniowa;4890,00;;kg;6,0000;Straż Graniczna
03.07.2024 13:10:00;wewnątrz kraju;strefa;Nadodrzański;PSG w Jeleniej Górze;;Czechy;Papierosy;Papierosy;65221,18;;szt.;79973,0000;Straż Graniczna
03.07.2024 16:00:00;wewnątrz kraju;kraj;Morski;PSG w Ustce;;wewnątrz kraju;Narkotyki;Marihuana;325000,00;;kg;6,5000;Straż Graniczna
03.07.2024 16:00:00;wewnątrz kraju;kraj;Morski;PSG w Ustce;;wewnątrz kraju;Narkotyki;Marihuana;97711,50;;kg;1,9542;Straż Graniczna
03.07.2024 16:00:00;wewnątrz kraju;kraj;Morski;PSG w Ustce;;wewnątrz kraju;Płyn do e-papierosów;Płyn do e-papierosów;44500,72;e-papierosy z olejkiem THC;szt.;88,0000;Straż Graniczna
03.07.2024 16:00:00;wewnątrz kraju;kraj;Morski;PSG w Ustce;;wewnątrz kraju;Waluta;Złoty - PLN;33000,00;gotówka;szt.;33000,0000;Straż Graniczna
04.07.2024 00:15:00;Z RP;przejście;Śląski;PSG w Katowicach-Pyrzowicach;Katowice-Pyrzowice (lotnicze);lotnicza;Amunicja;Ostra;2,00;;szt.;1,0000;Straż Graniczna
04.07.2024 06:30:00;Z RP;przejście;Nadbużański;PSG w Dołhobyczowie;Dołhobyczów – Uhrynów (drogowe);Ukraina;Inne;inna/inne;;norweskie tablice rejestracyjne pojazdu  o wyróżniku EK59148 ;szt.;2,0000;Straż Graniczna
04.07.2024 07:05:00;Z RP;przejście;Bieszczadzki;PSG w Rzeszowie–Jasionce;Rzeszów-Jasionka (lotnicze);lotnicza;Amunicja;Ostra;6,00;amunicja karabinowa 5,56 x 45;szt.;2,0000;Straż Graniczna
04.07.2024 11:30:00;wewnątrz kraju;strefa;Podlaski;PSG w Rutce-Tartak;;Litwa;Papierosy;Papierosy;73219,18;55000 szt papierosów NZ GOLD, 34780 szt papierosów MIŃSK SUPER SLIM;szt.;89780,0000;Straż Graniczna
04.07.2024 11:40:00;Do RP;przejście;Bieszczadzki;PSG w Medyce;Medyka – Szeginie (drogowe);Ukraina;Alkohol;Wódka;40,00;alkohol 50 %;litr;1,0000;SC | SG
04.07.2024 11:50:00;wewnątrz kraju;strefa;Warmińsko-Mazurski;PSG w Braniewie;;Rosja;Papierosy;Papierosy;2870,70;3520 szt. papierosów bez polskich znaków skarbowych akcyzy;szt.;3520,0000;Straż Graniczna
04.07.2024 14:02:00;Do RP;przejście;Nadodrzański;PSG w Poznaniu-Ławicy;Poznań-Ławica (lotnicze);lotnicza;Narkotyki;Marihuana;888,00;Susz roślinny o cechach marihuany;kg;0,0185;Straż Graniczna
04.07.2024 16:42:00;Z RP;strefa;Morski;PSG w Gdańsku;;lotnicza;Amunicja;Ostra;4,00;01 szt. amunicji ostrej na której widniały cyfry „60 82”;szt.;1,0000;inny | SG
04.07.2024 18:30:00;Z RP;przejście;Bieszczadzki;PSG w Korczowej;Korczowa – Krakowiec (drogowe);Ukraina;Pojazdy;Osobowy;100000,00;TOYOTA RAV4;szt.;1,0000;Straż Graniczna
04.07.2024 19:15:00;Do RP;przejście;Nadwiślański;PSG w Warszawie-Okęciu;Warszawa-Okęcie (lotnicze);lotnicza;Narkotyki;inna/inne;1800,00;kostka koloru brązowego zawinięta w przeźroczystą folię;kg;0,0400;Straż Graniczna
05.07.2024 02:50:00;Z RP;przejście;Nadbużański;PSG w Dorohusku;Dorohusk – Jagodzin (drogowe);Ukraina;Narkotyki;Marihuana;9,00;;kg;0,0002;Straż Graniczna
05.07.2024 09:30:00;Do RP;przejście;Nadbużański;PSG w Dołhobyczowie;Dołhobyczów – Uhrynów (drogowe);Ukraina;Tytoń;Tytoń do palenia;25,27;wyroby nowatorskie;kg;0,0432;SC | SG
05.07.2024 10:40:00;wewnątrz kraju;strefa;Bieszczadzki;PSG w Krościenku;;Ukraina;Alkohol;inna/inne;700,00;;litr;17,5000;Straż Graniczna
05.07.2024 10:54:00;Do RP;przejście;Nadbużański;PSG w Terespolu;Terespol – Brześć (drogowe);Białoruś;Amunicja;inna/inne;;amunicja hukowa;szt.;1,0000;Straż Graniczna
05.07.2024 15:51:00;Do RP;przejście;Nadbużański;PSG w Dorohusku;Dorohusk – Jagodzin (drogowe);Ukraina;Papierosy;Papierosy;86,45;;szt.;106,0000;Straż Graniczna
05.07.2024 17:00:00;Do RP;przejście;Nadbużański;PSG w Dorohusku;Dorohusk – Jagodzin (drogowe);Ukraina;Papierosy;Papierosy;163,11;;szt.;200,0000;Straż Graniczna
05.07.2024 17:00:00;Do RP;przejście;Nadbużański;PSG w Dorohusku;Dorohusk – Jagodzin (drogowe);Ukraina;Papierosy;Papierosy;42,41;;szt.;52,0000;Straż Graniczna
05.07.2024 17:00:00;Do RP;przejście;Nadbużański;PSG w Dorohusku;Dorohusk – Jagodzin (drogowe);Ukraina;Papierosy;Papierosy;75,03;;szt.;92,0000;Straż Graniczna
05.07.2024 17:00:00;Do RP;przejście;Nadbużański;PSG w Dorohusku;Dorohusk – Jagodzin (drogowe);Ukraina;Papierosy;Papierosy;130,49;;szt.;160,0000;Straż Graniczna
05.07.2024 18:00:00;Do RP;przejście;Nadbużański;PSG w Hrebennem;Hrebenne – Rawa Ruska (drogowe);Ukraina;Papierosy;Papierosy;195,73;;szt.;240,0000;Straż Graniczna
05.07.2024 18:00:00;Do RP;przejście;Nadbużański;PSG w Hrebennem;Hrebenne – Rawa Ruska (drogowe);Ukraina;Tytoń;Tytoń do palenia;2,93;Wyroby nowatorskie;kg;0,0050;Straż Graniczna
06.07.2024 04:50:00;Z RP;przejście;Nadodrzański;PSG w Poznaniu-Ławicy;Poznań-Ławica (lotnicze);lotnicza;Broń;inna/inne;20,00;Kastet;szt.;1,0000;Straż Graniczna
06.07.2024 05:30:00;wewnątrz kraju;strefa;Nadbużański;PSG w Hrubieszowie;;Ukraina;Narkotyki;inna/inne;92500,00;krzaki konopi indyiskich;szt.;37,0000;Policja | SG
06.07.2024 08:45:00;Do RP;strefa;Nadodrzański;PSG w Świecku;;Niemcy;Narkotyki;Marihuana;18,45;;kg;0,0004;Straż Graniczna
06.07.2024 10:30:00;Do RP;przejście;Nadbużański;PSG w Dorohusku;Dorohusk – Jagodzin (drogowe);Ukraina;Papierosy;Papierosy;97,86;;szt.;120,0000;Straż Graniczna
07.07.2024 10:15:00;Do RP;przejście;Nadbużański;PSG w Dorohusku;Dorohusk – Jagodzin (drogowe);Ukraina;Papierosy;Papierosy;81,55;L&M;szt.;100,0000;KAS
08.07.2024 00:30:00;Do RP;przejście;Nadbużański;PSG w Dołhobyczowie;Dołhobyczów – Uhrynów (drogowe);Ukraina;Inne;inna/inne;; igły do tatułażu - KWADRON;szt.;15,0000;SC
08.07.2024 00:30:00;Do RP;przejście;Nadbużański;PSG w Dołhobyczowie;Dołhobyczów – Uhrynów (drogowe);Ukraina;Inne;inna/inne;311,00; tusz do tatuażu - ALLEGORY;litr;0,1000;SC
08.07.2024 01:10:00;Do RP;przejście;Nadbużański;PSG w Terespolu;Kukuryki – Kozłowiczy (drogowe);Białoruś;Papierosy;Papierosy;1304,86;;szt.;1600,0000;Straż Graniczna
08.07.2024 01:47:00;Do RP;przejście;Nadbużański;PSG w Dorohusku;Dorohusk – Jagodzin (drogowe);Ukraina;Papierosy;Papierosy;81,55;;szt.;100,0000;Straż Graniczna
08.07.2024 10:57:00;wewnątrz kraju;strefa;Nadbużański;PSG w Chłopiatynie;;Ukraina;Narkotyki;Marihuana;1371,15;;kg;0,0305;Policja
08.07.2024 10:57:00;wewnątrz kraju;strefa;Nadbużański;PSG w Chłopiatynie;;Ukraina;Narkotyki;inna/inne;5940,00;krzewy konopi innych niż włókniste ;szt.;6,0000;Policja
09.07.2024 08:45:00;Do RP;przejście;Nadbużański;PSG w Terespolu;Terespol – Brześć (drogowe);Białoruś;Papierosy;Papierosy;815,54;;szt.;1000,0000;KAS | SG
09.07.2024 14:20:00;wewnątrz kraju;kraj;Warmińsko-Mazurski;PSG w Olsztynie;;wewnątrz kraju;Alkohol;Spirytus;7183,00;;litr;100,0000;Straż Graniczna
09.07.2024 19:15:00;Z RP;przejście;Nadwiślański;PSG w Warszawie-Modlinie;Warszawa/Modlin (lotnicze);lotnicza;Amunicja;Ostra;;amunicja ostra;szt.;2,0000;Straż Graniczna
10.07.2024 06:16:00;Do RP;przejście;Nadbużański;PSG w Terespolu;Terespol – Brześć (drogowe);Białoruś;Papierosy;Papierosy;163,11;;szt.;200,0000;KAS | SG
10.07.2024 07:35:00;wewnątrz kraju;kraj;Warmińsko-Mazurski;PSG w Braniewie;;wewnątrz kraju;Papierosy;Papierosy;82287,99;;szt.;100900,0000;Straż Graniczna
10.07.2024 07:35:00;wewnątrz kraju;kraj;Warmińsko-Mazurski;PSG w Braniewie;;wewnątrz kraju;Papierosy;Papierosy;5040,04;;szt.;6180,0000;Straż Graniczna
10.07.2024 07:35:00;wewnątrz kraju;kraj;Warmińsko-Mazurski;PSG w Braniewie;;wewnątrz kraju;Narkotyki;Marihuana;4712,85;;kg;0,1047;Straż Graniczna
10.07.2024 07:35:00;wewnątrz kraju;kraj;Warmińsko-Mazurski;PSG w Braniewie;;wewnątrz kraju;Papierosy;Papierosy;9794,64;;szt.;12010,0000;Straż Graniczna
10.07.2024 07:35:00;wewnątrz kraju;kraj;Warmińsko-Mazurski;PSG w Braniewie;;wewnątrz kraju;Papierosy;Papierosy;6932,09;;szt.;8500,0000;Straż Graniczna
10.07.2024 07:35:00;wewnątrz kraju;kraj;Warmińsko-Mazurski;PSG w Braniewie;;wewnątrz kraju;Narkotyki;Marihuana;2462,31;;kg;0,0547;Straż Graniczna
10.07.2024 07:35:00;wewnątrz kraju;kraj;Warmińsko-Mazurski;PSG w Braniewie;;wewnątrz kraju;Narkotyki;Marihuana;47880,00;;kg;1,0640;Straż Graniczna
10.07.2024 07:35:00;wewnątrz kraju;kraj;Warmińsko-Mazurski;PSG w Braniewie;;wewnątrz kraju;Inne;inna/inne;120000,00;Automaty do gry ;szt.;10,0000;Straż Graniczna
10.07.2024 10:58:00;wewnątrz kraju;strefa;Nadbużański;PSG w Hrubieszowie;;Ukraina;Pojazdy;inna/inne;130000,00;Ciągnik rolniczy;szt.;1,0000;Straż Graniczna
10.07.2024 15:00:00;Do RP;przejście;Nadbużański;PSG w Dorohusku;Dorohusk – Jagodzin (drogowe);Ukraina;Papierosy;Papierosy;57,09;;szt.;70,0000;Straż Graniczna
10.07.2024 15:00:00;Do RP;przejście;Nadbużański;PSG w Dorohusku;Dorohusk – Jagodzin (drogowe);Ukraina;Papierosy;Papierosy;114,18;;szt.;140,0000;Straż Graniczna
10.07.2024 16:59:00;Z RP;przejście;Nadodrzański;PSG w Poznaniu-Ławicy;Poznań-Ławica (lotnicze);lotnicza;Broń;inna/inne;200,00;pałka teleskopowa;szt.;1,0000;Straż Graniczna
10.07.2024 17:50:00;Z RP;przejście;Bieszczadzki;PSG w Medyce;Medyka – Szeginie (drogowe);Ukraina;Pojazdy;Osobowy;30000,00;BMW 320D;szt.;1,0000;Straż Graniczna
10.07.2024 21:20:00;Do RP;przejście;Nadwiślański;PSG w Warszawie-Okęciu;Warszawa-Okęcie (lotnicze);lotnicza;Narkotyki;Marihuana;24016,95;susz roślinny;kg;0,5337;Straż Graniczna
11.07.2024 11:50:00;Z RP;przejście;Nadbużański;PSG w Dołhobyczowie;Dołhobyczów – Uhrynów (drogowe);Ukraina;Pojazdy;Osobowy;75000,00;;szt.;1,0000;Straż Graniczna
11.07.2024 12:35:00;wewnątrz kraju;strefa;Nadbużański;PSG w Dołhobyczowie;;Ukraina;Narkotyki;inna/inne;22,50;susz roślinny;kg;0,0005;Straż Graniczna
11.07.2024 12:35:00;wewnątrz kraju;strefa;Nadbużański;PSG w Dołhobyczowie;;Ukraina;Narkotyki;inna/inne;2144,25;susz roslinny ;kg;0,0477;Straż Graniczna
11.07.2024 16:17:00;Z RP;przejście;Bieszczadzki;PSG w Korczowej;Korczowa – Krakowiec (drogowe);Ukraina;Pojazdy;Osobowy;140000,00;Toyota CHR;szt.;1,0000;Straż Graniczna
12.07.2024 00:05:00;wewnątrz kraju;kraj;Nadodrzański;PSG w Świecku;;wewnątrz kraju;Narkotyki;Marihuana;20,25;;kg;0,0005;Straż Graniczna
12.07.2024 05:07:00;Do RP;przejście;Nadbużański;PSG w Terespolu;Terespol – Brześć (drogowe);Białoruś;Papierosy;Papierosy;27,73;;szt.;34,0000;SC
12.07.2024 07:20:00;wewnątrz kraju;kraj;Bieszczadzki;PSG w Korczowej;;wewnątrz kraju;Narkotyki;Marihuana;153,00;;kg;0,0034;Straż Graniczna
12.07.2024 09:20:00;Do RP;przejście;Nadbużański;PSG w Dorohusku;Dorohusk – Jagodzin (drogowe);Ukraina;Papierosy;Papierosy;101,94;;szt.;125,0000;Straż Graniczna
12.07.2024 09:20:00;wewnątrz kraju;strefa;Nadodrzański;PSG w Kłodzku;;Czechy;Tytoń;Tytoń;1631,00;;szt.;2000,0000;Straż Graniczna
12.07.2024 11:10:00;Do RP;przejście;Nadbużański;PSG w Terespolu;Terespol – Brześć (drogowe);Białoruś;Papierosy;Papierosy;163,11;;szt.;200,0000;Straż Graniczna
12.07.2024 11:10:00;Do RP;przejście;Nadbużański;PSG w Terespolu;Terespol – Brześć (drogowe);Białoruś;Alkohol;Wódka;30,00;;litr;1,0000;Straż Graniczna
12.07.2024 12:30:00;wewnątrz kraju;strefa;Podlaski;PSG w Płaskiej;;Litwa;Papierosy;Papierosy;717,68;;szt.;880,0000;Straż Graniczna
12.07.2024 13:55:00;wewnątrz kraju;kraj;Nadbużański;PSG w Sławatyczach;;wewnątrz kraju;Alkohol;Spirytus;96854,00;przeszukania pojazdu;litr;1020,0000;Straż Graniczna
12.07.2024 13:55:00;wewnątrz kraju;kraj;Nadbużański;PSG w Sławatyczach;;wewnątrz kraju;Alkohol;Wódka;80,00;przeszukanie pomieszczeń mieszkalnych;litr;2,0000;Straż Graniczna
12.07.2024 14:38:00;Z RP;strefa;Morski;PSG w Gdańsku;;lotnicza;Amunicja;Ostra;6,00;12/70 o oznaczeniach WINCHESTER 12 oraz GYTTORP AWF AB 12;szt.;2,0000;Straż Graniczna
12.07.2024 20:25:00;Do RP;przejście;Nadwiślański;PSG w Warszawie-Okęciu;Warszawa-Okęcie (lotnicze);lotnicza;Narkotyki;inna/inne;29250,00;susz roślinny, kostka koloru brązowego;kg;0,6500;Straż Graniczna
13.07.2024 00:15:00;Z RP;przejście;Śląski;PSG w Katowicach-Pyrzowicach;Katowice-Pyrzowice (lotnicze);lotnicza;Broń;inna/inne;100,00;Przedmiot przypominający pałkę;szt.;1,0000;Straż Graniczna
13.07.2024 11:10:00;Do RP;przejście;Nadbużański;PSG w Dorohusku;Dorohusk – Jagodzin (drogowe);Ukraina;Papierosy;Papierosy;195,73;;szt.;240,0000;Straż Graniczna
13.07.2024 11:30:00;Do RP;przejście;Nadbużański;PSG w Dorohusku;Dorohusk – Jagodzin (drogowe);Ukraina;Papierosy;Papierosy;162,29;;szt.;199,0000;Straż Graniczna
13.07.2024 11:40:00;Do RP;przejście;Nadbużański;PSG w Dorohusku;Dorohusk – Jagodzin (drogowe);Ukraina;Papierosy;Papierosy;137,83;;szt.;169,0000;Straż Graniczna
13.07.2024 11:45:00;Do RP;przejście;Nadbużański;PSG w Dorohusku;Dorohusk – Jagodzin (drogowe);Ukraina;Papierosy;Papierosy;82,37;;szt.;101,0000;Straż Graniczna
13.07.2024 15:10:00;Z RP;przejście;Bieszczadzki;PSG w Korczowej;Korczowa – Krakowiec (drogowe);Ukraina;Pojazdy;Osobowy;80000,00;MERCEDES-BENZ SPRINTER;szt.;1,0000;Straż Graniczna
14.07.2024 15:35:00;Z RP;przejście;Nadodrzański;PSG w Poznaniu-Ławicy;Poznań-Ławica (lotnicze);lotnicza;Narkotyki;Marihuana;89,28;susz roślinnym o cechach marihuany;kg;0,0019;Straż Graniczna
15.07.2024 00:10:00;Z RP;przejście;Bieszczadzki;PSG w Korczowej;Korczowa – Krakowiec (drogowe);Ukraina;Pojazdy;Osobowy;35000,00;Skoda Octavia;szt.;1,0000;Straż Graniczna
15.07.2024 06:00:00;wewnątrz kraju;kraj;Nadbużański;PSG w Hrubieszowie;;wewnątrz kraju;Pojazdy;Osobowy;100000,00;;szt.;1,0000;Policja | SG
15.07.2024 10:05:00;Do RP;przejście;Nadbużański;PSG w Terespolu;Terespol – Brześć (drogowe);Białoruś;Papierosy;Papierosy;293,59;;szt.;360,0000;KAS | SG
15.07.2024 12:00:00;Do RP;przejście;Bieszczadzki;PSG w Rzeszowie–Jasionce;Rzeszów-Jasionka (lotnicze);lotnicza;Alkohol;Whisky;206,00;;litr;5,0000;KAS | SG
15.07.2024 16:45:00;Z RP;przejście;Nadodrzański;PSG w Poznaniu-Ławicy;Poznań-Ławica (lotnicze);lotnicza;Inne;inna/inne;80,00;pałka teleskopowa;szt.;1,0000;Straż Graniczna
15.07.2024 17:00:00;Do RP;przejście;Nadbużański;PSG w Terespolu;Terespol – Brześć (drogowe);Białoruś;Papierosy;Papierosy;16310,80;20 000 sztuk (1 000 paczek) papierosów marki „NZ” ;szt.;20000,0000;KAS | SG
15.07.2024 19:00:00;Z RP;przejście;Nadodrzański;PSG w Poznaniu-Ławicy;Poznań-Ławica (lotnicze);lotnicza;Broń;inna/inne;80,00;kastet;szt.;1,0000;Straż Graniczna
15.07.2024 19:15:00;Z RP;przejście;Nadbużański;PSG w Terespolu;Terespol – Brześć (drogowe);Białoruś;Inne;inna/inne;;Prawdopodobnie podrobiona talica rejestracyjna;szt.;1,0000;Straż Graniczna
16.07.2024 10:40:00;wewnątrz kraju;kraj;Warmińsko-Mazurski;PSG w Gołdapi;;wewnątrz kraju;Papierosy;Papierosy;4827067,08;papierosy z napisem Marlboro- 4.050.860 sztuk, papierosy z napisem Marlboro Gold- 72.000 sztuk, papierosy z napisem Richmond- 1.796.000 sztuk  ;szt.;5918860,0000;Straż Graniczna
16.07.2024 10:40:00;wewnątrz kraju;kraj;Warmińsko-Mazurski;PSG w Gołdapi;;wewnątrz kraju;Tytoń;susz tytoniowy;2155472,22;susz tytoniowy o wadze 2.643 kg ;kg;2643,0000;Straż Graniczna
16.07.2024 17:35:00;wewnątrz kraju;kraj;Warmińsko-Mazurski;PSG w Braniewie;;wewnątrz kraju;Papierosy;Papierosy;20551,61;;szt.;25200,0000;Straż Graniczna
16.07.2024 21:30:00;wewnątrz kraju;kraj;Karpacki;PSG w Krakowie-Balicach;Kraków-Balice (lotnicze);wewnątrz kraju;Amunicja;Ostra;2,00;9 x 9 mm Parabelum;szt.;1,0000;Straż Graniczna
17.07.2024 04:20:00;Do RP;przejście;Nadbużański;PSG w Hrubieszowie;Zosin – Ustiług (drogowe);Ukraina;Papierosy;Papierosy;48,93;ROTHMANS;szt.;60,0000;Straż Graniczna
17.07.2024 04:20:00;Do RP;przejście;Nadbużański;PSG w Hrubieszowie;Zosin – Ustiług (drogowe);Ukraina;Tytoń;Tytoń do palenia;28,43;HEETS;kg;0,0486;Straż Graniczna
17.07.2024 05:40:00;Do RP;przejście;Bieszczadzki;PSG w Medyce;Medyka – Szeginie (drogowe);Ukraina;Papierosy;Papierosy;32,62;WEST;szt.;40,0000;Straż Graniczna
17.07.2024 09:20:00;Z RP;przejście;Bieszczadzki;PSG w Korczowej;Korczowa – Krakowiec (drogowe);Ukraina;Odpady i materiały szkodliwe bądź promieniotwórcze;inna/inne;5000,00;Pocięta karoseria samochodu osobowego - odpad;szt.;1,0000;Straż Graniczna
17.07.2024 18:10:00;Do RP;przejście;Nadwiślański;PSG w Warszawie-Okęciu;Warszawa-Okęcie (lotnicze);lotnicza;Narkotyki;inna/inne;24019,50;5 sprasowanych kostek koloru brązowego;kg;0,4804;Straż Graniczna
17.07.2024 19:10:00;Do RP;przejście;Nadbużański;PSG w Hrebennem;Hrebenne – Rawa Ruska (drogowe);Ukraina;Papierosy;Papierosy;29,36;WNIOSEK NUMER 56 DO KAS, USZCZUPLENIA CELNE 48 ZŁ;szt.;36,0000;Straż Graniczna
17.07.2024 21:00:00;Do RP;przejście;Nadbużański;PSG w Hrebennem;Hrebenne – Rawa Ruska (drogowe);Ukraina;Papierosy;Papierosy;114,18;;szt.;140,0000;SC | SG
18.07.2024 01:30:00;Z RP;przejście;Śląski;PSG w Katowicach-Pyrzowicach;Katowice-Pyrzowice (lotnicze);lotnicza;Amunicja;Ostra;2,70;Kaliber 5.56;szt.;1,0000;Straż Graniczna
18.07.2024 01:41:00;Do RP;przejście;Nadbużański;PSG w Terespolu;Terespol – Brześć (drogowe);Białoruś;Papierosy;Papierosy;2283,51;;szt.;2800,0000;KAS | SG
18.07.2024 07:00:00;wewnątrz kraju;kraj;Warmińsko-Mazurski;PSG w Bezledach;;wewnątrz kraju;Pojazdy;Osobowy;120000,00;;szt.;1,0000;Straż Graniczna
18.07.2024 07:00:00;Do RP;przejście;Bieszczadzki;PSG w Medyce;Medyka – Szeginie (drogowe);Ukraina;Alkohol;Wódka;412,00;;litr;10,3000;Straż Graniczna
18.07.2024 09:30:00;wewnątrz kraju;strefa;Podlaski;PSG w Kuźnicy;;Białoruś;Papierosy;Papierosy;6524,32;MIŃSK SUPER SLIM;szt.;8000,0000;Straż Graniczna
18.07.2024 13:30:00;Do RP;przejście;Nadbużański;PSG w Terespolu;Kukuryki – Kozłowiczy (drogowe);Białoruś;Papierosy;Papierosy;456,70;;szt.;560,0000;Straż Graniczna
18.07.2024 17:34:00;Do RP;przejście;Nadbużański;PSG w Terespolu;Kukuryki – Kozłowiczy (drogowe);Białoruś;Papierosy;Papierosy;652,43;;szt.;800,0000;Straż Graniczna
18.07.2024 17:35:00;Do RP;przejście;Nadbużański;PSG w Terespolu;Kukuryki – Kozłowiczy (drogowe);Białoruś;Papierosy;Papierosy;293,59;;szt.;360,0000;Straż Graniczna
18.07.2024 17:35:00;Do RP;przejście;Nadbużański;PSG w Terespolu;Kukuryki – Kozłowiczy (drogowe);Białoruś;Alkohol;Wódka;60,00;;litr;3,0000;Straż Graniczna
18.07.2024 17:40:00;wewnątrz kraju;kraj;Warmińsko-Mazurski;PSG w Braniewie;;wewnątrz kraju;Papierosy;Papierosy;65243,20;Marlboro;szt.;80000,0000;Straż Graniczna
18.07.2024 23:20:00;Do RP;przejście;Nadbużański;PSG w Dorohusku;Dorohusk – Jagodzin (drogowe);Ukraina;Papierosy;Papierosy;86,45;;szt.;106,0000;Straż Graniczna
18.07.2024 23:30:00;Do RP;przejście;Nadbużański;PSG w Dorohusku;Dorohusk – Jagodzin (drogowe);Ukraina;Papierosy;Papierosy;122,33;;szt.;150,0000;Straż Graniczna
18.07.2024 23:45:00;Do RP;przejście;Nadbużański;PSG w Dorohusku;Dorohusk – Jagodzin (drogowe);Ukraina;Papierosy;Papierosy;76,66;;szt.;94,0000;Straż Graniczna
18.07.2024 23:55:00;Do RP;przejście;Nadbużański;PSG w Dorohusku;Dorohusk – Jagodzin (drogowe);Ukraina;Papierosy;Papierosy;81,55;;szt.;100,0000;Straż Graniczna
19.07.2024 00:05:00;Do RP;przejście;Nadbużański;PSG w Dorohusku;Dorohusk – Jagodzin (drogowe);Ukraina;Papierosy;Papierosy;130,49;;szt.;160,0000;Straż Graniczna
19.07.2024 00:10:00;Do RP;przejście;Nadbużański;PSG w Dorohusku;Dorohusk – Jagodzin (drogowe);Ukraina;Tytoń;Tytoń do palenia;27,91;WKŁADY HEETS;kg;0,0477;Straż Graniczna
19.07.2024 00:20:00;Do RP;przejście;Nadbużański;PSG w Dorohusku;Dorohusk – Jagodzin (drogowe);Ukraina;Papierosy;Papierosy;97,86;;szt.;120,0000;Straż Graniczna
19.07.2024 00:30:00;Do RP;przejście;Nadbużański;PSG w Dorohusku;Dorohusk – Jagodzin (drogowe);Ukraina;Papierosy;Papierosy;81,55;;szt.;100,0000;Straż Graniczna
19.07.2024 07:30:00;wewnątrz kraju;strefa;Nadbużański;PSG w Hrebennem;;Ukraina;Papierosy;Papierosy;326,22;;szt.;400,0000;SC | SG
19.07.2024 08:21:00;Z RP;przejście;Nadwiślański;PSG w Warszawie-Okęciu;Warszawa-Okęcie (lotnicze);lotnicza;Amunicja;Ostra;;"o oznaczeniach ""17 82""";szt.;1,0000;Straż Graniczna
19.07.2024 08:21:00;Z RP;przejście;Nadwiślański;PSG w Warszawie-Okęciu;Warszawa-Okęcie (lotnicze);lotnicza;Inne;inna/inne;204,75;SUSZ ROŚLINNY;kg;0,0046;Straż Graniczna
19.07.2024 09:30:00;Do RP;przejście;Nadbużański;PSG w Dorohusku;Dorohusk – Jagodzin (drogowe);Ukraina;Papierosy;Papierosy;93,79;;szt.;115,0000;Straż Graniczna
19.07.2024 13:05:00;Do RP;strefa;Nadodrzański;PSG w Świecku;;Niemcy;Pojazdy;Osobowy;180000,00;LEXUS;szt.;1,0000;Straż Graniczna
19.07.2024 14:00:00;Z RP;przejście;Bieszczadzki;PSG w Korczowej;Korczowa – Krakowiec (drogowe);Ukraina;Pojazdy;Osobowy;65000,00;MERCEDES-BENZ, MODEL: CLA, KOLOR: SREBRNY, ROK PRODUKCJI: 2014;szt.;1,0000;Straż Graniczna
19.07.2024 14:00:00;Z RP;przejście;Nadodrzański;PSG w Poznaniu-Ławicy;Poznań-Ławica (lotnicze);lotnicza;Broń;inna/inne;3,00;kastet;szt.;1,0000;Straż Graniczna
19.07.2024 20:56:00;Do RP;przejście;Nadbużański;PSG w Dorohusku;Dorohusk – Jagodzin (drogowe);Ukraina;Papierosy;Papierosy;117,44;;szt.;144,0000;Straż Graniczna
20.07.2024 06:05:00;Z RP;przejście;Nadodrzański;PSG w Poznaniu-Ławicy;Poznań-Ławica (lotnicze);lotnicza;Broń;inna/inne;25,00;kastet;szt.;1,0000;Straż Graniczna
20.07.2024 07:00:00;Do RP;przejście;Morski;PSG w Gdyni;Gdynia (morskie);morska;Inne;inna/inne;50000,00;QUAD BRP (2022);szt.;1,0000;Straż Graniczna
20.07.2024 07:00:00;Do RP;przejście;Morski;PSG w Gdyni;Gdynia (morskie);morska;Inne;inna/inne;35000,00;QUAD SUZUKI (2017);szt.;1,0000;Straż Graniczna
20.07.2024 07:00:00;Do RP;przejście;Morski;PSG w Gdyni;Gdynia (morskie);morska;Inne;inna/inne;45000,00;QUAD BRP (2021);szt.;1,0000;Straż Graniczna
20.07.2024 21:34:00;Z RP;przejście;Bieszczadzki;PSG w Lubaczowie;Budomierz – Hruszew (drogowe);Ukraina;Pojazdy;Osobowy;14000,00;VOLKSWAGEN Transporter;szt.;1,0000;Straż Graniczna
21.07.2024 01:30:00;Do RP;przejście;Nadbużański;PSG w Dołhobyczowie;Dołhobyczów – Uhrynów (drogowe);Ukraina;Amunicja;Ostra;30,00;amunicja do broni myśliwskiej kalibru .308 WIN;szt.;3,0000;Straż Graniczna
21.07.2024 09:35:00;Do RP;przejście;Nadbużański;PSG w Dorohusku;Dorohusk – Jagodzin (drogowe);Ukraina;Papierosy;Papierosy;81,55;;szt.;100,0000;Straż Graniczna
22.07.2024 12:40:00;Do RP;przejście;Nadbużański;PSG w Hrubieszowie;Zosin – Ustiług (drogowe);Ukraina;Papierosy;Papierosy;97,86;;szt.;120,0000;SC | SG
22.07.2024 14:05:00;Do RP;przejście;Nadbużański;PSG w Hrebennem;Hrebenne – Rawa Ruska (drogowe);Ukraina;Amunicja;Ostra;3,00; amunicja  bez zbitej  spłonki  z napisem   17  84;szt.;1,0000;SC | SG
22.07.2024 14:05:00;Do RP;przejście;Nadbużański;PSG w Hrebennem;Hrebenne – Rawa Ruska (drogowe);Ukraina;Amunicja;Ostra;3,00; amunicja  bez zbitej  spłonki  z napisem   MEN 14 G 3298  ;szt.;1,0000;SC | SG
22.07.2024 15:36:00;wewnątrz kraju;kraj;Bieszczadzki;Wydział Operacyjno-Śledczy;;wewnątrz kraju;Pojazdy;inna/inne;75000,00;skuter wodny marki See Doo RXP-X 300;szt.;1,0000;Policja | Policja | SG
22.07.2024 15:36:00;wewnątrz kraju;kraj;Bieszczadzki;Wydział Operacyjno-Śledczy;;wewnątrz kraju;Pojazdy;inna/inne;10000,00;przyczepa marki North Grade, rok prod. 2022;szt.;1,0000;Policja | Policja | SG
22.07.2024 19:50:00;Z RP;przejście;Śląski;PSG w Katowicach-Pyrzowicach;Katowice-Pyrzowice (lotnicze);lotnicza;Amunicja;Ostra;1,40;Amunicja koloru żółtego z napisem na kryzie łuski S&B 23, 9x19.;szt.;1,0000;Straż Graniczna
23.07.2024 05:32:00;Z RP;przejście;Nadwiślański;PSG w Warszawie-Okęciu;Warszawa-Okęcie (lotnicze);lotnicza;Amunicja;Ostra;;;szt.;1,0000;Straż Graniczna
23.07.2024 09:30:00;wewnątrz kraju;kraj;Nadbużański;PSG w Terespolu;;wewnątrz kraju;Inne;Podzespoły samochodowe;50000,00;Silniki, skrzynie biegów, elementy karoserii oraz elementy wyposażenia pojazdów;szt.;11,0000;Policja | SG
23.07.2024 09:33:00;Do RP;przejście;Nadbużański;PSG w Terespolu;Terespol – Brześć (drogowe);Białoruś;Inne;inna/inne;4278,25;usunięcie spod dozoru celnego ON w ilości z 545 litrów o wartości rynkowe 4278,25 zł.;litr;545,0000;KAS | SG
23.07.2024 14:20:00;Z RP;przejście;Nadbużański;PSG w Hrubieszowie;Zosin – Ustiług (drogowe);Ukraina;Pojazdy;Osobowy;60000,00;BMW X6;szt.;1,0000;Straż Graniczna
24.07.2024 04:00:00;Z RP;strefa;Śląski;PSG w Katowicach-Pyrzowicach;Katowice-Pyrzowice (lotnicze);lotnicza;Broń;Gazowa;600,00;;szt.;1,0000;Straż Graniczna
24.07.2024 04:00:00;Z RP;strefa;Śląski;PSG w Katowicach-Pyrzowicach;Katowice-Pyrzowice (lotnicze);lotnicza;Amunicja;Gazowa;6,00;"Napis na denuk łuski ""GECO8 MMCS""";szt.;3,0000;Straż Graniczna
24.07.2024 09:40:00;wewnątrz kraju;kraj;Podlaski;PSG w Rutce-Tartak;;wewnątrz kraju;Narkotyki;Marihuana;4129,95;;kg;0,0751;Straż Graniczna
24.07.2024 13:20:00;Z RP;przejście;Bieszczadzki;PSG w Korczowej;Korczowa – Krakowiec (drogowe);Ukraina;Pojazdy;Osobowy;80000,00;;szt.;1,0000;Straż Graniczna
24.07.2024 14:00:00;wewnątrz kraju;kraj;Nadbużański;PSG w Lublinie;;wewnątrz kraju;Alkohol;Spirytus;78320,00;;litr;979,0000;Straż Graniczna
24.07.2024 15:50:00;Do RP;przejście;Nadbużański;PSG w Dorohusku;Dorohusk – Jagodzin (drogowe);Ukraina;Papierosy;Papierosy;81,55;;szt.;100,0000;Straż Graniczna
24.07.2024 16:00:00;Do RP;przejście;Nadbużański;PSG w Dorohusku;Dorohusk – Jagodzin (drogowe);Ukraina;Papierosy;Papierosy;67,69;;szt.;83,0000;Straż Graniczna
24.07.2024 16:10:00;Do RP;przejście;Nadbużański;PSG w Dorohusku;Dorohusk – Jagodzin (drogowe);Ukraina;Papierosy;Papierosy;81,55;;szt.;100,0000;Straż Graniczna
24.07.2024 16:15:00;Do RP;przejście;Nadbużański;PSG w Dorohusku;Dorohusk – Jagodzin (drogowe);Ukraina;Papierosy;Papierosy;146,80;;szt.;180,0000;Straż Graniczna
24.07.2024 16:20:00;Do RP;przejście;Nadbużański;PSG w Dorohusku;Dorohusk – Jagodzin (drogowe);Ukraina;Papierosy;Papierosy;65,24;;szt.;80,0000;Straż Graniczna
24.07.2024 16:25:00;Do RP;przejście;Nadbużański;PSG w Dorohusku;Dorohusk – Jagodzin (drogowe);Ukraina;Tytoń;Tytoń do palenia;25,27;wkłady heets;kg;0,0432;Straż Graniczna
24.07.2024 18:10:00;Z RP;przejście;Nadbużański;PSG w Hrebennem;Hrebenne – Rawa Ruska (drogowe);Ukraina;Pojazdy;Osobowy;15000,00;NISSAN model NAVARA data pierwszej rejestracji 2003 ;szt.;1,0000;Straż Graniczna
24.07.2024 18:25:00;Do RP;przejście;Nadbużański;PSG w Hrebennem;Hrebenne – Rawa Ruska (drogowe);Ukraina;Alkohol;Whisky;40,00;;litr;1,0000;Straż Graniczna
24.07.2024 18:25:00;Do RP;przejście;Nadbużański;PSG w Hrebennem;Hrebenne – Rawa Ruska (drogowe);Ukraina;Płyn do e-papierosów;Płyn do e-papierosów;135,00;;litr;0,1000;Straż Graniczna
24.07.2024 22:30:00;Do RP;przejście;Nadbużański;PSG w Hrebennem;Hrebenne – Rawa Ruska (drogowe);Ukraina;Alkohol;Wódka;30,00;GREEN DAY;litr;1,0000;KAS | SG
24.07.2024 22:30:00;Do RP;przejście;Nadbużański;PSG w Hrebennem;Hrebenne – Rawa Ruska (drogowe);Ukraina;Papierosy;Papierosy;652,43;THE KING;szt.;800,0000;KAS | SG
24.07.2024 22:30:00;Do RP;przejście;Nadbużański;PSG w Hrebennem;Hrebenne – Rawa Ruska (drogowe);Ukraina;Tytoń;Tytoń;408,00;;kg;0,5000;KAS | SG
25.07.2024 16:30:00;Do RP;przejście;Nadbużański;PSG w Terespolu;Kukuryki – Kozłowiczy (drogowe);Białoruś;Papierosy;Papierosy;130,49;;szt.;160,0000;Straż Graniczna
25.07.2024 18:00:00;wewnątrz kraju;kraj;Bieszczadzki;Wydział Operacyjno-Śledczy;;wewnątrz kraju;Tytoń;susz tytoniowy;10706657,76;;kg;16200,0000;SC
25.07.2024 18:30:00;Do RP;przejście;Nadwiślański;PSG w Warszawie-Okęciu;Warszawa-Okęcie (lotnicze);lotnicza;Narkotyki;Marihuana;22049,10;susz roślinny ;kg;0,4900;Straż Graniczna
26.07.2024 04:45:00;Z RP;przejście;Nadwiślański;PSG w Warszawie-Modlinie;Warszawa/Modlin (lotnicze);lotnicza;Amunicja;Ostra;;4 szt. amunicji niepozbawionej cech bojowych, z napisem 270 96;szt.;4,0000;Straż Graniczna
26.07.2024 06:30:00;wewnątrz kraju;strefa;Bieszczadzki;PSG w Hermanowicach;;Ukraina;Papierosy;Papierosy;2723,90;;szt.;3340,0000;Straż Graniczna
26.07.2024 06:36:00;Do RP;przejście;Warmińsko-Mazurski;PSG w Grzechotkach;Grzechotki – Mamonowo II (drogowe);Rosja;Pojazdy;Osobowy;150000,00;Mercedes - Benz nr rej. BSKBK32;szt.;1,0000;Straż Graniczna
26.07.2024 07:20:00;Do RP;przejście;Bieszczadzki;PSG w Medyce;Medyka – Szeginie (drogowe);Ukraina;Papierosy;Papierosy;97,86;;szt.;120,0000;Straż Graniczna
26.07.2024 10:30:00;Z RP;przejście;Bieszczadzki;PSG w Korczowej;Korczowa – Krakowiec (drogowe);Ukraina;Pojazdy;Osobowy;90000,00;BMW;szt.;1,0000;Straż Graniczna
26.07.2024 15:45:00;Do RP;przejście;Nadbużański;PSG w Dorohusku;Dorohusk – Jagodzin (drogowe);Ukraina;Papierosy;Papierosy;48,93;WNIOSEK NR 61;szt.;60,0000;Straż Graniczna
26.07.2024 18:10:00;Do RP;przejście;Nadbużański;PSG w Dorohusku;Dorohusk – Jagodzin (drogowe);Ukraina;Papierosy;Papierosy;62,80;wniosek nr 60;szt.;77,0000;Straż Graniczna
26.07.2024 18:10:00;Do RP;przejście;Nadbużański;PSG w Dorohusku;Dorohusk – Jagodzin (drogowe);Ukraina;Papierosy;Papierosy;81,55;WNIOSEK 59;szt.;100,0000;Straż Graniczna
26.07.2024 18:10:00;Do RP;przejście;Nadbużański;PSG w Dorohusku;Dorohusk – Jagodzin (drogowe);Ukraina;Papierosy;Papierosy;240,58;wniosek 58;szt.;295,0000;Straż Graniczna
26.07.2024 18:10:00;Do RP;przejście;Nadbużański;PSG w Dorohusku;Dorohusk – Jagodzin (drogowe);Ukraina;Papierosy;Papierosy;142,72;WNIOSEK 57;szt.;175,0000;Straż Graniczna
26.07.2024 18:10:00;Do RP;przejście;Nadbużański;PSG w Dorohusku;Dorohusk – Jagodzin (drogowe);Ukraina;Papierosy;Papierosy;65,24;wniosek 56;szt.;80,0000;Straż Graniczna
26.07.2024 21:00:00;Z RP;przejście;Bieszczadzki;PSG w Medyce;Medyka – Szeginie (drogowe);Ukraina;Pojazdy;Ciężarowy;35000,00;;szt.;1,0000;Straż Graniczna
26.07.2024 22:30:00;Z RP;przejście;Nadbużański;PSG w Hrubieszowie;Zosin – Ustiług (drogowe);Ukraina;Inne;Podzespoły samochodowe;10400,00;Podzespoły samochodowe Jeep Grand Cherokee 2016r kolor czerwony;szt.;13,0000;Straż Graniczna
27.07.2024 06:22:00;Do RP;przejście;Nadbużański;PSG w Dorohusku;Dorohusk – Jagodzin (drogowe);Ukraina;Papierosy;Papierosy;97,86;;szt.;120,0000;Straż Graniczna
27.07.2024 09:55:00;Z RP;przejście;Nadodrzański;PSG w Poznaniu-Ławicy;Poznań-Ławica (lotnicze);lotnicza;Inne;inna/inne;300,00;pałka teleskopowa;szt.;1,0000;Straż Graniczna
27.07.2024 21:00:00;Z RP;przejście;Nadbużański;PSG w Terespolu;Terespol – Brześć (drogowe);Białoruś;Pojazdy;Osobowy;550000,00;AUDI SQ8, rok produkcji 2022, koloru białego;szt.;1,0000;Straż Graniczna
27.07.2024 22:15:00;Do RP;przejście;Nadbużański;PSG w Dorohusku;Dorohusk – Jagodzin (drogowe);Ukraina;Papierosy;Papierosy;107,65;wniosek nr 63;szt.;132,0000;Straż Graniczna
27.07.2024 22:50:00;Z RP;przejście;Bieszczadzki;PSG w Korczowej;Korczowa – Krakowiec (drogowe);Ukraina;Pojazdy;Osobowy;65000,00;;szt.;1,0000;Straż Graniczna
28.07.2024 11:50:00;Z RP;przejście;Nadodrzański;PSG w Poznaniu-Ławicy;Poznań-Ławica (lotnicze);lotnicza;Amunicja;Ostra;2,00;5,56 NATO 223 REM;szt.;1,0000;Straż Graniczna
28.07.2024 13:59:00;Do RP;przejście;Nadbużański;PSG w Dorohusku;Dorohusk – Jagodzin (drogowe);Ukraina;Papierosy;Papierosy;473,01;;szt.;580,0000;SC | SG
28.07.2024 16:39:00;Z RP;przejście;Bieszczadzki;PSG w Medyce;Medyka – Szeginie (drogowe);Ukraina;Pojazdy;Osobowy;200000,00;Mercedes Sprinter;szt.;1,0000;Straż Graniczna
28.07.2024 17:15:00;Z RP;przejście;Nadbużański;PSG w Terespolu;Kukuryki – Kozłowiczy (drogowe);Białoruś;Pojazdy;Ciężarowy;450000,00;;szt.;1,0000;Policja | SG | SG
28.07.2024 17:15:00;Z RP;przejście;Nadbużański;PSG w Terespolu;Kukuryki – Kozłowiczy (drogowe);Białoruś;Pojazdy;Naczepa;350000,00;;szt.;1,0000;Policja | SG | SG
28.07.2024 17:45:00;Z RP;przejście;Nadodrzański;PSG w Poznaniu-Ławicy;Poznań-Ławica (lotnicze);lotnicza;Broń;inna/inne;15,00;pałka teleskopowa;szt.;1,0000;Straż Graniczna
29.07.2024 06:00:00;Z RP;przejście;Nadbużański;PSG w Dołhobyczowie;Dołhobyczów – Uhrynów (drogowe);Ukraina;Inne;inna/inne;100,00;Tablice rejestracyjne;szt.;2,0000;Straż Graniczna
29.07.2024 19:38:00;Do RP;przejście;Nadbużański;PSG w Dorohusku;Dorohusk – Jagodzin (drogowe);Ukraina;Papierosy;Papierosy;162,29;wniosek nr 64;szt.;199,0000;Straż Graniczna
29.07.2024 22:10:00;Z RP;przejście;Bieszczadzki;PSG w Korczowej;Korczowa – Krakowiec (drogowe);Ukraina;Pojazdy;Osobowy;150000,00;TOYOTA model  RAV4;szt.;1,0000;Straż Graniczna
29.07.2024 23:10:00;Do RP;przejście;Nadwiślański;PSG w Warszawie-Okęciu;Warszawa-Okęcie (lotnicze);lotnicza;Narkotyki;Kokaina;75,00;torebka strunowa z białym proszkiem;kg;0,0003;Straż Graniczna
30.07.2024 03:08:00;Do RP;przejście;Nadbużański;PSG w Hrebennem;Hrebenne – Rawa Ruska (drogowe);Ukraina;Tytoń;Tytoń do palenia;18,95;wkłady tytoniowe;kg;0,0324;Straż Graniczna
30.07.2024 14:00:00;Do RP;strefa;Nadodrzański;PSG w Świecku;;Niemcy;Narkotyki;Haszysz;131,00;;kg;0,0026;Straż Graniczna
30.07.2024 14:00:00;Do RP;strefa;Nadodrzański;PSG w Świecku;;Niemcy;Narkotyki;Haszysz;98,00;;kg;0,0020;Straż Graniczna
30.07.2024 15:20:00;Do RP;przejście;Nadbużański;PSG w Hrebennem;Hrebenne – Rawa Ruska (drogowe);Ukraina;Narkotyki;inna/inne;188,00;olejek  THC;szt.;1,0000;Straż Graniczna
30.07.2024 17:27:00;Do RP;przejście;Nadbużański;PSG w Dorohusku;Dorohusk – Jagodzin (drogowe);Ukraina;Papierosy;Papierosy;114,18;;szt.;140,0000;Straż Graniczna
30.07.2024 17:40:00;Do RP;przejście;Nadbużański;PSG w Dorohusku;Dorohusk – Jagodzin (drogowe);Ukraina;Papierosy;Papierosy;97,86;;szt.;120,0000;Straż Graniczna
30.07.2024 17:46:00;Do RP;przejście;Nadbużański;PSG w Dorohusku;Dorohusk – Jagodzin (drogowe);Ukraina;Papierosy;Papierosy;65,24;;szt.;80,0000;Straż Graniczna
31.07.2024 07:54:00;Z RP;przejście;Nadwiślański;PSG w Warszawie-Okęciu;Warszawa-Okęcie (lotnicze);lotnicza;Amunicja;Ostra;;o oznaczeniach: „S&B 9x19 NX 20” oraz ”G.F.L. 9mm LUGER”;szt.;2,0000;Straż Graniczna
31.07.2024 08:44:00;Do RP;przejście;Nadbużański;PSG w Terespolu;Terespol – Brześć (drogowe);Białoruś;Papierosy;Papierosy;4191,88;;szt.;5140,0000;KAS | SG
31.07.2024 09:00:00;wewnątrz kraju;strefa;Warmińsko-Mazurski;PSG w Bezledach;Bezledy – Bagrationowsk (drogowe);Rosja;Narkotyki;Marihuana;4,50;;kg;0,0001;Straż Graniczna
31.07.2024 09:20:00;wewnątrz kraju;kraj;Bieszczadzki;PSG w Rzeszowie–Jasionce;;wewnątrz kraju;Papierosy;Papierosy;2935,94;różne marki;szt.;3600,0000;Straż Graniczna
31.07.2024 09:30:00;Do RP;przejście;Nadbużański;PSG w Dorohusku;Dorohusk – Jagodzin (drogowe);Ukraina;Amunicja;inna/inne;;ŁUSKA KALIBER 20 MM;szt.;1,0000;SC | SG
31.07.2024 16:10:00;Z RP;strefa;Śląski;PSG w Katowicach-Pyrzowicach;;lotnicza;Broń;inna/inne;100,00;Przedmiot przypominający pałkę;szt.;1,0000;Straż Graniczna
31.07.2024 16:20:00;wewnątrz kraju;strefa;Podlaski;PSG w Narewce;;Białoruś;Narkotyki;Amfetamina;280,00;;kg;0,0040;Straż Graniczna
31.07.2024 20:41:00;Z RP;przejście;Nadwiślański;PSG w Warszawie-Okęciu;Warszawa-Okęcie (lotnicze);lotnicza;Narkotyki;Marihuana;25497,90;susz rośliny;kg;0,5666;Straż Graniczna
01.08.2024 03:00:00;Do RP;strefa;Nadodrzański;PSG w Świecku;;Niemcy;Pojazdy;Osobowy;90000,00;NISSAN QASHQAI;szt.;1,0000;Straż Graniczna
01.08.2024 03:20:00;Do RP;przejście;Bieszczadzki;PSG w Medyce;Medyka – Szeginie (drogowe);Ukraina;Papierosy;Papierosy;27,73;West;szt.;34,0000;Straż Graniczna
01.08.2024 10:00:00;Do RP;przejście;Nadbużański;PSG w Terespolu;Kukuryki – Kozłowiczy (drogowe);Białoruś;Papierosy;Papierosy;4893,24;;szt.;6000,0000;Straż Graniczna
01.08.2024 10:40:00;wewnątrz kraju;strefa;Bieszczadzki;PSG w Krościenku;;Ukraina;Papierosy;Papierosy;195,73;;szt.;240,0000;Straż Graniczna
01.08.2024 10:40:00;wewnątrz kraju;strefa;Bieszczadzki;PSG w Krościenku;;Ukraina;Alkohol;Wódka;60,00;;litr;1,5000;Straż Graniczna
01.08.2024 12:00:00;Do RP;przejście;Nadbużański;PSG w Terespolu;Terespol – Brześć (drogowe);Białoruś;Papierosy;Papierosy;42,41;;szt.;52,0000;Straż Graniczna
01.08.2024 12:30:00;Do RP;przejście;Nadbużański;PSG w Terespolu;Terespol – Brześć (drogowe);Białoruś;Papierosy;Papierosy;65,24;;szt.;80,0000;Straż Graniczna
02.08.2024 06:15:00;Do RP;przejście;Nadbużański;PSG w Dorohusku;Dorohusk – Jagodzin (drogowe);Ukraina;Papierosy;Papierosy;101,94;;szt.;125,0000;Straż Graniczna
02.08.2024 07:20:00;wewnątrz kraju;strefa;Bieszczadzki;PSG w Krościenku;;Ukraina;Papierosy;Papierosy;48,93;;szt.;60,0000;Straż Graniczna
02.08.2024 07:20:00;wewnątrz kraju;strefa;Bieszczadzki;PSG w Krościenku;;Ukraina;Alkohol;Wódka;200,00;;litr;5,0000;Straż Graniczna
02.08.2024 08:18:00;Z RP;przejście;Bieszczadzki;PSG w Lubaczowie;Budomierz – Hruszew (drogowe);Ukraina;Pojazdy;Osobowy;28000,00;SSANGYONG Korando 2.0 XVT nr VIN KPTA0B1SSBP020177;szt.;1,0000;Straż Graniczna
02.08.2024 09:50:00;Z RP;przejście;Nadodrzański;PSG we Wrocławiu-Strachowicach;Wrocław-Strachowice (lotnicze);lotnicza;Amunicja;Ostra;2,00;;szt.;2,0000;Straż Graniczna
02.08.2024 10:40:00;wewnątrz kraju;strefa;Podlaski;PSG w Kuźnicy;;Białoruś;Papierosy;Papierosy;244,66;„MINSK” oraz „QUEEN” ;szt.;300,0000;Straż Graniczna
02.08.2024 10:40:00;wewnątrz kraju;strefa;Podlaski;PSG w Kuźnicy;;Białoruś;Papierosy;Papierosy;244,66;„MINSK” oraz „QUEEN” ;szt.;300,0000;Straż Graniczna
02.08.2024 13:00:00;wewnątrz kraju;kraj;Nadbużański;PSG w Terespolu;;wewnątrz kraju;Pojazdy;Osobowy;150000,00;LEXUS;szt.;1,0000;Policja | Policja | SG
02.08.2024 19:50:00;Do RP;przejście;Bieszczadzki;PSG w Medyce;Medyka – Szeginie (drogowe);Ukraina;Tytoń;Tytoń do palenia (wkłady);30,95;"Wybory nowatorskie marki ""HEETS""";kg;0,0106;Straż Graniczna
03.08.2024 07:05:00;Z RP;przejście;Karpacki;PSG w Krakowie-Balicach;Kraków-Balice (lotnicze);lotnicza;Amunicja;Ostra;2,00;1 szt. amunicji ostrej 5,45 od AK 74.;szt.;1,0000;Straż Graniczna
03.08.2024 14:22:00;Z RP;przejście;Nadbużański;PSG w Terespolu;Terespol – Brześć (drogowe);Białoruś;Inne;inna/inne;4217,70;usunięcie spod dozoru celnego ON w ilości 510 litrów o wartości rynkowej 4217,70 zł;litr;510,0000;KAS
03.08.2024 19:49:00;wewnątrz kraju;kraj;Karpacki;PSG w Kielcach;;wewnątrz kraju;Papierosy;Papierosy;88912,62;;szt.;109023,0000;Straż Graniczna
03.08.2024 21:46:00;Do RP;przejście;Nadbużański;PSG w Dorohusku;Dorohusk – Jagodzin (drogowe);Ukraina;Papierosy;Papierosy;146,80;WNIOSEK NR 69;szt.;180,0000;Straż Graniczna
03.08.2024 22:00:00;Do RP;przejście;Nadbużański;PSG w Dorohusku;Dorohusk – Jagodzin (drogowe);Ukraina;Papierosy;Papierosy;107,65;WNIOSEK NR 70;szt.;132,0000;Straż Graniczna
04.08.2024 08:55:00;Z RP;przejście;Warmińsko-Mazurski;PSG w Grzechotkach;Grzechotki – Mamonowo II (drogowe);Rosja;Broń;Palna;3350,00;GLOCK 45;szt.;1,0000;Straż Graniczna
04.08.2024 08:55:00;Z RP;przejście;Warmińsko-Mazurski;PSG w Grzechotkach;Grzechotki – Mamonowo II (drogowe);Rosja;Amunicja;Ostra;103,39;;szt.;49,0000;Straż Graniczna
04.08.2024 20:00:00;Do RP;przejście;Nadbużański;PSG w Hrebennem;Hrebenne – Rawa Ruska (drogowe);Ukraina;Alkohol;Spirytus;160,00;alkohol 2litry sopirytusu ( steżenie 40%);litr;2,0000;KAS
04.08.2024 21:25:00;Do RP;przejście;Karpacki;PSG w Krakowie-Balicach;Kraków-Balice (lotnicze);lotnicza;Papierosy;Papierosy;16424,98;opakowania koloru czerwonego bez polskich znaków akcyzy z napisem American Legend w ilości 1007 po 20 sztuk w paczce;szt.;20140,0000;Straż Graniczna
05.08.2024 07:20:00;wewnątrz kraju;kraj;Warmińsko-Mazurski;PSG w Bezledach;;wewnątrz kraju;Pojazdy;Osobowy;120000,00;VIN: NMTK53BX10R031288;szt.;1,0000;Straż Graniczna
05.08.2024 07:20:00;wewnątrz kraju;kraj;Warmińsko-Mazurski;PSG w Bezledach;;wewnątrz kraju;Pojazdy;Osobowy;160000,00;VIN: JTMRW3FV10D674398;szt.;1,0000;Straż Graniczna
05.08.2024 07:20:00;wewnątrz kraju;kraj;Warmińsko-Mazurski;PSG w Bezledach;;wewnątrz kraju;Pojazdy;Osobowy;160000,00;VIN: JTMW53FV70D004359;szt.;1,0000;Straż Graniczna
05.08.2024 12:30:00;wewnątrz kraju;kraj;Nadodrzański;PSG w Świecku;;wewnątrz kraju;Pojazdy;Osobowy;150000,00;TOYOTA RAV4;szt.;1,0000;Straż Graniczna
05.08.2024 13:05:00;Do RP;przejście;Nadbużański;PSG w Dorohusku;Dorohusk – Jagodzin (drogowe);Ukraina;Papierosy;Papierosy;131,30;;szt.;161,0000;Straż Graniczna
05.08.2024 13:15:00;Do RP;przejście;Nadbużański;PSG w Dorohusku;Dorohusk – Jagodzin (drogowe);Ukraina;Papierosy;Papierosy;63,61;;szt.;78,0000;Straż Graniczna
05.08.2024 13:30:00;Do RP;przejście;Nadbużański;PSG w Dorohusku;Dorohusk – Jagodzin (drogowe);Ukraina;Papierosy;Papierosy;81,55;;szt.;100,0000;Straż Graniczna
05.08.2024 13:40:00;Do RP;przejście;Nadbużański;PSG w Dorohusku;Dorohusk – Jagodzin (drogowe);Ukraina;Papierosy;Papierosy;163,11;;szt.;200,0000;Straż Graniczna
05.08.2024 13:40:00;Do RP;przejście;Nadbużański;PSG w Dorohusku;Dorohusk – Jagodzin (drogowe);Ukraina;Alkohol;Wódka;27,30;;litr;2,1000;Straż Graniczna
05.08.2024 18:26:00;Z RP;przejście;Bieszczadzki;PSG w Medyce;Medyka – Szeginie (drogowe);Ukraina;Inne;Podzespoły samochodowe;3000,00;lewe tylne drzwi samochodu marki LEXUS model ES300 koloru czerwonego;szt.;1,0000;Straż Graniczna
05.08.2024 19:00:00;Do RP;przejście;Nadbużański;PSG w Terespolu;Terespol – Brześć (drogowe);Białoruś;Papierosy;Papierosy;326,22;;szt.;400,0000;KAS | SG
05.08.2024 19:30:00;Z RP;przejście;Nadodrzański;PSG w Poznaniu-Ławicy;Poznań-Ławica (lotnicze);lotnicza;Inne;inna/inne;100,00;Kastet;szt.;1,0000;Straż Graniczna
06.08.2024 05:15:00;Do RP;przejście;Nadbużański;PSG w Hrebennem;Hrebenne – Rawa Ruska (drogowe);Ukraina;Broń;inna/inne;50,00;broń biała w postaci kastetu;szt.;1,0000;SC
06.08.2024 06:00:00;Z RP;przejście;Nadbużański;PSG w Hrebennem;Hrebenne – Rawa Ruska (drogowe);Ukraina;Inne;Podzespoły samochodowe;10000,00;4xdrzwi;szt.;4,0000;Straż Graniczna
06.08.2024 06:00:00;Z RP;przejście;Nadbużański;PSG w Hrebennem;Hrebenne – Rawa Ruska (drogowe);Ukraina;Inne;Podzespoły samochodowe;3000,00;Tylna klapa bagażnika;szt.;1,0000;Straż Graniczna
06.08.2024 13:10:00;wewnątrz kraju;strefa;Nadodrzański;PSG w Jeleniej Górze;;Czechy;Inne;inna/inne;278030,76;liść tytoniowy;kg;475,2500;Straż Graniczna
06.08.2024 18:35:00;Do RP;przejście;Nadbużański;PSG w Dorohusku;Dorohusk – Jagodzin (drogowe);Ukraina;Papierosy;Papierosy;65,24;wniosek 75;szt.;80,0000;Straż Graniczna
07.08.2024 08:00:00;wewnątrz kraju;kraj;Nadbużański;PSG w Terespolu;;wewnątrz kraju;Pojazdy;Osobowy;160000,00; TOYOTA RAV4, nr rej. LUB 95788, rok produkcji 2021, koloru szary/srebrny VIN JTMW23FV20J036680;szt.;1,0000;Policja | SG
07.08.2024 14:30:00;Do RP;przejście;Nadbużański;PSG w Terespolu;Terespol – Brześć (drogowe);Białoruś;Papierosy;Papierosy;212,04;wyroby tytoniowe bez polskich znaków skarbowych akcyzy w postaci papierosów w ilości 260 sztuk o łącznej wartości 212,04zł;szt.;260,0000;Straż Graniczna
07.08.2024 15:05:00;wewnątrz kraju;kraj;Morski;PSG we Władysławowie;;wewnątrz kraju;Narkotyki;Marihuana;22000,56;Ziele konopi innych niż włókniste;kg;0,1160;inny
07.08.2024 16:00:00;wewnątrz kraju;strefa;Nadbużański;PSG w Terespolu;;Białoruś;Papierosy;Papierosy;8155,40;10 000 sztuk ( 500 paczek) marki „Nz Gold” o łącznej wartości 8155,4 zł;szt.;10000,0000;Straż Graniczna
07.08.2024 18:00:00;wewnątrz kraju;strefa;Podlaski;PSG w Rutce-Tartak;;Litwa;Pojazdy;Osobowy;100000,00;Land Rover Discovery nr rej. VSPP111 ;szt.;1,0000;Straż Graniczna
08.08.2024 07:50:00;wewnątrz kraju;kraj;Nadbużański;PSG w Lublinie;;wewnątrz kraju;Papierosy;Papierosy;81554,00;Marlboro bez polskich znaków akcyzy;szt.;100000,0000;Straż Graniczna
08.08.2024 12:30:00;Z RP;przejście;Bieszczadzki;PSG w Rzeszowie–Jasionce;Rzeszów-Jasionka (lotnicze);lotnicza;Amunicja;Ostra;2,00;9mm Parabellum;szt.;1,0000;Straż Graniczna
08.08.2024 14:50:00;Z RP;przejście;Nadbużański;PSG w Dołhobyczowie;Dołhobyczów – Uhrynów (drogowe);Ukraina;Pojazdy;inna/inne;2500,00;Rower KTM Chicago 275;szt.;1,0000;Straż Graniczna
08.08.2024 15:50:00;Do RP;przejście;Nadbużański;PSG w Terespolu;Kukuryki – Kozłowiczy (drogowe);Białoruś;Papierosy;Papierosy;815,54;na wniosek SG do UC numer 64 z dnia 08.08.2024 r. ;szt.;1000,0000;Straż Graniczna
08.08.2024 15:50:00;Do RP;przejście;Nadbużański;PSG w Terespolu;Kukuryki – Kozłowiczy (drogowe);Białoruś;Alkohol;inna/inne;40,00;na wniosek SG do UC numer 64 z dnia 08.08.2024 r. ;litr;1,0000;Straż Graniczna
08.08.2024 15:50:00;Do RP;przejście;Nadbużański;PSG w Terespolu;Kukuryki – Kozłowiczy (drogowe);Białoruś;Papierosy;Papierosy;2446,62;na wniosek SG do UC numer 65 z dnia 08.08.2024 r. ;szt.;3000,0000;Straż Graniczna
08.08.2024 15:50:00;Do RP;przejście;Nadbużański;PSG w Terespolu;Kukuryki – Kozłowiczy (drogowe);Białoruś;Inne;inna/inne;70,00;na wniosek SG do UC numer 65 z dnia 08.08.2024 r. olej napędowy;litr;20,0000;Straż Graniczna
08.08.2024 16:00:00;Do RP;przejście;Nadbużański;PSG w Dołhobyczowie;Dołhobyczów – Uhrynów (drogowe);Ukraina;Pojazdy;Osobowy;220000,00;;szt.;1,0000;Straż Graniczna
09.08.2024 07:00:00;Do RP;przejście;Nadbużański;PSG w Terespolu;Terespol – Brześć (drogowe);Białoruś;Papierosy;Papierosy;81,55;;szt.;100,0000;KAS | SG
09.08.2024 07:00:00;Do RP;przejście;Nadbużański;PSG w Terespolu;Terespol – Brześć (drogowe);Białoruś;Papierosy;Papierosy;978,65;;szt.;1200,0000;KAS | SG
09.08.2024 07:00:00;Do RP;przejście;Nadbużański;PSG w Terespolu;Terespol – Brześć (drogowe);Białoruś;Papierosy;Papierosy;114,18;;szt.;140,0000;KAS | SG
09.08.2024 07:00:00;Do RP;przejście;Nadbużański;PSG w Terespolu;Terespol – Brześć (drogowe);Białoruś;Papierosy;Papierosy;1467,97;;szt.;1800,0000;KAS | SG
09.08.2024 15:00:00;Do RP;przejście;Nadbużański;PSG w Dorohusku;Dorohusk – Jagodzin (drogowe);Ukraina;Papierosy;Papierosy;65,24;;szt.;80,0000;Straż Graniczna
09.08.2024 15:10:00;Do RP;przejście;Nadbużański;PSG w Dorohusku;Dorohusk – Jagodzin (drogowe);Ukraina;Papierosy;Papierosy;179,42;;szt.;220,0000;Straż Graniczna
09.08.2024 15:15:00;Do RP;przejście;Nadbużański;PSG w Dorohusku;Dorohusk – Jagodzin (drogowe);Ukraina;Papierosy;Papierosy;244,66;;szt.;300,0000;Straż Graniczna
09.08.2024 15:25:00;Do RP;przejście;Nadbużański;PSG w Dorohusku;Dorohusk – Jagodzin (drogowe);Ukraina;Papierosy;Papierosy;146,80;;szt.;180,0000;Straż Graniczna
09.08.2024 18:55:00;Z RP;przejście;Warmińsko-Mazurski;PSG w Bezledach;Bezledy – Bagrationowsk (drogowe);Rosja;Pojazdy;Osobowy;5000,00;pojazd nr VIN KPTG0B1FS5P207717;szt.;1,0000;Straż Graniczna
09.08.2024 21:30:00;Do RP;strefa;Nadodrzański;PSG w Świecku;;Niemcy;Pojazdy;Ciężarowy;70000,00;;szt.;1,0000;Straż Graniczna
09.08.2024 21:30:00;Do RP;strefa;Nadodrzański;PSG w Świecku;;Niemcy;Pojazdy;inna/inne;15000,00;rower elektryczny marki CUBE;szt.;1,0000;Straż Graniczna
09.08.2024 23:04:00;Do RP;strefa;Morski;PSG w Szczecinie;;Niemcy;Narkotyki;Haszysz;450,00;;kg;0,0090;Straż Graniczna
10.08.2024 05:40:00;Z RP;strefa;Śląski;PSG w Katowicach-Pyrzowicach;;lotnicza;Broń;inna/inne;70,00;Przedmiot przypominający pałkę;szt.;1,0000;Straż Graniczna
10.08.2024 12:00:00;Do RP;przejście;Nadbużański;PSG w Dołhobyczowie;Dołhobyczów – Uhrynów (drogowe);Ukraina;Płyn do e-papierosów;Płyn do e-papierosów;228,80;;litr;0,1760;SC
10.08.2024 12:00:00;Do RP;przejście;Nadbużański;PSG w Dołhobyczowie;Dołhobyczów – Uhrynów (drogowe);Ukraina;Tytoń;Tytoń do palenia;31,59;wyroby nowatorskie;kg;0,0540;SC
10.08.2024 15:00:00;Do RP;przejście;Nadbużański;PSG w Terespolu;Terespol – Brześć (drogowe);Białoruś;Papierosy;Papierosy;32,62;;szt.;40,0000;Straż Graniczna
10.08.2024 20:50:00;Do RP;przejście;Nadbużański;PSG w Terespolu;Kukuryki – Kozłowiczy (drogowe);Białoruś;Papierosy;Papierosy;489,32;na wniosek SG do UC numer 66 z dnia 10.08.2024 r. ;szt.;600,0000;Straż Graniczna
10.08.2024 22:53:00;Do RP;przejście;Nadbużański;PSG w Dorohusku;Dorohusk – Jagodzin (drogowe);Ukraina;Papierosy;Papierosy;57,90;WNIOSEK NR 76;szt.;71,0000;Straż Graniczna
10.08.2024 23:11:00;Do RP;przejście;Nadbużański;PSG w Dorohusku;Dorohusk – Jagodzin (drogowe);Ukraina;Papierosy;Papierosy;97,86;WNIOSEK NR 81;szt.;120,0000;Straż Graniczna
10.08.2024 23:22:00;Do RP;przejście;Nadbużański;PSG w Dorohusku;Dorohusk – Jagodzin (drogowe);Ukraina;Tytoń;Tytoń do palenia;24,80;WNIOSEK NR 82 wkłady tytoniowe;kg;0,0424;Straż Graniczna
10.08.2024 23:31:00;Do RP;przejście;Nadbużański;PSG w Dorohusku;Dorohusk – Jagodzin (drogowe);Ukraina;Papierosy;Papierosy;146,80;WNIOSEK NR 83;szt.;180,0000;Straż Graniczna
10.08.2024 23:44:00;Do RP;przejście;Nadbużański;PSG w Dorohusku;Dorohusk – Jagodzin (drogowe);Ukraina;Papierosy;Papierosy;130,49;WNIOSEK NR 84;szt.;160,0000;Straż Graniczna
11.08.2024 00:40:00;Do RP;przejście;Nadbużański;PSG w Dorohusku;Dorohusk – Jagodzin (drogowe);Ukraina;Papierosy;Papierosy;48,93;;szt.;60,0000;Straż Graniczna
11.08.2024 02:55:00;Do RP;przejście;Nadbużański;PSG w Terespolu;Kukuryki – Kozłowiczy (drogowe);Białoruś;Papierosy;Papierosy;652,43;na wniosek SG do UC numer 67 z dnia 11.08.2024r. ;szt.;800,0000;Straż Graniczna
11.08.2024 07:20:00;Do RP;przejście;Bieszczadzki;PSG w Medyce;Medyka – Szeginie (drogowe);Ukraina;Papierosy;Papierosy;97,86;5 paczek po 20 sztuk marki IMPERIAL CLASSIC, 1 paczka- 20 sztuk marki Imperial Purple;szt.;120,0000;Straż Graniczna
11.08.2024 10:20:00;Do RP;przejście;Nadbużański;PSG w Hrebennem;Hrebenne – Rawa Ruska (drogowe);Ukraina;Broń;inna/inne;40,00;Broń biała w postaci kastetu;szt.;1,0000;SC
11.08.2024 11:20:00;Do RP;przejście;Nadbużański;PSG w Terespolu;Terespol – Brześć (drogowe);Białoruś;Papierosy;Papierosy;57,90;wyroby tytoniowe bez polskich znaków skarbowych akcyzy w postaci papierosów w ilości 71 sztuk o łącznej wartości 57,90zł;szt.;71,0000;Straż Graniczna
11.08.2024 14:15:00;Do RP;przejście;Nadbużański;PSG w Hrebennem;Hrebenne – Rawa Ruska (drogowe);Ukraina;Amunicja;inna/inne;2,00;Amunicja myśliwska kaliber 12/70mm;szt.;1,0000;Straż Graniczna
11.08.2024 15:00:00;Do RP;strefa;Nadbużański;PSG w Lubyczy Królewskiej;;Ukraina;Papierosy;Papierosy;228,35;;szt.;280,0000;Straż Graniczna
11.08.2024 23:10:00;Do RP;przejście;Bieszczadzki;PSG w Korczowej;Korczowa – Krakowiec (drogowe);Ukraina;Broń;inna/inne;100,00;Broń biała w postaci kastetu;szt.;1,0000;KAS | SG
12.08.2024 06:00:00;Do RP;przejście;Nadbużański;PSG w Dorohusku;Dorohusk – Jagodzin (drogowe);Ukraina;Papierosy;Papierosy;163,11;WNIOSEK 88;szt.;200,0000;Straż Graniczna
12.08.2024 06:00:00;Do RP;przejście;Nadbużański;PSG w Dorohusku;Dorohusk – Jagodzin (drogowe);Ukraina;Papierosy;Papierosy;81,55;;szt.;100,0000;Straż Graniczna
12.08.2024 06:05:00;wewnątrz kraju;kraj;Morski;PSG w Szczecinie;;wewnątrz kraju;Pojazdy;Motocykl;100000,00;motocykl marki BMW S1000RR, nr VIN WB1050707AZV38082 z silnikiem motocykla o numerze 104EA25118093 okazał się silnikiem pochodzącym z innego motocykla, figurującego jako utracony. ;szt.;1,0000;Straż Graniczna
12.08.2024 06:05:00;wewnątrz kraju;kraj;Morski;PSG w Szczecinie;;wewnątrz kraju;Pojazdy;Osobowy;200000,00;;szt.;1,0000;Straż Graniczna
12.08.2024 06:17:00;Do RP;przejście;Nadbużański;PSG w Dorohusku;Dorohusk – Jagodzin (drogowe);Ukraina;Papierosy;Papierosy;102,76;;szt.;126,0000;Straż Graniczna
12.08.2024 10:30:00;Do RP;przejście;Nadbużański;PSG w Dołhobyczowie;Dołhobyczów – Uhrynów (drogowe);Ukraina;Broń;inna/inne;200,00;metalowy kastet;szt.;1,0000;SC | SG
12.08.2024 16:30:00;Z RP;przejście;Karpacki;PSG w Krakowie-Balicach;Kraków-Balice (lotnicze);lotnicza;Amunicja;Ostra;3,00;;szt.;1,0000;Straż Graniczna
12.08.2024 18:15:00;Do RP;przejście;Bieszczadzki;PSG w Korczowej;Korczowa – Krakowiec (drogowe);Ukraina;Amunicja;Ostra;4,00;7.62x39  mm;szt.;1,0000;Straż Graniczna
13.08.2024 03:20:00;Do RP;przejście;Nadbużański;PSG w Hrebennem;Hrebenne – Rawa Ruska (drogowe);Ukraina;Broń;Palna;325,00;Pistolet sygnałowy marki RETAY S20, kalibr 9mm wraz z jednym magazynkiem;szt.;1,0000;Straż Graniczna
13.08.2024 03:20:00;Do RP;przejście;Nadbużański;PSG w Hrebennem;Hrebenne – Rawa Ruska (drogowe);Ukraina;Amunicja;inna/inne;102,83;Amunicja alarmowej kal. 9 P.A.K. ;szt.;91,0000;Straż Graniczna
13.08.2024 04:13:00;Z RP;przejście;Bieszczadzki;PSG w Medyce;Medyka – Szeginie (drogowe);Ukraina;Inne;inna/inne;;tablice rejestracyjne nr DLJ685;szt.;2,0000;Straż Graniczna
13.08.2024 07:00:00;wewnątrz kraju;kraj;Nadbużański;PSG w Hrubieszowie;;wewnątrz kraju;Pojazdy;Motocykl;90000,00;BMW GS 1250;szt.;1,0000;Policja | SG
13.08.2024 09:25:00;Do RP;przejście;Nadbużański;PSG w Dorohusku;Dorohusk – Jagodzin (drogowe);Ukraina;Papierosy;Papierosy;65,24;;szt.;80,0000;KAS | SG
13.08.2024 12:41:00;Do RP;przejście;Nadbużański;PSG w Dorohusku;Dorohusk – Jagodzin (drogowe);Ukraina;Papierosy;Papierosy;48,93;;szt.;60,0000;Straż Graniczna
13.08.2024 12:51:00;Do RP;przejście;Nadbużański;PSG w Dorohusku;Dorohusk – Jagodzin (drogowe);Ukraina;Papierosy;Papierosy;81,55;;szt.;100,0000;Straż Graniczna
13.08.2024 12:57:00;Do RP;przejście;Nadbużański;PSG w Dorohusku;Dorohusk – Jagodzin (drogowe);Ukraina;Papierosy;Papierosy;114,18;;szt.;140,0000;Straż Graniczna
13.08.2024 19:10:00;Do RP;przejście;Nadbużański;PSG w Terespolu;Terespol – Brześć (drogowe);Białoruś;Papierosy;Papierosy;1174,38;;szt.;1440,0000;KAS | SG
13.08.2024 20:10:00;wewnątrz kraju;kraj;Warmińsko-Mazurski;PSG w Olsztynie;;wewnątrz kraju;Alkohol;Spirytus;270620,00;;litr;2850,0000;KAS | SG
13.08.2024 21:00:00;Z RP;strefa;Śląski;PSG w Katowicach-Pyrzowicach;Katowice-Pyrzowice (lotnicze);lotnicza;Narkotyki;Kokaina;706,20;;kg;0,0021;Straż Graniczna
13.08.2024 21:00:00;Z RP;strefa;Śląski;PSG w Katowicach-Pyrzowicach;Katowice-Pyrzowice (lotnicze);lotnicza;Narkotyki;inna/inne;2073,75;metaamfetamina;kg;0,0198;Straż Graniczna
13.08.2024 21:00:00;Z RP;strefa;Śląski;PSG w Katowicach-Pyrzowicach;Katowice-Pyrzowice (lotnicze);lotnicza;Narkotyki;Extasy;459,00;;tabletka;27,0000;Straż Graniczna
13.08.2024 21:00:00;Z RP;strefa;Śląski;PSG w Katowicach-Pyrzowicach;Katowice-Pyrzowice (lotnicze);lotnicza;Narkotyki;Grzyby halucynogenne;874,50;;kg;0,0175;Straż Graniczna
14.08.2024 04:00:00;Do RP;przejście;Nadbużański;PSG w Terespolu;Terespol – Brześć (drogowe);Białoruś;Alkohol;Wódka;60,00;;litr;1,5000;Straż Graniczna
14.08.2024 04:25:00;wewnątrz kraju;strefa;Podlaski;PSG w Kuźnicy;;Białoruś;Papierosy;Papierosy;9786,48;MINSK;szt.;12000,0000;Straż Graniczna
14.08.2024 04:50:00;Do RP;przejście;Nadbużański;PSG w Dorohusku;Dorohusk – Jagodzin (drogowe);Ukraina;Papierosy;Papierosy;65,24;WNIOSEK NR 92;szt.;80,0000;Straż Graniczna
14.08.2024 04:50:00;Do RP;przejście;Nadbużański;PSG w Dorohusku;Dorohusk – Jagodzin (drogowe);Ukraina;Tytoń;Tytoń do palenia;21,41;WNIOSEK NR 93 wkłady tytoniowe;kg;0,0366;Straż Graniczna
14.08.2024 08:00:00;wewnątrz kraju;kraj;Morski;PSG w Elblągu;;wewnątrz kraju;Tytoń;susz tytoniowy;549414,00;;kg;900,0000;Straż Graniczna
14.08.2024 08:37:00;Z RP;przejście;Bieszczadzki;PSG w Medyce;Medyka – Szeginie (drogowe);Ukraina;Amunicja;Ostra;2,50;amunicja kal. 7,62 mm x 39mm;szt.;1,0000;Straż Graniczna
14.08.2024 11:00:00;Do RP;przejście;Bieszczadzki;PSG w Medyce;Medyka – Szeginie (drogowe);Ukraina;Papierosy;Papierosy;97,86;marka SOBRANIE;szt.;120,0000;Straż Graniczna
14.08.2024 17:25:00;Do RP;przejście;Nadbużański;PSG w Dorohusku;Dorohusk – Jagodzin (drogowe);Ukraina;Papierosy;Papierosy;48,93;WNIOSEK NR 94;szt.;60,0000;Straż Graniczna
14.08.2024 23:30:00;Z RP;przejście;Nadbużański;PSG w Hrebennem;Hrebenne – Rawa Ruska (drogowe);Ukraina;Pojazdy;Osobowy;65000,00;Fiat Doblo ;szt.;1,0000;Straż Graniczna
15.08.2024 01:31:00;Do RP;przejście;Nadbużański;PSG w Dorohusku;Dorohusk – Jagodzin (drogowe);Ukraina;Papierosy;Papierosy;81,55;;szt.;100,0000;Straż Graniczna
15.08.2024 09:30:00;Do RP;strefa;Nadodrzański;PSG w Świecku;;Niemcy;Pojazdy;Osobowy;70000,00;Nissan Qashqai;szt.;1,0000;Straż Graniczna
15.08.2024 14:20:00;Z RP;strefa;Morski;PSG w Gdańsku;;lotnicza;Amunicja;Ostra;10,00;02 sztuki amunicji o oznaczeniu na łusce REM 223;szt.;2,0000;inny | SG
15.08.2024 14:30:00;Z RP;przejście;Karpacki;PSG w Krakowie-Balicach;Kraków-Balice (lotnicze);lotnicza;Amunicja;Ostra;3,00;;szt.;1,0000;Straż Graniczna
15.08.2024 17:20:00;Z RP;przejście;Nadodrzański;PSG w Poznaniu-Ławicy;Poznań-Ławica (lotnicze);lotnicza;Broń;inna/inne;70,00;Pałka teleskopowa;szt.;1,0000;Straż Graniczna
15.08.2024 23:50:00;Z RP;przejście;Bieszczadzki;PSG w Medyce;Medyka – Szeginie (drogowe);Ukraina;Pojazdy;Osobowy;40000,00;ROK PRODUKCJI 2011;szt.;1,0000;Straż Graniczna
16.08.2024 02:35:00;Do RP;przejście;Nadbużański;PSG w Dorohusku;Dorohusk – Jagodzin (drogowe);Ukraina;Papierosy;Papierosy;44,85;;szt.;55,0000;Straż Graniczna
16.08.2024 09:30:00;Z RP;przejście;Bieszczadzki;PSG w Korczowej;Korczowa – Krakowiec (drogowe);Ukraina;Pojazdy;inna/inne;5000,00;przyczepka samochodowa marki ANSSEMS;szt.;1,0000;Straż Graniczna
16.08.2024 16:40:00;Do RP;przejście;Nadbużański;PSG w Dorohusku;Dorohusk – Jagodzin (drogowe);Ukraina;Papierosy;Papierosy;48,93;;szt.;60,0000;Straż Graniczna
16.08.2024 17:00:00;Do RP;przejście;Nadbużański;PSG w Dorohusku;Dorohusk – Jagodzin (drogowe);Ukraina;Papierosy;Papierosy;84,82;;szt.;104,0000;Straż Graniczna
16.08.2024 17:00:00;Do RP;przejście;Nadbużański;PSG w Dorohusku;Dorohusk – Jagodzin (drogowe);Ukraina;Papierosy;Papierosy;146,80;;szt.;180,0000;Straż Graniczna
16.08.2024 17:01:00;Do RP;przejście;Nadbużański;PSG w Dorohusku;Dorohusk – Jagodzin (drogowe);Ukraina;Papierosy;Papierosy;97,86;;szt.;120,0000;Straż Graniczna
16.08.2024 17:38:00;Do RP;przejście;Nadbużański;PSG w Dorohusku;Dorohusk – Jagodzin (drogowe);Ukraina;Papierosy;Papierosy;65,24;;szt.;80,0000;Straż Graniczna
16.08.2024 19:00:00;wewnątrz kraju;strefa;Podlaski;PSG w Kuźnicy;Kuźnica – Bruzgi (drogowe);Białoruś;Narkotyki;Marihuana;2,48;;kg;0,0001;Straż Graniczna
16.08.2024 19:10:00;Z RP;strefa;Śląski;PSG w Katowicach-Pyrzowicach;;lotnicza;Amunicja;Ostra;2,30;Amunicja koloru żółtego z napisem na spodzie łuski PPU 32 AUTO.;szt.;1,0000;Straż Graniczna
17.08.2024 07:35:00;Do RP;przejście;Warmińsko-Mazurski;PSG w Bezledach;Bezledy – Bagrationowsk (drogowe);Rosja;Papierosy;Papierosy;163,11;;szt.;200,0000;Straż Graniczna
17.08.2024 07:35:00;Do RP;przejście;Warmińsko-Mazurski;PSG w Bezledach;Bezledy – Bagrationowsk (drogowe);Rosja;Alkohol;Wódka;400,00;;litr;5,0000;Straż Graniczna
17.08.2024 08:15:00;Do RP;przejście;Bieszczadzki;PSG w Medyce;Medyka – Szeginie (drogowe);Ukraina;Papierosy;Papierosy;15,50;marka PARLIAMENT  SOHONYC;szt.;19,0000;Straż Graniczna
17.08.2024 08:45:00;Z RP;przejście;Bieszczadzki;PSG w Medyce;Medyka – Szeginie (drogowe);Ukraina;Amunicja;Ostra;3,00;kal. 5,56mm MEN 22;szt.;1,0000;Straż Graniczna
17.08.2024 12:31:00;Do RP;przejście;Nadbużański;PSG w Dorohusku;Dorohusk – Jagodzin (drogowe);Ukraina;Papierosy;Papierosy;32,62;;szt.;40,0000;Straż Graniczna
18.08.2024 07:45:00;wewnątrz kraju;strefa;Podlaski;PSG w Kuźnicy;;Białoruś;Papierosy;Papierosy;16310,80;MIŃSK;szt.;20000,0000;Straż Graniczna
18.08.2024 07:45:00;wewnątrz kraju;strefa;Podlaski;PSG w Kuźnicy;;Białoruś;Papierosy;Papierosy;13048,64;NZ;szt.;16000,0000;Straż Graniczna
18.08.2024 11:00:00;Do RP;przejście;Nadbużański;PSG w Dorohusku;Dorohusk – Jagodzin (drogowe);Ukraina;Papierosy;Papierosy;48,93;;szt.;60,0000;Straż Graniczna
18.08.2024 11:00:00;Do RP;przejście;Nadbużański;PSG w Dorohusku;Dorohusk – Jagodzin (drogowe);Ukraina;Papierosy;Papierosy;32,62;;szt.;40,0000;Straż Graniczna
18.08.2024 13:30:00;Do RP;przejście;Bieszczadzki;PSG w Medyce;Medyka – Szeginie (drogowe);Ukraina;Broń;inna/inne;70,00;KASTET;szt.;1,0000;Straż Graniczna
18.08.2024 21:00:00;Do RP;przejście;Nadbużański;PSG w Terespolu;Terespol – Brześć (drogowe);Białoruś;Papierosy;Papierosy;652,43;;szt.;800,0000;KAS | SG
19.08.2024 07:15:00;wewnątrz kraju;kraj;Warmińsko-Mazurski;PSG w Gołdapi;;wewnątrz kraju;Papierosy;Papierosy;3092527,68;;szt.;3792000,0000;Straż Graniczna
19.08.2024 07:15:00;wewnątrz kraju;kraj;Warmińsko-Mazurski;PSG w Gołdapi;;wewnątrz kraju;Tytoń;krajanka tytoniowa;10940061,33;;kg;13414,5000;Straż Graniczna
19.08.2024 07:15:00;wewnątrz kraju;kraj;Warmińsko-Mazurski;PSG w Gołdapi;;wewnątrz kraju;Waluta;Złoty - PLN;130000,00;;szt.;130000,0000;Straż Graniczna
19.08.2024 07:15:00;wewnątrz kraju;kraj;Warmińsko-Mazurski;PSG w Gołdapi;;wewnątrz kraju;Waluta;Złoty - PLN;4450,00;;szt.;4450,0000;Straż Graniczna
19.08.2024 07:15:00;wewnątrz kraju;kraj;Warmińsko-Mazurski;PSG w Gołdapi;;wewnątrz kraju;Waluta;Euro - EUR;4358,66;;szt.;1020,0000;Straż Graniczna
19.08.2024 12:40:00;Do RP;przejście;Nadbużański;PSG w Terespolu;Terespol – Brześć (drogowe);Białoruś;Alkohol;Wódka;45,00;;litr;1,5000;KAS
19.08.2024 12:40:00;Do RP;przejście;Nadbużański;PSG w Terespolu;Terespol – Brześć (drogowe);Białoruś;Inne;inna/inne;150,00;wyroby pochodzenia roślinego;kg;15,0000;KAS
19.08.2024 12:40:00;Do RP;przejście;Nadbużański;PSG w Terespolu;Terespol – Brześć (drogowe);Białoruś;Papierosy;Papierosy;130,49;;szt.;160,0000;KAS
19.08.2024 12:40:00;Do RP;przejście;Nadbużański;PSG w Terespolu;Terespol – Brześć (drogowe);Białoruś;Alkohol;Wódka;56,00;;litr;1,4000;KAS
19.08.2024 12:40:00;Do RP;przejście;Nadbużański;PSG w Terespolu;Terespol – Brześć (drogowe);Białoruś;Inne;inna/inne;55,00;produkty pochodzenia roślinego;kg;5,5000;KAS
19.08.2024 12:40:00;Do RP;przejście;Nadbużański;PSG w Terespolu;Terespol – Brześć (drogowe);Białoruś;Papierosy;Papierosy;146,80;;szt.;180,0000;KAS
19.08.2024 13:33:00;Z RP;przejście;Nadwiślański;PSG w Warszawie-Okęciu;Warszawa-Okęcie (lotnicze);lotnicza;Amunicja;Ostra;;WMA +P+ 2 2;szt.;15,0000;Straż Graniczna
19.08.2024 14:10:00;Do RP;przejście;Nadwiślański;PSG w Warszawie-Okęciu;Warszawa-Okęcie (lotnicze);lotnicza;Narkotyki;inna/inne;256500,00;SŁODYCZEW Z ZAWARTOŚCIĄ KONOPI;kg;5,7000;Straż Graniczna
19.08.2024 17:00:00;Z RP;przejście;Bieszczadzki;PSG w Korczowej;Korczowa – Krakowiec (drogowe);Ukraina;Inne;inna/inne;13000,00;Rower marki KTM;szt.;1,0000;Straż Graniczna
19.08.2024 22:15:00;Do RP;przejście;Nadbużański;PSG w Dorohusku;Dorohusk – Jagodzin (drogowe);Ukraina;Papierosy;Papierosy;48,93;;szt.;60,0000;Straż Graniczna
19.08.2024 22:20:00;Do RP;przejście;Nadbużański;PSG w Dorohusku;Dorohusk – Jagodzin (drogowe);Ukraina;Papierosy;Papierosy;32,62;wniosek 106;szt.;40,0000;Straż Graniczna
19.08.2024 22:20:00;Do RP;przejście;Nadbużański;PSG w Dorohusku;Dorohusk – Jagodzin (drogowe);Ukraina;Papierosy;Papierosy;16,31;;szt.;20,0000;Straż Graniczna
19.08.2024 22:20:00;Do RP;przejście;Nadbużański;PSG w Dorohusku;Dorohusk – Jagodzin (drogowe);Ukraina;Tytoń;Tytoń do palenia;14,53;Heets;kg;0,0248;Straż Graniczna
19.08.2024 22:20:00;Do RP;przejście;Nadbużański;PSG w Dorohusku;Dorohusk – Jagodzin (drogowe);Ukraina;Papierosy;Papierosy;114,18;WNIOSEK 105;szt.;140,0000;Straż Graniczna
20.08.2024 02:40:00;Do RP;przejście;Nadbużański;PSG w Dorohusku;Dorohusk – Jagodzin (drogowe);Ukraina;Papierosy;Papierosy;97,86;;szt.;120,0000;Straż Graniczna
20.08.2024 12:15:00;wewnątrz kraju;strefa;Nadbużański;PSG w Terespolu;;Białoruś;Pojazdy;Osobowy;250000,00;LAND ROVER, VIN SALYA2BN2JA722045,  2019 rok produkcji o szacunkowej wartości około 250 tyś złotych;szt.;1,0000;Policja
20.08.2024 13:00:00;wewnątrz kraju;strefa;Bieszczadzki;PSG w Krościenku;;Ukraina;Alkohol;Wódka;80,00;;litr;2,0000;Straż Graniczna
20.08.2024 18:18:00;Do RP;przejście;Nadbużański;PSG w Dorohusku;Dorohusk – Jagodzin (drogowe);Ukraina;Papierosy;Papierosy;32,62;;szt.;40,0000;Straż Graniczna
20.08.2024 18:20:00;Do RP;przejście;Nadbużański;PSG w Dorohusku;Dorohusk – Jagodzin (drogowe);Ukraina;Papierosy;Papierosy;48,93;;szt.;60,0000;Straż Graniczna
20.08.2024 18:20:00;Do RP;przejście;Nadbużański;PSG w Dorohusku;Dorohusk – Jagodzin (drogowe);Ukraina;Papierosy;Papierosy;61,98;;szt.;76,0000;Straż Graniczna
21.08.2024 07:20:00;wewnątrz kraju;strefa;Nadodrzański;PSG w Tuplicach;;Niemcy;Tytoń;krajanka tytoniowa;3914,59;;kg;4,8000;Straż Graniczna
21.08.2024 07:20:00;wewnątrz kraju;strefa;Nadodrzański;PSG w Tuplicach;;Niemcy;Tytoń;susz tytoniowy;1096141,98;;kg;1795,6000;Straż Graniczna
21.08.2024 08:30:00;wewnątrz kraju;kraj;Morski;PSG w Elblągu;;wewnątrz kraju;Tytoń;krajanka tytoniowa;77585,02;;kg;106,4500;Straż Graniczna
21.08.2024 16:40:00;wewnątrz kraju;strefa;Podlaski;PSG w Kuźnicy;Kuźnica – Bruzgi (drogowe);Białoruś;Inne;inna/inne;873,62;substancje odurzajace w postaci 11 tabletek koloru różowego ( opiaty i benzodiazepiny) - 3,64 gram;szt.;11,0000;Straż Graniczna
21.08.2024 16:45:00;Do RP;przejście;Nadbużański;PSG w Terespolu;Kukuryki – Kozłowiczy (drogowe);Białoruś;Papierosy;Papierosy;489,32;;szt.;600,0000;Straż Graniczna
22.08.2024 04:57:00;Z RP;przejście;Nadodrzański;PSG w Poznaniu-Ławicy;Poznań-Ławica (lotnicze);lotnicza;Broń;inna/inne;120,00;Kastet;szt.;1,0000;Straż Graniczna
22.08.2024 08:30:00;Z RP;przejście;Nadodrzański;PSG w Poznaniu-Ławicy;Poznań-Ławica (lotnicze);lotnicza;Broń;inna/inne;30,00;pałka teleskopowa;szt.;1,0000;Straż Graniczna
22.08.2024 10:00:00;Do RP;przejście;Bieszczadzki;PSG w Medyce;Medyka – Szeginie (drogowe);Ukraina;Papierosy;Papierosy;195,73;Marlboro;szt.;240,0000;Straż Graniczna
22.08.2024 10:00:00;Do RP;przejście;Bieszczadzki;PSG w Medyce;Medyka – Szeginie (drogowe);Ukraina;Alkohol;Wódka;128,00;;litr;3,2000;Straż Graniczna
22.08.2024 11:00:00;Do RP;przejście;Nadbużański;PSG w Dorohusku;Dorohusk – Jagodzin (drogowe);Ukraina;Papierosy;Papierosy;163,11;;szt.;200,0000;Straż Graniczna
22.08.2024 11:10:00;Do RP;przejście;Nadbużański;PSG w Dorohusku;Dorohusk – Jagodzin (drogowe);Ukraina;Papierosy;Papierosy;57,09;;szt.;70,0000;Straż Graniczna
22.08.2024 11:10:00;Do RP;przejście;Nadbużański;PSG w Dorohusku;Dorohusk – Jagodzin (drogowe);Ukraina;Płyn do e-papierosów;Płyn do e-papierosów;;;litr;0,0270;Straż Graniczna
22.08.2024 11:10:00;Do RP;przejście;Nadbużański;PSG w Dorohusku;Dorohusk – Jagodzin (drogowe);Ukraina;Papierosy;Papierosy;32,62;WNIOSEK 114;szt.;40,0000;Straż Graniczna
22.08.2024 11:10:00;Do RP;przejście;Nadbużański;PSG w Dorohusku;Dorohusk – Jagodzin (drogowe);Ukraina;Papierosy;Papierosy;28,54;WNIOSEK 115;szt.;35,0000;Straż Graniczna
22.08.2024 12:30:00;Z RP;przejście;Nadodrzański;PSG w Poznaniu-Ławicy;Poznań-Ławica (lotnicze);lotnicza;Amunicja;Ostra;1,00;S&B 9x19;szt.;1,0000;Straż Graniczna
22.08.2024 14:37:00;Do RP;przejście;Bieszczadzki;PSG w Medyce;Medyka – Szeginie (drogowe);Ukraina;Inne;inna/inne;;ukraińskie prawa jazdy nr BXT393585 oraz BXK211015;szt.;2,0000;Straż Graniczna
22.08.2024 22:00:00;Z RP;przejście;Bieszczadzki;PSG w Korczowej;Korczowa – Krakowiec (drogowe);Ukraina;Inne;inna/inne;2500,00;Rower CUBE;szt.;1,0000;Straż Graniczna
22.08.2024 22:00:00;Z RP;przejście;Bieszczadzki;PSG w Korczowej;Korczowa – Krakowiec (drogowe);Ukraina;Inne;inna/inne;11000,00;rower elektryczny PEGASUS;szt.;1,0000;Straż Graniczna
22.08.2024 22:00:00;Z RP;przejście;Bieszczadzki;PSG w Korczowej;Korczowa – Krakowiec (drogowe);Ukraina;Inne;inna/inne;11000,00;reower elektryczny PEGASUS;szt.;1,0000;Straż Graniczna
22.08.2024 22:26:00;Do RP;przejście;Nadbużański;PSG w Dorohusku;Dorohusk – Jagodzin (drogowe);Ukraina;Papierosy;Papierosy;65,24;;szt.;80,0000;Straż Graniczna
23.08.2024 08:00:00;wewnątrz kraju;strefa;Nadbużański;PSG w Terespolu;;Białoruś;Pojazdy;Motocykl;17000,00;YAMAHA XSR125;szt.;1,0000;Policja | SG
23.08.2024 15:50:00;wewnątrz kraju;strefa;Podlaski;PSG w Rutce-Tartak;;Litwa;Papierosy;Papierosy;493401,70;NZ GOLD AKCYZA BIAŁORUSKA,MIŃSK;szt.;605000,0000;Straż Graniczna
23.08.2024 16:25:00;wewnątrz kraju;kraj;Nadodrzański;PSG w Jeleniej Górze;;wewnątrz kraju;Papierosy;Papierosy;309089,66;;szt.;379000,0000;inny | SG
23.08.2024 16:30:00;Z RP;przejście;Bieszczadzki;PSG w Korczowej;Korczowa – Krakowiec (drogowe);Ukraina;Pojazdy;Osobowy;70000,00;Mercedes ML250 CDI;szt.;1,0000;Straż Graniczna
23.08.2024 18:00:00;wewnątrz kraju;strefa;Warmińsko-Mazurski;PSG w Braniewie;;Rosja;Narkotyki;Marihuana;656,50;trzy gałąski;kg;0,0131;Straż Graniczna
23.08.2024 18:20:00;Z RP;strefa;Nadodrzański;PSG w Kłodzku;;Czechy;Narkotyki;Marihuana;121,50;;kg;0,0027;Straż Graniczna
24.08.2024 03:15:00;Do RP;przejście;Nadbużański;PSG w Dorohusku;Dorohusk – Jagodzin (drogowe);Ukraina;Papierosy;Papierosy;65,24;;szt.;80,0000;Straż Graniczna
24.08.2024 03:55:00;Do RP;przejście;Bieszczadzki;PSG w Medyce;Medyka – Szeginie (drogowe);Ukraina;Papierosy;Papierosy;32,62;;szt.;40,0000;Straż Graniczna
24.08.2024 04:00:00;Do RP;przejście;Nadbużański;PSG w Dorohusku;Dorohusk – Jagodzin (drogowe);Ukraina;Papierosy;Papierosy;69,32;;szt.;85,0000;Straż Graniczna
24.08.2024 04:15:00;Do RP;przejście;Nadbużański;PSG w Dorohusku;Dorohusk – Jagodzin (drogowe);Ukraina;Płyn do e-papierosów;Płyn do e-papierosów;80,60;;litr;0,0620;Straż Graniczna
24.08.2024 05:38:00;Do RP;przejście;Nadbużański;PSG w Terespolu;Terespol – Brześć (drogowe);Białoruś;Papierosy;Papierosy;146,80;;szt.;180,0000;KAS | SG
24.08.2024 12:10:00;Do RP;przejście;Nadbużański;PSG w Dorohusku;Dorohusk – Jagodzin (drogowe);Ukraina;Papierosy;Papierosy;75,03;;szt.;92,0000;Straż Graniczna
25.08.2024 05:00:00;Z RP;strefa;Śląski;PSG w Katowicach-Pyrzowicach;;lotnicza;Amunicja;Ostra;1,30;S&B24 9x19;szt.;1,0000;Straż Graniczna
25.08.2024 09:02:00;Do RP;przejście;Warmińsko-Mazurski;PSG w Bezledach;Bezledy – Bagrationowsk (drogowe);Rosja;Pojazdy;Osobowy;75000,00;POJAZD NR VIN WDD2052451F666413;szt.;1,0000;Straż Graniczna
25.08.2024 22:10:00;Do RP;przejście;Nadbużański;PSG w Terespolu;Terespol – Brześć (drogowe);Białoruś;Papierosy;Papierosy;163,11;;szt.;200,0000;Straż Graniczna
25.08.2024 22:10:00;Do RP;przejście;Nadbużański;PSG w Terespolu;Terespol – Brześć (drogowe);Białoruś;Alkohol;Wódka;178,50;;litr;5,9500;Straż Graniczna
26.08.2024 04:05:00;Z RP;przejście;Nadodrzański;PSG w Poznaniu-Ławicy;Poznań-Ławica (lotnicze);lotnicza;Broń;inna/inne;60,00;Pałka teleskopowa;szt.;1,0000;Straż Graniczna
26.08.2024 08:10:00;wewnątrz kraju;strefa;Nadbużański;PSG w Terespolu;;Białoruś;Inne;inna/inne;;tabice rejestracyjne o nr rej. WN9191X;szt.;2,0000;Straż Graniczna
26.08.2024 08:10:00;wewnątrz kraju;strefa;Nadbużański;PSG w Terespolu;;Białoruś;Inne;inna/inne;;tablice rejestracyjne o nr  WN788AK;szt.;2,0000;Straż Graniczna
26.08.2024 08:10:00;wewnątrz kraju;strefa;Nadbużański;PSG w Terespolu;;Białoruś;Inne;inna/inne;;tablice rejestracyjne o nr ABMU40;szt.;2,0000;Straż Graniczna
26.08.2024 13:00:00;Do RP;przejście;Bieszczadzki;PSG w Medyce;Przemyśl – Mościska (kolejowe);Ukraina;Tytoń;Tytoń do palenia (wkłady);126,73;Wkłady do e- papierosów marki NEO;kg;0,0434;SC | SG
26.08.2024 16:30:00;Z RP;przejście;Śląski;PSG w Katowicach-Pyrzowicach;Katowice-Pyrzowice (lotnicze);lotnicza;Amunicja;Ostra;12,00;LAPUA 30-06;szt.;1,0000;Straż Graniczna
26.08.2024 17:45:00;Do RP;przejście;Nadbużański;PSG w Hrubieszowie;Zosin – Ustiług (drogowe);Ukraina;Papierosy;Papierosy;130,49;PRIMA;szt.;160,0000;Straż Graniczna
26.08.2024 22:40:00;wewnątrz kraju;kraj;Nadodrzański;PSG w Świecku;;wewnątrz kraju;Pojazdy;Osobowy;80000,00;FORD KUGA, 2016r.;szt.;1,0000;Straż Graniczna
26.08.2024 22:40:00;wewnątrz kraju;kraj;Nadodrzański;PSG w Świecku;;wewnątrz kraju;Narkotyki;Amfetamina;1161,30;;kg;0,0166;Straż Graniczna
26.08.2024 22:40:00;wewnątrz kraju;kraj;Nadodrzański;PSG w Świecku;;wewnątrz kraju;Narkotyki;Haszysz;72,00;marihuana;kg;0,0016;Straż Graniczna
26.08.2024 23:00:00;Z RP;przejście;Nadbużański;PSG w Hrebennem;Hrebenne – Rawa Ruska (drogowe);Ukraina;Pojazdy;Ciężarowy;50000,00;Pojazd marki DAf fugurujący w bazie SIS R;szt.;1,0000;Straż Graniczna
27.08.2024 00:20:00;Z RP;przejście;Bieszczadzki;PSG w Korczowej;Korczowa – Krakowiec (drogowe);Ukraina;Pojazdy;Osobowy;50000,00;Mercedes Sprinter  313 CDI ;szt.;1,0000;Straż Graniczna
27.08.2024 01:30:00;Z RP;przejście;Bieszczadzki;PSG w Korczowej;Korczowa – Krakowiec (drogowe);Ukraina;Pojazdy;Osobowy;60000,00;Mercedes Sprinter  314 CDI ;szt.;1,0000;Straż Graniczna
27.08.2024 10:15:00;wewnątrz kraju;kraj;Nadodrzański;PSG w Kaliszu;;wewnątrz kraju;Alkohol;Spirytus;1800,00;25 butele po 0,9 litra;litr;22,5000;inny | SC
27.08.2024 10:15:00;wewnątrz kraju;kraj;Nadodrzański;PSG w Kaliszu;;wewnątrz kraju;Papierosy;Papierosy;815,54;bez znaków polskiej akcyzy;szt.;1000,0000;inny | SC
27.08.2024 10:15:00;wewnątrz kraju;kraj;Nadodrzański;PSG w Kaliszu;;wewnątrz kraju;Alkohol;Spirytus;26264,00;337 butelek po 0.9 litra i 5 butelek po 5 litrów;litr;328,3000;inny | SC
27.08.2024 10:15:00;wewnątrz kraju;kraj;Nadodrzański;PSG w Kaliszu;;wewnątrz kraju;Papierosy;Papierosy;51868,34;3180 paczek papierosów po 20 szt w paczce;szt.;63600,0000;inny | SC
27.08.2024 11:27:00;Z RP;przejście;Karpacki;PSG w Krakowie-Balicach;Kraków-Balice (lotnicze);lotnicza;Amunicja;Ostra;30,00;;szt.;15,0000;Straż Graniczna
27.08.2024 13:18:00;Do RP;przejście;Nadbużański;PSG w Dorohusku;Dorohusk – Jagodzin (drogowe);Ukraina;Papierosy;Papierosy;65,24;WNIOSEK NR 122;szt.;80,0000;Straż Graniczna
27.08.2024 13:28:00;Do RP;przejście;Nadbużański;PSG w Dorohusku;Dorohusk – Jagodzin (drogowe);Ukraina;Papierosy;Papierosy;48,93;WNIOSEK NR 123;szt.;60,0000;Straż Graniczna
27.08.2024 19:02:00;Z RP;przejście;Bieszczadzki;PSG w Medyce;Medyka – Szeginie (drogowe);Ukraina;Pojazdy;Osobowy;50000,00;Renault Master;szt.;1,0000;Straż Graniczna
28.08.2024 00:30:00;Do RP;przejście;Nadbużański;PSG w Hrebennem;Hrebenne – Rawa Ruska (drogowe);Ukraina;Płyn do e-papierosów;Płyn do e-papierosów;122,20;;litr;0,0940;Straż Graniczna
28.08.2024 00:30:00;Do RP;przejście;Nadbużański;PSG w Hrebennem;Hrebenne – Rawa Ruska (drogowe);Ukraina;Inne;inna/inne;77,88;Gumy nikotynowe;kg;0,1320;Straż Graniczna
28.08.2024 05:05:00;Do RP;przejście;Nadbużański;PSG w Dorohusku;Dorohusk – Jagodzin (drogowe);Ukraina;Papierosy;Papierosy;81,55;;szt.;100,0000;Straż Graniczna
28.08.2024 05:10:00;Do RP;przejście;Nadbużański;PSG w Dorohusku;Dorohusk – Jagodzin (drogowe);Ukraina;Papierosy;Papierosy;81,55;;szt.;100,0000;Straż Graniczna
28.08.2024 06:45:00;Z RP;przejście;Bieszczadzki;PSG w Rzeszowie–Jasionce;Rzeszów-Jasionka (lotnicze);lotnicza;Amunicja;Ostra;3,00;9 x 18 MAKAROV ;szt.;1,0000;inny | SG
28.08.2024 15:00:00;Do RP;przejście;Nadbużański;PSG w Terespolu;Terespol – Brześć (drogowe);Białoruś;Papierosy;Papierosy;554,57;;szt.;680,0000;KAS | SG
29.08.2024 09:45:00;Do RP;przejście;Nadbużański;PSG w Dorohusku;Dorohusk – Jagodzin (drogowe);Ukraina;Papierosy;Papierosy;32,62;;szt.;40,0000;Straż Graniczna
29.08.2024 09:55:00;Do RP;przejście;Nadbużański;PSG w Dorohusku;Dorohusk – Jagodzin (drogowe);Ukraina;Papierosy;Papierosy;31,81;;szt.;39,0000;Straż Graniczna
29.08.2024 10:02:00;Do RP;przejście;Nadbużański;PSG w Dorohusku;Dorohusk – Jagodzin (drogowe);Ukraina;Papierosy;Papierosy;130,49;;szt.;160,0000;Straż Graniczna
29.08.2024 10:20:00;Do RP;przejście;Nadbużański;PSG w Terespolu;Kukuryki – Kozłowiczy (drogowe);Białoruś;Pojazdy;Ciężarowy;120000,00;Ciągnik siodłowy marki VOLVO, rok produkcji 2014;szt.;1,0000;Straż Graniczna
29.08.2024 10:20:00;Do RP;przejście;Nadbużański;PSG w Terespolu;Kukuryki – Kozłowiczy (drogowe);Białoruś;Pojazdy;Naczepa;70000,00;Naczepa marki VAN HOOL, rok produkcji 2015;szt.;1,0000;Straż Graniczna
29.08.2024 12:15:00;wewnątrz kraju;kraj;Nadbużański;PSG w Terespolu;;wewnątrz kraju;Inne;Podzespoły samochodowe;12000,00;Skrzynie biegów oraz elementy systemu TSS oraz RSS;szt.;1,0000;Policja
29.08.2024 14:45:00;Do RP;strefa;Nadodrzański;PSG w Świecku;;Niemcy;Pojazdy;Osobowy;190000,00;Fiat (kamper);szt.;1,0000;Straż Graniczna
29.08.2024 15:10:00;Do RP;przejście;Nadbużański;PSG w Terespolu;Terespol – Brześć (drogowe);Białoruś;Papierosy;Papierosy;3588,38;4400 sztuk papierosów bez polskich znaków skarbowych akcyzy;szt.;4400,0000;KAS | SG
29.08.2024 15:30:00;wewnątrz kraju;strefa;Nadbużański;PSG w Hrubieszowie;;Ukraina;Pojazdy;Osobowy;85000,00;Hyundai;szt.;1,0000;Straż Graniczna
29.08.2024 16:00:00;Z RP;przejście;Karpacki;PSG w Krakowie-Balicach;Kraków-Balice (lotnicze);lotnicza;Amunicja;Ostra;40,00;amunicja ostra 9 mm;szt.;40,0000;Straż Graniczna
29.08.2024 22:30:00;Do RP;przejście;Nadbużański;PSG w Terespolu;Terespol – Brześć (drogowe);Białoruś;Papierosy;Papierosy;163,11;;szt.;200,0000;Straż Graniczna
30.08.2024 05:30:00;Z RP;strefa;Morski;PSG w Gdańsku;Gdańsk-Rębiechowo (lotnicze);lotnicza;Amunicja;Ostra;7,00;amunicja z napisem SB 308W;szt.;1,0000;Straż Graniczna
30.08.2024 07:30:00;wewnątrz kraju;strefa;Nadbużański;PSG w Hrubieszowie;;Ukraina;Pojazdy;Motocykl;65000,00;BMW R1250RT;szt.;1,0000;Policja | SG
30.08.2024 14:00:00;Do RP;przejście;Nadbużański;PSG w Terespolu;Kukuryki – Kozłowiczy (drogowe);Białoruś;Papierosy;Papierosy;978,65;wyroby tytoniowe bez polskich znaków skarbowych akcyzy w postaci papierosów w ilości 1200 sztuk o łącznej wartości 978,65zł.;szt.;1200,0000;Straż Graniczna
31.08.2024 00:00:00;wewnątrz kraju;strefa;Nadbużański;PSG w Białej Podlaskiej;;Białoruś;Narkotyki;Haszysz;;;kg;0,0001;Straż Graniczna
31.08.2024 00:30:00;Do RP;przejście;Nadbużański;PSG w Terespolu;Kukuryki – Kozłowiczy (drogowe);Białoruś;Papierosy;Papierosy;326,22;wyroby tytoniowe bez polskich znaków skarbowych akcyzy w postaci papierosów w ilości 400 sztuk o łącznej wartości 326,22zł;szt.;400,0000;Straż Graniczna
31.08.2024 06:00:00;Do RP;przejście;Nadbużański;PSG w Hrebennem;Hrebenne – Rawa Ruska (drogowe);Ukraina;Amunicja;Ostra;5,00;GECO.223 REM;szt.;1,0000;Straż Graniczna
31.08.2024 08:12:00;Z RP;przejście;Bieszczadzki;PSG w Medyce;Medyka – Szeginie (drogowe);Ukraina;Inne;Podzespoły samochodowe;4500,00;maska, fotel, przedni błotnik;szt.;3,0000;Straż Graniczna
31.08.2024 09:30:00;Do RP;przejście;Nadbużański;PSG w Hrebennem;Hrebenne – Rawa Ruska (drogowe);Ukraina;Papierosy;Papierosy;473,01;uszczuplenia celne  779 zł. ;szt.;580,0000;SC | SG
31.08.2024 12:42:00;Z RP;przejście;Nadodrzański;PSG w Poznaniu-Ławicy;Poznań-Ławica (lotnicze);lotnicza;Broń;inna/inne;20,00;pałka teleskopowa;szt.;1,0000;Straż Graniczna
31.08.2024 14:30:00;Z RP;przejście;Bieszczadzki;PSG w Korczowej;Korczowa – Krakowiec (drogowe);Ukraina;Inne;inna/inne;150000,00;Skrzypce  z napisem Antonius Stradivarius ;szt.;1,0000;Straż Graniczna
31.08.2024 16:55:00;wewnątrz kraju;kraj;Karpacki;PSG w Tarnowie;;wewnątrz kraju;Tytoń;krajanka tytoniowa;125022,28;;kg;153,3000;Straż Graniczna
31.08.2024 20:06:00;wewnątrz kraju;kraj;Nadwiślański;Wydział Operacyjno-Śledczy;;wewnątrz kraju;Narkotyki;Marihuana;10122000,00;;kg;168,7000;Straż Graniczna
31.08.2024 22:30:00;Do RP;przejście;Nadbużański;PSG w Dorohusku;Dorohusk – Jagodzin (drogowe);Ukraina;Papierosy;Papierosy;146,80;WNIOSEK NR 129;szt.;180,0000;Straż Graniczna
01.09.2024 05:00:00;Do RP;przejście;Nadbużański;PSG w Terespolu;Terespol – Brześć (drogowe);Białoruś;Papierosy;Papierosy;179,42;na wniosek SG do UC numer 113;szt.;220,0000;Straż Graniczna
01.09.2024 05:10:00;Do RP;przejście;Nadbużański;PSG w Dorohusku;Dorohusk – Jagodzin (drogowe);Ukraina;Papierosy;Papierosy;65,24;wniosek nr 130;szt.;80,0000;Straż Graniczna
01.09.2024 05:20:00;Do RP;przejście;Nadbużański;PSG w Dorohusku;Dorohusk – Jagodzin (drogowe);Ukraina;Papierosy;Papierosy;89,71;WNIOSEK NR 131;szt.;110,0000;Straż Graniczna
01.09.2024 08:00:00;Do RP;przejście;Bieszczadzki;PSG w Korczowej;Korczowa – Krakowiec (drogowe);Ukraina;Broń;inna/inne;100,00;"Broń Biała ,,Kastet""";szt.;1,0000;Straż Graniczna
01.09.2024 22:08:00;Z RP;przejście;Bieszczadzki;PSG w Korczowej;Korczowa – Krakowiec (drogowe);Ukraina;Inne;Podzespoły samochodowe;1500,00;Drzwi tylne z pojazdu marki Toyota C-HR.;szt.;1,0000;Straż Graniczna
01.09.2024 22:25:00;Z RP;przejście;Bieszczadzki;PSG w Medyce;Medyka – Szeginie (drogowe);Ukraina;Amunicja;Ostra;6,00;AK-47 7,62X39;szt.;1,0000;Straż Graniczna
02.09.2024 03:28:00;Z RP;strefa;Śląski;PSG w Katowicach-Pyrzowicach;;lotnicza;Amunicja;Ostra;9,00;Amunicja koloru żółtego z napisem na spodzie SAKO 308 WIN.;szt.;1,0000;Straż Graniczna
02.09.2024 11:32:00;Z RP;przejście;Bieszczadzki;PSG w Korczowej;Korczowa – Krakowiec (drogowe);Ukraina;Odpady i materiały szkodliwe bądź promieniotwórcze;inna/inne;1600,00;Odpad w postaci pociętej karoserii samochodowej (o wadze około 90 kg).;szt.;1,0000;Straż Graniczna
02.09.2024 15:24:00;wewnątrz kraju;kraj;Śląski;PSG w Rudzie Śląskiej;;wewnątrz kraju;Pojazdy;Ciężarowy;55000,00;;szt.;1,0000;Straż Graniczna
02.09.2024 15:30:00;wewnątrz kraju;kraj;Nadodrzański;PSG w Kłodzku;;wewnątrz kraju;Inne;inna/inne;5000,00;linia produkcyjna do wytwarzania płynnej amfetaminy;szt.;1,0000;Straż Graniczna
02.09.2024 15:30:00;wewnątrz kraju;kraj;Nadodrzański;PSG w Kłodzku;;wewnątrz kraju;Narkotyki;Marihuana;450,00;;kg;0,0100;Straż Graniczna
02.09.2024 15:30:00;wewnątrz kraju;kraj;Nadodrzański;PSG w Kłodzku;;wewnątrz kraju;Narkotyki;inna/inne;1400000,00;Płynna amfetamina;litr;8,0000;Straż Graniczna
02.09.2024 15:30:00;wewnątrz kraju;kraj;Nadodrzański;PSG w Kłodzku;;wewnątrz kraju;Narkotyki;Amfetamina;7000,00;;kg;0,1000;Straż Graniczna
02.09.2024 15:30:00;wewnątrz kraju;kraj;Nadodrzański;PSG w Kłodzku;;wewnątrz kraju;Narkotyki;Marihuana;900,00;;kg;0,0200;Straż Graniczna
02.09.2024 15:30:00;wewnątrz kraju;kraj;Nadodrzański;PSG w Kłodzku;;wewnątrz kraju;Waluta;Złoty - PLN;7300,00;7300;szt.;1,0000;Straż Graniczna
02.09.2024 15:30:00;wewnątrz kraju;kraj;Nadodrzański;PSG w Kłodzku;;wewnątrz kraju;Inne;inna/inne;175000,00;Płynna amfetamina;litr;1,0000;Straż Graniczna
02.09.2024 15:30:00;wewnątrz kraju;kraj;Nadodrzański;PSG w Kłodzku;;wewnątrz kraju;Narkotyki;inna/inne;1008000,00;Płynna amfetamina;litr;5,7600;Straż Graniczna
02.09.2024 18:05:00;Do RP;przejście;Nadbużański;PSG w Dorohusku;Dorohusk – Jagodzin (drogowe);Ukraina;Papierosy;Papierosy;81,55;WNIOSEK 133;szt.;100,0000;Straż Graniczna
02.09.2024 18:05:00;Do RP;przejście;Nadbużański;PSG w Dorohusku;Dorohusk – Jagodzin (drogowe);Ukraina;Tytoń;Tytoń do palenia (wkłady);;wniosek 132;kg;0,0162;Straż Graniczna
02.09.2024 20:40:00;Z RP;przejście;Bieszczadzki;PSG w Rzeszowie–Jasionce;Rzeszów-Jasionka (lotnicze);lotnicza;Amunicja;Ostra;3,00;oznaczenie na dnie łuski LCW 13;szt.;1,0000;Straż Graniczna
02.09.2024 21:00:00;Do RP;przejście;Nadbużański;PSG w Terespolu;Terespol – Brześć (drogowe);Białoruś;Inne;inna/inne;40,00;Produkty roślinne;kg;4,0000;KAS | SG
03.09.2024 05:30:00;Z RP;przejście;Nadbużański;PSG w Terespolu;Kukuryki – Kozłowiczy (drogowe);Białoruś;Pojazdy;Ciężarowy;230000,00;;szt.;1,0000;Straż Graniczna
03.09.2024 11:00:00;Do RP;strefa;Nadodrzański;PSG w Tuplicach;;Niemcy;Narkotyki;Marihuana;79,65;Susz roślinny kol zielonego w 2 woreczkach strunowych po dokonaniu sprawsdzenia testerem NarkII zabarwienie w kierunku Marihuany;kg;0,0018;Straż Graniczna
03.09.2024 11:00:00;wewnątrz kraju;kraj;Morski;PSG w Ustce;;wewnątrz kraju;Narkotyki;Amfetamina;19600,00;proszek;kg;0,2800;Straż Graniczna
03.09.2024 11:00:00;wewnątrz kraju;kraj;Morski;PSG w Ustce;;wewnątrz kraju;Narkotyki;Marihuana;50,40;susz;kg;0,0011;Straż Graniczna
03.09.2024 12:10:00;wewnątrz kraju;strefa;Nadbużański;PSG w Hrubieszowie;;Ukraina;Pojazdy;Motocykl;45000,00;BMW  R1200GS rok produkcji 2011 ;szt.;1,0000;Straż Graniczna
03.09.2024 14:40:00;Do RP;przejście;Bieszczadzki;PSG w Korczowej;Korczowa – Krakowiec (drogowe);Ukraina;Broń;inna/inne;100,00;METALOWY KASTET;szt.;1,0000;Straż Graniczna
03.09.2024 15:00:00;wewnątrz kraju;kraj;Morski;PSG w Świnoujściu;;wewnątrz kraju;Pojazdy;Motocykl;35000,00;Kawasaki Z900;szt.;1,0000;Straż Graniczna
03.09.2024 18:30:00;Z RP;przejście;Nadwiślański;PSG w Łodzi;Łódź-Lublinek (lotnicze);lotnicza;Amunicja;Ostra;;300 WINMAG;szt.;17,0000;inny
03.09.2024 20:11:00;Do RP;przejście;Nadbużański;PSG w Terespolu;Terespol – Brześć (drogowe);Białoruś;Papierosy;Papierosy;187443,71;;szt.;229840,0000;KAS
03.09.2024 20:50:00;Do RP;strefa;Nadodrzański;PSG w Świecku;;Niemcy;Narkotyki;Marihuana;274,50;woreczek strunowy z suszem roślinnym;kg;0,0061;Straż Graniczna
03.09.2024 21:20:00;Z RP;przejście;Bieszczadzki;PSG w Korczowej;Korczowa – Krakowiec (drogowe);Ukraina;Pojazdy;Osobowy;45000,00;;szt.;1,0000;Straż Graniczna
03.09.2024 21:46:00;Do RP;przejście;Nadbużański;PSG w Terespolu;Terespol – Brześć (drogowe);Białoruś;Papierosy;Papierosy;335578,40;;szt.;411480,0000;KAS
04.09.2024 07:11:00;wewnątrz kraju;strefa;Bieszczadzki;PSG w Krościenku;;Ukraina;Alkohol;Wódka;120,00;6 butelek poj.0.5l;litr;3,0000;Straż Graniczna
04.09.2024 07:11:00;wewnątrz kraju;strefa;Bieszczadzki;PSG w Krościenku;;Ukraina;Alkohol;Koniak;40,00;2 butelki poj.0.5l;litr;1,0000;Straż Graniczna
04.09.2024 07:11:00;wewnątrz kraju;strefa;Bieszczadzki;PSG w Krościenku;;Ukraina;Papierosy;Papierosy;244,66;15 paczek po 20szt.w każdej;szt.;300,0000;Straż Graniczna
04.09.2024 10:20:00;Do RP;przejście;Nadbużański;PSG w Dorohusku;Dorohusk – Jagodzin (drogowe);Ukraina;Papierosy;Papierosy;244,66;WNIOSEK NR 134;szt.;300,0000;Straż Graniczna
04.09.2024 10:20:00;Do RP;przejście;Nadbużański;PSG w Dorohusku;Dorohusk – Jagodzin (drogowe);Ukraina;Papierosy;Papierosy;32,62;;szt.;40,0000;Straż Graniczna
04.09.2024 10:20:00;Do RP;przejście;Nadbużański;PSG w Dorohusku;Dorohusk – Jagodzin (drogowe);Ukraina;Papierosy;Papierosy;32,62;;szt.;40,0000;Straż Graniczna
04.09.2024 12:05:00;Do RP;przejście;Nadbużański;PSG w Dorohusku;Dorohusk – Jagodzin (drogowe);Ukraina;Papierosy;Papierosy;85,63;;szt.;105,0000;Straż Graniczna
04.09.2024 14:00:00;Do RP;przejście;Nadbużański;PSG w Terespolu;Terespol – Brześć (drogowe);Białoruś;Papierosy;Papierosy;444665,03;;szt.;545240,0000;KAS
04.09.2024 15:21:00;Z RP;strefa;Morski;PSG w Świnoujściu;;Niemcy;Pojazdy;Osobowy;120000,00;BMW3 GT rok 2018;szt.;1,0000;Straż Graniczna
04.09.2024 16:00:00;Z RP;przejście;Nadodrzański;PSG w Poznaniu-Ławicy;Poznań-Ławica (lotnicze);lotnicza;Amunicja;Ostra;6,32;Nabój S&B 7x57R;szt.;1,0000;Straż Graniczna
05.09.2024 01:20:00;Z RP;przejście;Bieszczadzki;PSG w Medyce;Medyka – Szeginie (drogowe);Ukraina;Pojazdy;Ciężarowy;140000,00;Volvo;szt.;1,0000;Straż Graniczna
05.09.2024 07:00:00;wewnątrz kraju;kraj;Warmińsko-Mazurski;PSG w Bezledach;;wewnątrz kraju;Pojazdy;Osobowy;50000,00;Audi A6 Avant NR. REJ. GSP5H09;szt.;1,0000;Policja | Policja | SG | Policja
05.09.2024 09:36:00;Do RP;przejście;Nadbużański;PSG w Dorohusku;Dorohusk – Jagodzin (drogowe);Ukraina;Inne;Bursztyn;1000,00;;kg;0,3190;KAS | SG
05.09.2024 11:35:00;wewnątrz kraju;kraj;Nadodrzański;PSG w Świecku;;wewnątrz kraju;Pojazdy;Osobowy;200000,00;BMW X3;szt.;1,0000;Straż Graniczna
05.09.2024 12:00:00;wewnątrz kraju;kraj;Nadodrzański;PSG we Wrocławiu-Strachowicach;;wewnątrz kraju;Tytoń;Tytoń do palenia;67651,71;;kg;115,6400;KAS | SG
05.09.2024 12:00:00;wewnątrz kraju;kraj;Nadodrzański;PSG we Wrocławiu-Strachowicach;;wewnątrz kraju;Papierosy;Papierosy;81717,11;;szt.;100200,0000;KAS | SG
05.09.2024 13:00:00;wewnątrz kraju;strefa;Podlaski;PSG w Lipsku;;Białoruś;Papierosy;Papierosy;24466,20;"""NZ GOLD"" akcyza BY, ""MINSK SIPERSLIMS"" akcyza BY";szt.;30000,0000;Straż Graniczna
05.09.2024 13:30:00;wewnątrz kraju;kraj;Nadwiślański;PSG w Łodzi;;wewnątrz kraju;Narkotyki;inna/inne;7290,00;zielona konopia;kg;0,1620;Straż Graniczna
05.09.2024 13:30:00;wewnątrz kraju;kraj;Nadwiślański;PSG w Łodzi;;wewnątrz kraju;Narkotyki;inna/inne;7290,00;zielona konopia;kg;0,1620;Straż Graniczna
05.09.2024 14:35:00;wewnątrz kraju;strefa;Podlaski;PSG w Kuźnicy;;Białoruś;Pojazdy;Osobowy;20000,00;CITROEN;szt.;1,0000;Straż Graniczna
05.09.2024 15:30:00;Do RP;strefa;Śląski;PSG w Katowicach-Pyrzowicach;;lotnicza;Narkotyki;Marihuana;57,30;;kg;0,0011;Straż Graniczna
05.09.2024 18:08:00;Z RP;przejście;Bieszczadzki;PSG w Lubaczowie;Budomierz – Hruszew (drogowe);Ukraina;Inne;inna/inne;;Tablice rejestracyjne;szt.;2,0000;Straż Graniczna
05.09.2024 20:00:00;Do RP;przejście;Nadbużański;PSG w Terespolu;Terespol – Brześć (drogowe);Białoruś;Papierosy;Papierosy;163,11;;szt.;200,0000;KAS | SG
05.09.2024 20:00:00;Do RP;przejście;Nadbużański;PSG w Terespolu;Terespol – Brześć (drogowe);Białoruś;Papierosy;Papierosy;65,24;;szt.;80,0000;KAS | SG
05.09.2024 20:20:00;Z RP;przejście;Karpacki;PSG w Krakowie-Balicach;Kraków-Balice (lotnicze);lotnicza;Amunicja;Ostra;2,00;oznaczenie na denku FC308WIN;szt.;1,0000;Straż Graniczna
06.09.2024 03:50:00;Do RP;przejście;Nadbużański;PSG w Terespolu;Terespol – Brześć (drogowe);Białoruś;Papierosy;Papierosy;268247,42;;szt.;328920,0000;KAS
06.09.2024 09:20:00;Do RP;przejście;Bieszczadzki;PSG w Medyce;Medyka – Szeginie (drogowe);Ukraina;Broń;inna/inne;50,00;kastet;szt.;1,0000;Straż Graniczna
06.09.2024 13:00:00;Z RP;przejście;Bieszczadzki;PSG w Korczowej;Korczowa – Krakowiec (drogowe);Ukraina;Pojazdy;Osobowy;120000,00;SPRINTER, stwierdzono ingerencję osób nieuprawnionych w pole numerowe skrzyni biegów.;szt.;1,0000;Straż Graniczna
07.09.2024 11:50:00;Do RP;przejście;Nadbużański;PSG w Dorohusku;Dorohusk – Jagodzin (drogowe);Ukraina;Papierosy;Papierosy;48,93;WNIOSEK NR 138 Z DNIA 07.09.2024R;szt.;60,0000;Straż Graniczna
07.09.2024 20:00:00;Do RP;strefa;Nadodrzański;PSG w Świecku;;Niemcy;Pojazdy;Osobowy;100000,00;RANGE ROVER EVOQUE;szt.;1,0000;Straż Graniczna
08.09.2024 14:40:00;Do RP;przejście;Bieszczadzki;PSG w Medyce;Medyka – Szeginie (drogowe);Ukraina;Amunicja;Ostra;2,00;oznaczenie na kryzie 1780;szt.;1,0000;Straż Graniczna
08.09.2024 15:20:00;wewnątrz kraju;kraj;Morski;PSG w Kołobrzegu;;wewnątrz kraju;Tytoń;krajanka tytoniowa;613930,22;40 worków po około 20 kg;kg;753,1500;Straż Graniczna
08.09.2024 15:20:00;wewnątrz kraju;kraj;Morski;PSG w Kołobrzegu;;wewnątrz kraju;Tytoń;krajanka tytoniowa;63133,37;4 worki po około 20 kg;kg;77,4500;Straż Graniczna
08.09.2024 15:20:00;wewnątrz kraju;kraj;Morski;PSG w Kołobrzegu;;wewnątrz kraju;Tytoń;susz tytoniowy;26089,80;4 kartony po około 120 kg;kg;1298,0000;Straż Graniczna
08.09.2024 15:20:00;wewnątrz kraju;kraj;Morski;PSG w Kołobrzegu;;wewnątrz kraju;Tytoń;krajanka tytoniowa;152555,32;9 worków po około 20 kg;kg;187,1500;Straż Graniczna
08.09.2024 15:20:00;wewnątrz kraju;kraj;Morski;PSG w Kołobrzegu;;wewnątrz kraju;Pojazdy;Ciężarowy;120000,00;IVECO 35S15;szt.;1,0000;Straż Graniczna
08.09.2024 15:20:00;wewnątrz kraju;kraj;Morski;PSG w Kołobrzegu;;wewnątrz kraju;Pojazdy;Osobowy;3000,00;Mercedes C230;szt.;1,0000;Straż Graniczna
08.09.2024 15:20:00;wewnątrz kraju;kraj;Morski;PSG w Kołobrzegu;;wewnątrz kraju;Waluta;Złoty - PLN;370,00;w wyniku przeszukania pojazdu IVECO;szt.;1,0000;Straż Graniczna
08.09.2024 15:20:00;wewnątrz kraju;kraj;Morski;PSG w Kołobrzegu;;wewnątrz kraju;Waluta;Euro - EUR;620,00;145 euro w wyniku przeszukania pojazdu IVECO;szt.;1,0000;Straż Graniczna
08.09.2024 15:20:00;wewnątrz kraju;kraj;Morski;PSG w Kołobrzegu;;wewnątrz kraju;Inne;inna/inne;3000,00;Bęben do suszenia tytoniu;szt.;1,0000;Straż Graniczna
08.09.2024 15:20:00;wewnątrz kraju;kraj;Morski;PSG w Kołobrzegu;;wewnątrz kraju;Inne;inna/inne;40000,00;Krajalnica do tytoniu;szt.;1,0000;Straż Graniczna
08.09.2024 15:20:00;wewnątrz kraju;kraj;Morski;PSG w Kołobrzegu;;wewnątrz kraju;Inne;inna/inne;;Urządzenie rejestrujące obraz (tzw. fotopułapka);szt.;1,0000;Straż Graniczna
08.09.2024 15:20:00;wewnątrz kraju;kraj;Morski;PSG w Kołobrzegu;;wewnątrz kraju;Inne;inna/inne;;Notatnik;szt.;2,0000;Straż Graniczna
08.09.2024 15:20:00;wewnątrz kraju;kraj;Morski;PSG w Kołobrzegu;;wewnątrz kraju;Inne;inna/inne;;Telefon marki Kruger&Matz;szt.;2,0000;Straż Graniczna
08.09.2024 15:20:00;wewnątrz kraju;kraj;Morski;PSG w Kołobrzegu;;wewnątrz kraju;Inne;inna/inne;;Telefon marki Samsung;szt.;1,0000;Straż Graniczna
08.09.2024 15:20:00;wewnątrz kraju;kraj;Morski;PSG w Kołobrzegu;;wewnątrz kraju;Inne;inna/inne;;Telefon marki Nokia;szt.;1,0000;Straż Graniczna
08.09.2024 15:20:00;wewnątrz kraju;kraj;Morski;PSG w Kołobrzegu;;wewnątrz kraju;Inne;inna/inne;;Karta SIM;szt.;2,0000;Straż Graniczna
08.09.2024 15:20:00;wewnątrz kraju;kraj;Morski;PSG w Kołobrzegu;;wewnątrz kraju;Inne;inna/inne;;Laptop marki LENOVO;szt.;1,0000;Straż Graniczna
08.09.2024 15:20:00;wewnątrz kraju;kraj;Morski;PSG w Kołobrzegu;;wewnątrz kraju;Waluta;Złoty - PLN;5800,00;;szt.;1,0000;Straż Graniczna
08.09.2024 16:30:00;wewnątrz kraju;kraj;Bieszczadzki;Wydział Operacyjno-Śledczy;;wewnątrz kraju;Pojazdy;Osobowy;92000,00;Citroen C5 Aircross;szt.;1,0000;Policja
08.09.2024 17:32:00;Do RP;przejście;Nadbużański;PSG w Terespolu;Terespol – Brześć (drogowe);Białoruś;Papierosy;Papierosy;326,22;na wniosek SG do ODC numer 116;szt.;400,0000;Straż Graniczna
08.09.2024 18:02:00;Do RP;przejście;Nadwiślański;PSG w Warszawie-Modlinie;Warszawa/Modlin (lotnicze);lotnicza;Narkotyki;inna/inne;;kokaina +metamfetamina;kg;0,0002;Straż Graniczna
08.09.2024 23:47:00;Z RP;strefa;Morski;PSG w Szczecinie;;Niemcy;Narkotyki;Marihuana;909,50;susz roślinny;kg;0,0182;Straż Graniczna
08.09.2024 23:47:00;Z RP;strefa;Morski;PSG w Szczecinie;;Niemcy;Narkotyki;inna/inne;650,00;kryształki koloru żółtego;kg;0,0163;Straż Graniczna
08.09.2024 23:47:00;Z RP;strefa;Morski;PSG w Szczecinie;;Niemcy;Narkotyki;inna/inne;;tabletka ;szt.;2,0000;Straż Graniczna
09.09.2024 02:24:00;Do RP;przejście;Nadbużański;PSG w Dorohusku;Dorohusk – Jagodzin (drogowe);Ukraina;Papierosy;Papierosy;32,62;;szt.;40,0000;Straż Graniczna
09.09.2024 02:37:00;Do RP;przejście;Nadbużański;PSG w Dorohusku;Dorohusk – Jagodzin (drogowe);Ukraina;Papierosy;Papierosy;114,18;;szt.;140,0000;Straż Graniczna
09.09.2024 02:55:00;Do RP;przejście;Nadbużański;PSG w Dorohusku;Dorohusk – Jagodzin (drogowe);Ukraina;Papierosy;Papierosy;81,55;;szt.;100,0000;Straż Graniczna
09.09.2024 08:00:00;Do RP;przejście;Nadbużański;PSG w Terespolu;Terespol – Brześć (drogowe);Białoruś;Papierosy;Papierosy;277,28;;szt.;340,0000;KAS
09.09.2024 08:00:00;Do RP;przejście;Nadbużański;PSG w Terespolu;Terespol – Brześć (drogowe);Białoruś;Inne;inna/inne;100,00;produkty pochodzenia roslinnego;kg;10,0000;KAS
09.09.2024 11:50:00;wewnątrz kraju;strefa;Nadodrzański;PSG w Kłodzku;;Czechy;Papierosy;Papierosy;39798,35;Różne marki;szt.;48800,0000;Straż Graniczna
09.09.2024 11:50:00;wewnątrz kraju;strefa;Nadodrzański;PSG w Kłodzku;;Czechy;Tytoń;krajanka tytoniowa;34165,17;;kg;58,4000;Straż Graniczna
09.09.2024 11:50:00;wewnątrz kraju;strefa;Nadodrzański;PSG w Kłodzku;;Czechy;Alkohol;Spirytus;3564,00;;litr;49,5000;Straż Graniczna
10.09.2024 05:35:00;Z RP;przejście;Nadodrzański;PSG w Poznaniu-Ławicy;Poznań-Ławica (lotnicze);lotnicza;Amunicja;Ostra;1,00;9x19 Parabellum;szt.;1,0000;Straż Graniczna
10.09.2024 09:00:00;Do RP;przejście;Nadbużański;PSG w Dorohusku;Dorohusk – Jagodzin (drogowe);Ukraina;Papierosy;Papierosy;32,62;wniosek 142;szt.;40,0000;Straż Graniczna
10.09.2024 09:35:00;Z RP;strefa;Śląski;PSG w Katowicach-Pyrzowicach;Katowice-Pyrzowice (lotnicze);lotnicza;Amunicja;Ostra;1,10;"Napis na denku łuski: ""9 mm Luger STV""";szt.;1,0000;Straż Graniczna
10.09.2024 10:00:00;Do RP;przejście;Nadbużański;PSG w Dorohusku;Dorohusk – Jagodzin (drogowe);Ukraina;Papierosy;Papierosy;130,49;wniosek 143;szt.;160,0000;Straż Graniczna
10.09.2024 11:40:00;Do RP;strefa;Nadodrzański;PSG w Świecku;;Niemcy;Pojazdy;inna/inne;200000,00;FIAT (KAMPER);szt.;1,0000;Straż Graniczna
10.09.2024 12:00:00;wewnątrz kraju;kraj;Nadbużański;PSG w Terespolu;;wewnątrz kraju;Narkotyki;inna/inne;6147500,00;4-EMC (pochodna 4-MMC);kg;122,9500;Straż Graniczna
10.09.2024 15:00:00;Z RP;przejście;Bieszczadzki;PSG w Rzeszowie–Jasionce;Rzeszów-Jasionka (lotnicze);lotnicza;Amunicja;Ostra;3,00;oznaczenie na dnie łuski: LC21 ;szt.;1,0000;inny | SG
10.09.2024 17:00:00;wewnątrz kraju;strefa;Nadbużański;PSG w Hrubieszowie;;Ukraina;Pojazdy;Motocykl;96800,00;MMW S100RR;szt.;1,0000;Policja | SG
10.09.2024 17:00:00;wewnątrz kraju;strefa;Nadbużański;PSG w Hrubieszowie;;Ukraina;Pojazdy;Motocykl;44400,00;Honda CB 1000R z 2021;szt.;1,0000;Policja | SG
11.09.2024 02:30:00;Z RP;przejście;Nadbużański;PSG w Dołhobyczowie;Dołhobyczów – Uhrynów (drogowe);Ukraina;Pojazdy;Osobowy;35000,00;;szt.;1,0000;Straż Graniczna
11.09.2024 07:30:00;Z RP;przejście;Nadbużański;PSG w Terespolu;Terespol – Brześć (drogowe);Białoruś;Pojazdy;Osobowy;40000,00;DACIA DOKKER;szt.;1,0000;Straż Graniczna
11.09.2024 15:00:00;wewnątrz kraju;kraj;Morski;PSG w Świnoujściu;;wewnątrz kraju;Pojazdy;Motocykl;80000,00;Harley Davidson nr rej. ZSLU972 VIN: 52FL7436;szt.;1,0000;Straż Graniczna
11.09.2024 15:00:00;wewnątrz kraju;kraj;Morski;PSG w Świnoujściu;;wewnątrz kraju;Pojazdy;Motocykl;100000,00;Harley Davidson, nr rej. ZSLU889 , VIN 5HD1JRVCXEB017691;szt.;1,0000;Straż Graniczna
11.09.2024 15:00:00;wewnątrz kraju;kraj;Morski;PSG w Świnoujściu;;wewnątrz kraju;Pojazdy;Motocykl;100000,00;Harley Davidson nr rej. ZSLU976 nr VIN - 1HD1HFH149K804489;szt.;1,0000;Straż Graniczna
11.09.2024 15:00:00;wewnątrz kraju;kraj;Morski;PSG w Świnoujściu;;wewnątrz kraju;Pojazdy;inna/inne;260000,00;Citroen typu Camper nr rej. ZSL41161 nr VIN – VF7YD2MAU12C05493;szt.;1,0000;Straż Graniczna
11.09.2024 15:00:00;wewnątrz kraju;kraj;Morski;PSG w Świnoujściu;;wewnątrz kraju;Pojazdy;inna/inne;100000,00;skuter wodny marki Yamaha, nr identyfikacyjny YAMA0486K021;szt.;1,0000;Straż Graniczna
11.09.2024 15:00:00;wewnątrz kraju;kraj;Morski;PSG w Świnoujściu;;wewnątrz kraju;Pojazdy;inna/inne;60000,00;łódź motorowa marki Bayliner;szt.;1,0000;Straż Graniczna
11.09.2024 15:00:00;wewnątrz kraju;kraj;Morski;PSG w Świnoujściu;;wewnątrz kraju;Pojazdy;Osobowy;600000,00;Mercedes SLS nr rej. SE TC 2021 nr VIN - WMX1903801A019849;szt.;1,0000;Straż Graniczna
12.09.2024 06:30:00;wewnątrz kraju;kraj;Nadbużański;PSG w Hrubieszowie;;wewnątrz kraju;Pojazdy;Motocykl;69300,00;BMW M100RR;szt.;1,0000;Policja | SG
12.09.2024 06:30:00;wewnątrz kraju;kraj;Nadbużański;PSG w Hrubieszowie;;wewnątrz kraju;Pojazdy;Osobowy;61200,00;FIAT Ducato LUB 5030N;szt.;1,0000;Policja | SG
12.09.2024 06:30:00;wewnątrz kraju;kraj;Nadbużański;PSG w Hrubieszowie;;wewnątrz kraju;Pojazdy;Motocykl;48800,00;BMW GS1200;szt.;1,0000;Policja | SG
12.09.2024 06:30:00;wewnątrz kraju;kraj;Nadbużański;PSG w Hrubieszowie;;wewnątrz kraju;Pojazdy;Motocykl;43300,00; Honda CB650;szt.;1,0000;Policja | SG
12.09.2024 06:30:00;wewnątrz kraju;kraj;Nadbużański;PSG w Hrubieszowie;;wewnątrz kraju;Narkotyki;Marihuana;9,00;;kg;0,0002;Policja | SG
12.09.2024 10:04:00;wewnątrz kraju;strefa;Warmińsko-Mazurski;Wydział Operacyjno-Śledczy;;Niemcy;Tytoń;susz tytoniowy;8108377,00;;kg;13860,0000;SC
12.09.2024 14:47:00;Do RP;przejście;Nadbużański;PSG w Hrebennem;Hrebenne – Rawa Ruska (drogowe);Ukraina;Broń;inna/inne;70,00;broń białą w postaci pałki teleskopowej. ;szt.;1,0000;Straż Graniczna
12.09.2024 18:00:00;Do RP;przejście;Bieszczadzki;PSG w Korczowej;Korczowa – Krakowiec (drogowe);Ukraina;Papierosy;Papierosy;179,42;Papierosy różnych marek bez znaków akcyzy MF RP;szt.;220,0000;Straż Graniczna
12.09.2024 19:00:00;Do RP;przejście;Nadbużański;PSG w Terespolu;Terespol – Brześć (drogowe);Białoruś;Papierosy;Papierosy;32,62;;szt.;40,0000;KAS | SG
12.09.2024 19:00:00;Do RP;przejście;Nadbużański;PSG w Terespolu;Terespol – Brześć (drogowe);Białoruś;Alkohol;Wódka;40,00;;litr;1,0000;KAS | SG
12.09.2024 22:20:00;Do RP;przejście;Nadbużański;PSG w Terespolu;Terespol – Brześć (drogowe);Białoruś;Papierosy;Papierosy;309,91;na wniosek SG do ODC numer 118 z dnia 12.09.2024;szt.;380,0000;Straż Graniczna
13.09.2024 04:05:00;Do RP;przejście;Nadbużański;PSG w Dorohusku;Dorohusk – Jagodzin (drogowe);Ukraina;Papierosy;Papierosy;48,93;;szt.;60,0000;Straż Graniczna
13.09.2024 04:05:00;Do RP;przejście;Nadbużański;PSG w Dorohusku;Dorohusk – Jagodzin (drogowe);Ukraina;Papierosy;Papierosy;32,62;;szt.;40,0000;Straż Graniczna
13.09.2024 10:00:00;wewnątrz kraju;kraj;Warmińsko-Mazurski;PSG w Olsztynie;;wewnątrz kraju;Papierosy;Papierosy;1957,30;;szt.;2400,0000;Straż Graniczna
13.09.2024 12:54:00;Do RP;przejście;Nadbużański;PSG w Dołhobyczowie;Dołhobyczów – Uhrynów (drogowe);Ukraina;Papierosy;Papierosy;8,97;papierosy marki WEST;szt.;11,0000;SC | SG
13.09.2024 16:40:00;wewnątrz kraju;strefa;Nadbużański;PSG w Sławatyczach;;Białoruś;Papierosy;Papierosy;782,92;;szt.;960,0000;Straż Graniczna
13.09.2024 18:06:00;Do RP;przejście;Nadbużański;PSG w Terespolu;Kukuryki – Kozłowiczy (drogowe);Białoruś;Papierosy;Papierosy;1794,19;;szt.;2200,0000;Straż Graniczna
13.09.2024 19:00:00;wewnątrz kraju;strefa;Bieszczadzki;PSG w Medyce;;Ukraina;Papierosy;Papierosy;171508,06; QUEEN MENTHOL, NZ, MINSK, MARLBORO;szt.;210300,0000;Straż Graniczna
14.09.2024 09:22:00;Z RP;przejście;Nadodrzański;PSG w Poznaniu-Ławicy;Poznań-Ławica (lotnicze);lotnicza;Broń;inna/inne;50,00;Pałka teleskopowa;szt.;1,0000;Straż Graniczna
14.09.2024 10:20:00;Do RP;przejście;Nadbużański;PSG w Dołhobyczowie;Dołhobyczów – Uhrynów (drogowe);Ukraina;Broń;inna/inne;50,00;kastet;szt.;1,0000;Straż Graniczna
14.09.2024 15:18:00;Z RP;przejście;Bieszczadzki;PSG w Rzeszowie–Jasionce;Rzeszów-Jasionka (lotnicze);lotnicza;Amunicja;Ostra;3,00;oznaczenie na dnie łuski 38 88;szt.;1,0000;Straż Graniczna
14.09.2024 18:30:00;Do RP;przejście;Warmińsko-Mazurski;PSG w Grzechotkach;Grzechotki – Mamonowo II (drogowe);Rosja;Amunicja;Ostra;94,50;105 szt. amunicji bocznego zapłonu 22LR ;szt.;105,0000;Straż Graniczna
15.09.2024 01:00:00;Z RP;strefa;Śląski;PSG w Katowicach-Pyrzowicach;;lotnicza;Broń;inna/inne;70,00;Przedmiot przypominający pałkę teleskopową;szt.;1,0000;Straż Graniczna
15.09.2024 01:10:00;wewnątrz kraju;strefa;Podlaski;PSG w Kuźnicy;;Białoruś;Papierosy;Papierosy;16310,80;NZ;szt.;20000,0000;Straż Graniczna
15.09.2024 01:10:00;wewnątrz kraju;strefa;Podlaski;PSG w Kuźnicy;;Białoruś;Papierosy;Papierosy;8155,40;MIŃSK;szt.;10000,0000;Straż Graniczna
15.09.2024 05:20:00;Do RP;przejście;Nadbużański;PSG w Terespolu;Kukuryki – Kozłowiczy (drogowe);Białoruś;Papierosy;Papierosy;815,54;;szt.;1000,0000;Straż Graniczna
15.09.2024 09:15:00;wewnątrz kraju;strefa;Podlaski;PSG w Nowym Dworze;;Białoruś;Papierosy;Papierosy;8155,40;Queen Menthol;szt.;10000,0000;Straż Graniczna
15.09.2024 09:15:00;wewnątrz kraju;strefa;Podlaski;PSG w Nowym Dworze;;Białoruś;Papierosy;Papierosy;8155,40;Minsk;szt.;10000,0000;Straż Graniczna
15.09.2024 09:15:00;wewnątrz kraju;strefa;Podlaski;PSG w Nowym Dworze;;Białoruś;Papierosy;Papierosy;6850,54;NZ Gold;szt.;8400,0000;Straż Graniczna
15.09.2024 15:10:00;Do RP;przejście;Nadwiślański;PSG w Warszawie-Okęciu;Warszawa-Okęcie (lotnicze);lotnicza;Narkotyki;Marihuana;65565,00;;kg;1,4570;Straż Graniczna
15.09.2024 22:45:00;Do RP;przejście;Nadbużański;PSG w Hrubieszowie;Zosin – Ustiług (drogowe);Ukraina;Papierosy;Papierosy;130,49;;szt.;160,0000;Straż Graniczna
16.09.2024 00:45:00;Do RP;przejście;Nadbużański;PSG w Terespolu;Terespol – Brześć (drogowe);Białoruś;Papierosy;Papierosy;244,66;;szt.;300,0000;KAS
16.09.2024 00:45:00;Do RP;przejście;Nadbużański;PSG w Terespolu;Terespol – Brześć (drogowe);Białoruś;Papierosy;Papierosy;309,91;;szt.;380,0000;KAS
16.09.2024 04:40:00;Do RP;przejście;Nadbużański;PSG w Terespolu;Terespol – Brześć (drogowe);Białoruś;Papierosy;Papierosy;163,11;na wniosek SG do ODC numer 122;szt.;200,0000;Straż Graniczna
16.09.2024 11:30:00;wewnątrz kraju;strefa;Podlaski;PSG w Kuźnicy;;Białoruś;Papierosy;Papierosy;16310,80;NZ;szt.;20000,0000;Straż Graniczna
16.09.2024 13:00:00;Do RP;przejście;Bieszczadzki;PSG w Medyce;Medyka – Szeginie (drogowe);Ukraina;Amunicja;Ostra;2,00;;szt.;1,0000;Straż Graniczna
16.09.2024 13:50:00;Do RP;przejście;Bieszczadzki;PSG w Medyce;Medyka – Szeginie (drogowe);Ukraina;Amunicja;Ostra;2,00;;szt.;1,0000;Straż Graniczna
16.09.2024 16:05:00;wewnątrz kraju;kraj;Nadbużański;Wydział Operacyjno-Śledczy;;wewnątrz kraju;Tytoń;krajanka tytoniowa;735617,08;;kg;902,0000;SC | SG
16.09.2024 18:46:00;wewnątrz kraju;strefa;Podlaski;PSG w Nowym Dworze;;Białoruś;Papierosy;Papierosy;8155,40;NZ Gold;szt.;10000,0000;Straż Graniczna
16.09.2024 18:46:00;wewnątrz kraju;strefa;Podlaski;PSG w Nowym Dworze;;Białoruś;Papierosy;Papierosy;15495,26;;szt.;19000,0000;Straż Graniczna
16.09.2024 23:00:00;Do RP;przejście;Nadbużański;PSG w Dorohusku;Dorohusk – Jagodzin (drogowe);Ukraina;Tytoń;Tytoń do palenia (wkłady);;wyroby nowatorskie marki TERRA wkłady tytoniowe ;kg;0,0964;SC | SG
17.09.2024 04:42:00;Do RP;przejście;Nadbużański;PSG w Dorohusku;Dorohusk – Jagodzin (drogowe);Ukraina;Narkotyki;Marihuana;106,20;;kg;0,0024;Straż Graniczna
17.09.2024 05:20:00;Do RP;przejście;Nadbużański;PSG w Dorohusku;Dorohusk – Jagodzin (drogowe);Ukraina;Papierosy;Papierosy;78,29;wniosek nr 147;szt.;96,0000;Straż Graniczna
17.09.2024 05:30:00;Do RP;przejście;Nadbużański;PSG w Dorohusku;Dorohusk – Jagodzin (drogowe);Ukraina;Papierosy;Papierosy;42,41;WNIOSEK NR 146;szt.;52,0000;Straż Graniczna
17.09.2024 07:05:00;wewnątrz kraju;kraj;Morski;Wydział Operacyjno-Śledczy;;wewnątrz kraju;Inne;inna/inne;;telefony komórkowe;szt.;3,0000;Straż Graniczna
17.09.2024 07:05:00;wewnątrz kraju;kraj;Morski;Wydział Operacyjno-Śledczy;;wewnątrz kraju;Inne;inna/inne;;laptopy;szt.;2,0000;Straż Graniczna
17.09.2024 07:05:00;wewnątrz kraju;kraj;Morski;Wydział Operacyjno-Śledczy;;wewnątrz kraju;Inne;inna/inne;;kart bankomatowych;szt.;7,0000;Straż Graniczna
17.09.2024 07:05:00;wewnątrz kraju;kraj;Morski;Wydział Operacyjno-Śledczy;;wewnątrz kraju;Inne;inna/inne;;pieczęci firmowych;szt.;5,0000;Straż Graniczna
17.09.2024 07:05:00;wewnątrz kraju;kraj;Morski;Wydział Operacyjno-Śledczy;;wewnątrz kraju;Inne;inna/inne;;kart SIM;szt.;8,0000;Straż Graniczna
17.09.2024 07:05:00;wewnątrz kraju;kraj;Morski;Wydział Operacyjno-Śledczy;;wewnątrz kraju;Inne;inna/inne;;kart  różnego formatu dokumentacji w języku polskim i obcym;szt.;71,0000;Straż Graniczna
17.09.2024 07:05:00;wewnątrz kraju;kraj;Morski;Wydział Operacyjno-Śledczy;;wewnątrz kraju;Inne;inna/inne;;potwierdzeń oraz dowodów wpłaty;szt.;20,0000;Straż Graniczna
17.09.2024 15:25:00;wewnątrz kraju;strefa;Podlaski;PSG w Kuźnicy;Kuźnica – Bruzgi (drogowe);Białoruś;Narkotyki;Amfetamina;;bryłka białego proszku w foliowym worexczku;kg;0,0083;Straż Graniczna
17.09.2024 19:20:00;Do RP;przejście;Bieszczadzki;PSG w Lubaczowie;Budomierz – Hruszew (drogowe);Ukraina;Broń;inna/inne;1400,00;pistolet sygnałowy;szt.;1,0000;SC | SG
17.09.2024 19:20:00;Do RP;przejście;Bieszczadzki;PSG w Lubaczowie;Budomierz – Hruszew (drogowe);Ukraina;Amunicja;inna/inne;275,00;standardowe,hukowe naboje lub służące do wystrzeliwania rac sygnalizacyjnych;szt.;55,0000;SC | SG
17.09.2024 22:00:00;Do RP;przejście;Nadbużański;PSG w Dorohusku;Dorohusk – Jagodzin (drogowe);Ukraina;Papierosy;Papierosy;48,93;;szt.;60,0000;Straż Graniczna
17.09.2024 22:00:00;Do RP;przejście;Nadbużański;PSG w Dorohusku;Dorohusk – Jagodzin (drogowe);Ukraina;Płyn do e-papierosów;Płyn do e-papierosów;68,40;;litr;0,1800;Straż Graniczna
17.09.2024 22:00:00;Do RP;przejście;Nadbużański;PSG w Dorohusku;Dorohusk – Jagodzin (drogowe);Ukraina;Papierosy;Papierosy;277,28;;szt.;340,0000;Straż Graniczna
17.09.2024 22:00:00;Do RP;przejście;Nadbużański;PSG w Dorohusku;Dorohusk – Jagodzin (drogowe);Ukraina;Tytoń;Tytoń do palenia (wkłady);;wyroby nowatorskie;kg;0,0371;Straż Graniczna
17.09.2024 22:00:00;Do RP;przejście;Nadbużański;PSG w Dorohusku;Dorohusk – Jagodzin (drogowe);Ukraina;Inne;inna/inne;51,80;produkty pochodzenia zwierzęcego;kg;5,1800;Straż Graniczna
18.09.2024 04:47:00;wewnątrz kraju;strefa;Podlaski;PSG w Kuźnicy;;Białoruś;Papierosy;Papierosy;16310,80;;szt.;20000,0000;Straż Graniczna
18.09.2024 07:00:00;wewnątrz kraju;strefa;Bieszczadzki;PSG w Hermanowicach;;Ukraina;Papierosy;Papierosy;2821,77;;szt.;3460,0000;Straż Graniczna
18.09.2024 12:15:00;Do RP;przejście;Bieszczadzki;PSG w Medyce;Medyka – Szeginie (drogowe);Ukraina;Amunicja;Ostra;6,00;;szt.;2,0000;Straż Graniczna
18.09.2024 14:44:00;Do RP;przejście;Nadbużański;PSG w Dorohusku;Dorohusk – Jagodzin (drogowe);Ukraina;Papierosy;Papierosy;48,93;;szt.;60,0000;Straż Graniczna
18.09.2024 14:49:00;Do RP;przejście;Nadbużański;PSG w Dorohusku;Dorohusk – Jagodzin (drogowe);Ukraina;Papierosy;Papierosy;65,24;;szt.;80,0000;Straż Graniczna
18.09.2024 15:01:00;Do RP;przejście;Nadbużański;PSG w Dorohusku;Dorohusk – Jagodzin (drogowe);Ukraina;Papierosy;Papierosy;81,55;;szt.;100,0000;Straż Graniczna
18.09.2024 19:40:00;Z RP;przejście;Nadbużański;PSG w Hrubieszowie;Zosin – Ustiług (drogowe);Ukraina;Pojazdy;inna/inne;1500,00;Rower HERCULES;szt.;1,0000;Straż Graniczna
18.09.2024 20:05:00;wewnątrz kraju;kraj;Morski;PSG w Elblągu;;wewnątrz kraju;Tytoń;krajanka tytoniowa;12885,53;Towar zabezpieczony przez KAS Toruń;kg;15,8000;Straż Graniczna
18.09.2024 20:05:00;wewnątrz kraju;kraj;Morski;PSG w Elblągu;;wewnątrz kraju;Tytoń;susz tytoniowy;5374734,02;suszone liście tytoniu - zostały zabezpieczone jako zajęcie rzeczy i zostaje na przechowanie na posesji Agnieszki Kowalskiej w Rokicie 23, z zakazem zbycia;kg;8804,4000;Straż Graniczna
18.09.2024 20:05:00;wewnątrz kraju;kraj;Morski;PSG w Elblągu;;wewnątrz kraju;Tytoń;krajanka tytoniowa;49380,95;zabezpieczona przez PSG w Elblągu;kg;60,5500;Straż Graniczna
18.09.2024 22:52:00;Do RP;przejście;Nadbużański;PSG w Dorohusku;Dorohusk – Jagodzin (drogowe);Ukraina;Papierosy;Papierosy;77,48;;szt.;95,0000;Straż Graniczna
19.09.2024 10:00:00;wewnątrz kraju;strefa;Nadbużański;PSG w Terespolu;;Białoruś;Narkotyki;Marihuana;49,50;susz roślinny koloru brązowego o wadze 1.1 grama;kg;0,0011;Policja | SG
19.09.2024 12:00:00;Do RP;przejście;Nadbużański;PSG w Hrebennem;Hrebenne – Rawa Ruska (drogowe);Ukraina;Amunicja;Ostra;40,00;LUGER 9MM;szt.;20,0000;Straż Graniczna
19.09.2024 13:00:00;wewnątrz kraju;kraj;Podlaski;PSG w Augustowie;;wewnątrz kraju;Narkotyki;Marihuana;49,50;;kg;0,0011;Straż Graniczna
19.09.2024 14:30:00;Do RP;przejście;Nadbużański;PSG w Terespolu;Terespol – Brześć (drogowe);Białoruś;Papierosy;Papierosy;146,80;wyroby tytoniowe bez polskich znaków skarbowych akcyzy w postaci papierosów w ilości 180 sztuk o łącznej wartości 146,80zł;szt.;180,0000;KAS
19.09.2024 14:30:00;Do RP;przejście;Nadbużański;PSG w Terespolu;Terespol – Brześć (drogowe);Białoruś;Alkohol;Wódka;80,00;2 litry alkoholu o wartości 80zł;litr;2,0000;KAS
19.09.2024 23:45:00;Do RP;przejście;Nadbużański;PSG w Terespolu;Kukuryki – Kozłowiczy (drogowe);Białoruś;Papierosy;Papierosy;652,43;wyroby tytoniowe bez polskich znaków skarbowych akcyzy w postaci papierosów w ilości 800 sztuk o łącznej wartości 652.43 zł. ;szt.;800,0000;Straż Graniczna
20.09.2024 00:05:00;Z RP;przejście;Bieszczadzki;PSG w Medyce;Medyka – Szeginie (drogowe);Ukraina;Inne;Podzespoły samochodowe;15000,00;;szt.;20,0000;Straż Graniczna
20.09.2024 02:00:00;Do RP;przejście;Nadbużański;PSG w Dorohusku;Dorohusk – Jagodzin (drogowe);Ukraina;Papierosy;Papierosy;235,69;;szt.;289,0000;KAS | SG
20.09.2024 04:05:00;wewnątrz kraju;strefa;Podlaski;PSG w Kuźnicy;;Białoruś;Papierosy;Papierosy;24466,20;Mińsk;szt.;30000,0000;Straż Graniczna
20.09.2024 04:05:00;wewnątrz kraju;strefa;Podlaski;PSG w Kuźnicy;;Białoruś;Papierosy;Papierosy;17941,88;NZ;szt.;22000,0000;Straż Graniczna
20.09.2024 04:05:00;wewnątrz kraju;strefa;Podlaski;PSG w Kuźnicy;;Białoruś;Narkotyki;Marihuana;20,16;;kg;0,0004;Straż Graniczna
20.09.2024 04:05:00;wewnątrz kraju;strefa;Podlaski;PSG w Kuźnicy;;Białoruś;Narkotyki;Amfetamina;168,00;woreczek strunowy z zawartością białego proszku- środek odurzający.;kg;0,0024;Straż Graniczna
20.09.2024 08:40:00;Do RP;strefa;Podlaski;PSG w Lipsku;;Białoruś;Papierosy;Papierosy;16,31;NZ Black;szt.;20,0000;Straż Graniczna
20.09.2024 10:35:00;wewnątrz kraju;kraj;Morski;PSG w Kołobrzegu;;wewnątrz kraju;Pojazdy;Osobowy;105000,00;Audi Q2;szt.;1,0000;Straż Graniczna
20.09.2024 14:02:00;Z RP;przejście;Nadwiślański;PSG w Warszawie-Okęciu;Warszawa-Okęcie (lotnicze);lotnicza;Amunicja;Ostra;;"""188 89""";szt.;1,0000;Straż Graniczna
20.09.2024 22:00:00;wewnątrz kraju;kraj;Nadbużański;PSG w Lublinie;;wewnątrz kraju;Papierosy;Papierosy;826566,10;;szt.;1013520,0000;Straż Graniczna
21.09.2024 01:50:00;Do RP;przejście;Nadbużański;PSG w Hrebennem;Hrebenne – Rawa Ruska (drogowe);Ukraina;Broń;inna/inne;50,00;imitacji kija baseballowego;szt.;1,0000;Straż Graniczna
21.09.2024 14:30:00;Z RP;przejście;Nadodrzański;PSG w Poznaniu-Ławicy;Poznań-Ławica (lotnicze);lotnicza;Broń;inna/inne;180,00;Pałka teleskopowa;szt.;1,0000;Straż Graniczna
21.09.2024 22:50:00;Do RP;przejście;Nadbużański;PSG w Terespolu;Terespol – Brześć (drogowe);Białoruś;Alkohol;Wódka;60,00;na wniosek SG do KAS numer 128 z dnia 21.09.2024 r. ;litr;2,0000;Straż Graniczna
22.09.2024 02:30:00;Do RP;przejście;Nadbużański;PSG w Dołhobyczowie;Dołhobyczów – Uhrynów (drogowe);Ukraina;Alkohol;inna/inne;480,00;;litr;6,0000;SC | SG
22.09.2024 02:30:00;Do RP;przejście;Nadbużański;PSG w Dołhobyczowie;Dołhobyczów – Uhrynów (drogowe);Ukraina;Papierosy;Papierosy;81,55;4 paczki papierosów;szt.;100,0000;SC | SG
22.09.2024 02:30:00;Do RP;przejście;Nadbużański;PSG w Dołhobyczowie;Dołhobyczów – Uhrynów (drogowe);Ukraina;Tytoń;Tytoń do palenia;59,50;wyroby nowatorski HEETS;kg;0,1017;SC | SG
22.09.2024 07:30:00;Do RP;przejście;Nadbużański;PSG w Hrebennem;Hrebenne – Rawa Ruska (drogowe);Ukraina;Amunicja;Ostra;36,00;3 sztuki amunicji z oznaczeniem  HORNADY 338 LAPUA MAG;szt.;3,0000;Straż Graniczna
22.09.2024 10:30:00;Do RP;przejście;Nadbużański;PSG w Terespolu;Terespol – Brześć (drogowe);Białoruś;Alkohol;Wódka;80,00;1 litr alkoholu o wartości 80zł;litr;1,0000;Straż Graniczna
22.09.2024 10:34:00;Do RP;przejście;Śląski;PSG w Katowicach-Pyrzowicach;Katowice-Pyrzowice (lotnicze);lotnicza;Tytoń;susz tytoniowy;1019,00;susz tytoniowy w reklamówce bez znaków akcyzy;kg;1,0000;KAS | SG
22.09.2024 11:00:00;Z RP;strefa;Śląski;PSG w Katowicach-Pyrzowicach;Katowice-Pyrzowice (lotnicze);lotnicza;Broń;inna/inne;70,00;Przedmiot przypominający pałkę;szt.;1,0000;Straż Graniczna
22.09.2024 11:56:00;Do RP;przejście;Nadbużański;PSG w Dorohusku;Dorohusk – Jagodzin (drogowe);Ukraina;Papierosy;Papierosy;65,24;;szt.;80,0000;Straż Graniczna
22.09.2024 12:02:00;Do RP;przejście;Nadbużański;PSG w Dorohusku;Dorohusk – Jagodzin (drogowe);Ukraina;Papierosy;Papierosy;86,45;;szt.;106,0000;Straż Graniczna
22.09.2024 12:10:00;Do RP;przejście;Nadbużański;PSG w Dorohusku;Dorohusk – Jagodzin (drogowe);Ukraina;Papierosy;Papierosy;48,93;;szt.;60,0000;Straż Graniczna
22.09.2024 12:10:00;Do RP;przejście;Nadbużański;PSG w Dorohusku;Dorohusk – Jagodzin (drogowe);Ukraina;Tytoń;Tytoń do palenia (wkłady);;wyroby nowatorskie;kg;0,0106;Straż Graniczna
22.09.2024 13:30:00;Do RP;przejście;Nadbużański;PSG w Terespolu;Terespol – Brześć (drogowe);Białoruś;Inne;inna/inne;108,00;produkty pochodzenia zwierzęcego o wadze 6kg o łącznej wartości 108zł;kg;6,0000;Straż Graniczna
22.09.2024 15:10:00;wewnątrz kraju;strefa;Nadbużański;PSG w Sławatyczach;;Białoruś;Papierosy;Papierosy;8155,40;;szt.;10000,0000;Straż Graniczna
22.09.2024 17:00:00;Z RP;strefa;Śląski;PSG w Katowicach-Pyrzowicach;Katowice-Pyrzowice (lotnicze);lotnicza;Broń;inna/inne;70,00;Przedmiot przypominający pałkę;szt.;1,0000;Straż Graniczna
22.09.2024 17:10:00;Z RP;przejście;Nadodrzański;PSG w Poznaniu-Ławicy;Poznań-Ławica (lotnicze);lotnicza;Amunicja;Ostra;2,00;9 mm LUGER  STV;szt.;1,0000;Straż Graniczna
22.09.2024 18:30:00;Z RP;przejście;Nadbużański;PSG w Hrebennem;Hrebenne – Rawa Ruska (drogowe);Ukraina;Narkotyki;Marihuana;43,20;narkotyk w postaci suszu roślinnego o wadze 0.96 gram ;kg;0,0010;Straż Graniczna
23.09.2024 06:20:00;Do RP;przejście;Nadbużański;PSG w Terespolu;Terespol – Brześć (drogowe);Białoruś;Inne;inna/inne;127,50;PRODUKTY POCHODZENIA ROŚLINNEGO 8.5 KG;kg;8,5000;Straż Graniczna
23.09.2024 06:20:00;Do RP;przejście;Nadbużański;PSG w Terespolu;Terespol – Brześć (drogowe);Białoruś;Papierosy;Papierosy;260,97;16 PACZEK PAPIEROSÓW ;szt.;320,0000;Straż Graniczna
23.09.2024 08:30:00;wewnątrz kraju;strefa;Nadbużański;PSG w Sławatyczach;;Białoruś;Narkotyki;Marihuana;73,35;;kg;0,0016;Policja | Policja | SG
23.09.2024 08:30:00;wewnątrz kraju;strefa;Nadbużański;PSG w Sławatyczach;;Białoruś;Narkotyki;Marihuana;553,50;susz roslinny;kg;0,0123;Policja | Policja | SG
23.09.2024 08:30:00;wewnątrz kraju;strefa;Nadbużański;PSG w Sławatyczach;;Białoruś;Narkotyki;Amfetamina;626,50;;kg;0,0090;Policja | Policja | SG
23.09.2024 08:30:00;wewnątrz kraju;strefa;Nadbużański;PSG w Sławatyczach;;Białoruś;Narkotyki;inna/inne;294,00;mefedron - kryształki;kg;0,0049;Policja | Policja | SG
23.09.2024 08:30:00;wewnątrz kraju;strefa;Nadbużański;PSG w Sławatyczach;;Białoruś;Narkotyki;inna/inne;53,40;mefedron pomarańczowy proszek;kg;0,0009;Policja | Policja | SG
23.09.2024 12:30:00;wewnątrz kraju;strefa;Nadbużański;PSG w Sławatyczach;;Białoruś;Papierosy;Papierosy;8155,40;marka NZ;szt.;10000,0000;Straż Graniczna
23.09.2024 16:20:00;wewnątrz kraju;strefa;Podlaski;PSG w Kuźnicy;;Białoruś;Papierosy;Papierosy;16310,80;QUEEN MENTHOL;szt.;20000,0000;Straż Graniczna
23.09.2024 16:40:00;wewnątrz kraju;kraj;Warmińsko-Mazurski;PSG w Braniewie;;wewnątrz kraju;Papierosy;Papierosy;652432,00;RICHMOND;szt.;800000,0000;KAS | SG
24.09.2024 05:20:00;wewnątrz kraju;kraj;Nadodrzański;PSG w Jeleniej Górze;;wewnątrz kraju;Papierosy;Papierosy;163108,00;;szt.;200000,0000;Straż Graniczna
24.09.2024 05:20:00;wewnątrz kraju;kraj;Nadodrzański;PSG w Jeleniej Górze;;wewnątrz kraju;Tytoń;krajanka tytoniowa;172580,90;;kg;295,0000;Straż Graniczna
24.09.2024 08:00:00;Do RP;przejście;Bieszczadzki;PSG w Medyce;Przemyśl – Mościska (kolejowe);Ukraina;Papierosy;Papierosy;424,08;marki kent ;szt.;520,0000;SC
24.09.2024 10:30:00;Do RP;przejście;Nadbużański;PSG w Dorohusku;Dorohusk – Jagodzin (drogowe);Ukraina;Inne;inna/inne;400,00;PESTYCYDY;litr;40,0000;KAS
24.09.2024 22:45:00;wewnątrz kraju;kraj;Podlaski;PSG w Rutce-Tartak;;wewnątrz kraju;Papierosy;Papierosy;701250,22;NZ GOLD ;szt.;859860,0000;Straż Graniczna
25.09.2024 01:51:00;Do RP;przejście;Nadbużański;PSG w Dorohusku;Dorohusk – Jagodzin (drogowe);Ukraina;Papierosy;Papierosy;48,93;;szt.;60,0000;Straż Graniczna
25.09.2024 02:02:00;Do RP;przejście;Nadbużański;PSG w Dorohusku;Dorohusk – Jagodzin (drogowe);Ukraina;Papierosy;Papierosy;48,93;;szt.;60,0000;Straż Graniczna
25.09.2024 02:07:00;Do RP;przejście;Nadbużański;PSG w Dorohusku;Dorohusk – Jagodzin (drogowe);Ukraina;Papierosy;Papierosy;130,49;;szt.;160,0000;Straż Graniczna
25.09.2024 02:14:00;Do RP;przejście;Nadbużański;PSG w Dorohusku;Dorohusk – Jagodzin (drogowe);Ukraina;Papierosy;Papierosy;32,62;;szt.;40,0000;Straż Graniczna
25.09.2024 06:00:00;wewnątrz kraju;strefa;Nadbużański;PSG w Chłopiatynie;;Ukraina;Narkotyki;inna/inne;12870,00;krzewy konopi innych niż włókniste;szt.;13,0000;Policja | SG
25.09.2024 06:00:00;wewnątrz kraju;strefa;Nadbużański;PSG w Chłopiatynie;;Ukraina;Narkotyki;Marihuana;61365,60;;kg;1,3637;Policja | SG
25.09.2024 06:00:00;wewnątrz kraju;strefa;Nadbużański;PSG w Chłopiatynie;;Ukraina;Tytoń;susz tytoniowy;8134,95;;kg;10,0120;Policja | SG
25.09.2024 08:00:00;wewnątrz kraju;strefa;Nadbużański;PSG w Sławatyczach;;Białoruś;Narkotyki;Marihuana;3427,50;;kg;0,0686;Policja | SG | Policja
25.09.2024 08:00:00;wewnątrz kraju;strefa;Nadbużański;PSG w Sławatyczach;;Białoruś;Narkotyki;Amfetamina;1917,50;;kg;0,0384;Policja | SG | Policja
25.09.2024 08:00:00;wewnątrz kraju;strefa;Nadbużański;PSG w Sławatyczach;;Białoruś;Narkotyki;inna/inne;6214,50;mefedron;kg;0,1243;Policja | SG | Policja
25.09.2024 10:00:00;wewnątrz kraju;kraj;Morski;PSG w Świnoujściu;;wewnątrz kraju;Papierosy;Papierosy;929,72;Pall Mall;szt.;1140,0000;Straż Graniczna
25.09.2024 10:00:00;wewnątrz kraju;kraj;Morski;PSG w Świnoujściu;;wewnątrz kraju;Papierosy;Papierosy;815,54;Marlboro;szt.;1000,0000;Straż Graniczna
25.09.2024 10:00:00;wewnątrz kraju;kraj;Morski;PSG w Świnoujściu;;wewnątrz kraju;Papierosy;Papierosy;815,54;L&M;szt.;1000,0000;Straż Graniczna
26.09.2024 07:30:00;Z RP;strefa;Nadwiślański;PSG w Warszawie-Modlinie;Warszawa/Modlin (lotnicze);lotnicza;Amunicja;inna/inne;;CBC;szt.;1,0000;Straż Graniczna
26.09.2024 12:20:00;Do RP;przejście;Nadbużański;PSG w Dorohusku;Dorohusk – Jagodzin (drogowe);Ukraina;Papierosy;Papierosy;32,62;;szt.;40,0000;Straż Graniczna
26.09.2024 12:20:00;Do RP;przejście;Nadbużański;PSG w Dorohusku;Dorohusk – Jagodzin (drogowe);Ukraina;Papierosy;Papierosy;212,04;;szt.;260,0000;Straż Graniczna
26.09.2024 12:20:00;Do RP;przejście;Nadbużański;PSG w Dorohusku;Dorohusk – Jagodzin (drogowe);Ukraina;Papierosy;Papierosy;32,62;;szt.;40,0000;Straż Graniczna
26.09.2024 13:00:00;Do RP;przejście;Nadbużański;PSG w Terespolu;Kukuryki – Kozłowiczy (drogowe);Białoruś;Papierosy;Papierosy;1598,46;wyroby tytoniowe bez polskich znaków skarbowych akcyzy w postaci papierosów w ilości 1960 sztuk o łącznej wartości 1598,46zł;szt.;1960,0000;Straż Graniczna
26.09.2024 13:45:00;wewnątrz kraju;kraj;Nadbużański;PSG w Hrubieszowie;;wewnątrz kraju;Pojazdy;Osobowy;90000,00;KIA SPORTAGE  rok produkcji 2019 nr VIN:U5YPK813DKL712615;szt.;1,0000;Policja
26.09.2024 17:50:00;wewnątrz kraju;kraj;Nadodrzański;PSG w Zgorzelcu;;wewnątrz kraju;Pojazdy;Osobowy;330000,00;;szt.;1,0000;Straż Graniczna
26.09.2024 20:00:00;Z RP;przejście;Bieszczadzki;PSG w Medyce;Medyka – Szeginie (drogowe);Ukraina;Pojazdy;Osobowy;10000,00;KIA SORENTO;szt.;1,0000;Straż Graniczna
26.09.2024 21:25:00;wewnątrz kraju;strefa;Nadbużański;PSG w Terespolu;;Białoruś;Narkotyki;Marihuana;28,35;;kg;0,0006;Straż Graniczna
27.09.2024 01:30:00;Z RP;przejście;Bieszczadzki;PSG w Korczowej;Korczowa – Krakowiec (drogowe);Ukraina;Pojazdy;Osobowy;150000,00;TOYOTA LAND CRUISER;szt.;1,0000;Straż Graniczna
27.09.2024 05:45:00;Do RP;przejście;Nadbużański;PSG w Terespolu;Terespol – Brześć (drogowe);Białoruś;Alkohol;inna/inne;240,00;ujawniono alkohol polskich znaków skarbowych akcyzy w ilości 1,410 litra o łącznej wartości 240zł.;litr;1,4100;Straż Graniczna
27.09.2024 07:00:00;Do RP;przejście;Nadbużański;PSG w Terespolu;Terespol – Brześć (drogowe);Białoruś;Papierosy;Papierosy;163,11; ujawniono wyroby tytoniowe bez polskich znaków skarbowych akcyzy w postaci papierosów w ilości 200 sztuk o łącznej wartości 163,11zł;szt.;200,0000;Straż Graniczna
27.09.2024 15:00:00;Do RP;przejście;Nadbużański;PSG w Terespolu;Terespol – Brześć (drogowe);Białoruś;Inne;inna/inne;150,00;produkty pochodzenia zwierzęcego;kg;10,0000;Straż Graniczna
27.09.2024 15:00:00;Do RP;przejście;Nadbużański;PSG w Terespolu;Terespol – Brześć (drogowe);Białoruś;Inne;inna/inne;900,00;skarpetki;szt.;180,0000;Straż Graniczna
27.09.2024 18:55:00;wewnątrz kraju;kraj;Warmińsko-Mazurski;Wydział Operacyjno-Śledczy;;wewnątrz kraju;Papierosy;Papierosy;163,11;;szt.;200,0000;Straż Graniczna
27.09.2024 20:09:00;Do RP;przejście;Nadbużański;PSG w Terespolu;Terespol – Brześć (drogowe);Białoruś;Inne;inna/inne;80,00;PROKUKTY POCHODZENIA ROŚLINNEGO;kg;8,0000;Straż Graniczna
27.09.2024 21:50:00;Do RP;przejście;Nadbużański;PSG w Terespolu;Terespol – Brześć (drogowe);Białoruś;Papierosy;Papierosy;782,92;;szt.;960,0000;KAS
28.09.2024 01:20:00;Do RP;przejście;Nadbużański;PSG w Terespolu;Terespol – Brześć (drogowe);Białoruś;Papierosy;Papierosy;2511,86;;szt.;3080,0000;Straż Graniczna
28.09.2024 07:40:00;wewnątrz kraju;strefa;Bieszczadzki;PSG w Lubaczowie;;Ukraina;Papierosy;Papierosy;358,84;Parliament;szt.;440,0000;Straż Graniczna
28.09.2024 13:15:00;Do RP;przejście;Bieszczadzki;PSG w Korczowej;Korczowa – Krakowiec (drogowe);Ukraina;Papierosy;Papierosy;2283,51;;szt.;2800,0000;Straż Graniczna
28.09.2024 17:00:00;Do RP;przejście;Bieszczadzki;PSG w Medyce;Medyka – Szeginie (drogowe);Ukraina;Amunicja;Ostra;2,00;kaliber 12,7 x 95;szt.;1,0000;Straż Graniczna
29.09.2024 17:45:00;Z RP;przejście;Nadbużański;PSG w Hrubieszowie;Zosin – Ustiług (drogowe);Ukraina;Pojazdy;Osobowy;55000,00;MITSUBISHI OUTLANDER rok produkcji 2012, kolor czarny;szt.;1,0000;Straż Graniczna
29.09.2024 20:20:00;Do RP;przejście;Nadbużański;PSG w Hrebennem;Hrebenne – Rawa Ruska (drogowe);Ukraina;Papierosy;Papierosy;1582,15;uszczuplenia celne  2607,00 zł. ;szt.;1940,0000;Straż Graniczna
29.09.2024 22:25:00;Do RP;przejście;Nadbużański;PSG w Hrebennem;Hrebenne – Rawa Ruska (drogowe);Ukraina;Amunicja;inna/inne;45,00;amunicja  z oznaczeniem  SARA 9mm P.A;szt.;50,0000;Straż Graniczna
30.09.2024 09:30:00;wewnątrz kraju;kraj;Podlaski;PSG w Augustowie;;wewnątrz kraju;Płyn do e-papierosów;Płyn do e-papierosów;18559,08;wyroby nowatorskie w postaci LIQUIDY, oraz E-Papierosy z zawartoscią LIQUIDÓW;litr;19,7540;Straż Graniczna
30.09.2024 17:30:00;Do RP;przejście;Nadbużański;PSG w Terespolu;Terespol – Brześć (drogowe);Białoruś;Papierosy;Papierosy;114,18;;szt.;140,0000;Straż Graniczna
30.09.2024 22:00:00;wewnątrz kraju;strefa;Podlaski;PSG w Płaskiej;;Białoruś;Papierosy;Papierosy;22182,69;marki MIŃSK ,NZ;szt.;27200,0000;Straż Graniczna
01.10.2024 09:15:00;wewnątrz kraju;kraj;Nadwiślański;PSG w Warszawie-Okęciu;Warszawa-Okęcie (lotnicze);wewnątrz kraju;Inne;inna/inne;;paszport;szt.;1,0000;Straż Graniczna
01.10.2024 10:00:00;Do RP;przejście;Nadbużański;PSG w Dołhobyczowie;Dołhobyczów – Uhrynów (drogowe);Ukraina;Narkotyki;inna/inne;56,63;KRATOM;kg;0,0396;SC | SG
01.10.2024 13:05:00;Do RP;przejście;Nadbużański;PSG w Dorohusku;Dorohusk – Jagodzin (drogowe);Ukraina;Papierosy;Papierosy;97,86;wniosek nr 165;szt.;120,0000;Straż Graniczna
01.10.2024 13:05:00;Do RP;przejście;Nadbużański;PSG w Dorohusku;Dorohusk – Jagodzin (drogowe);Ukraina;Tytoń;Tytoń do palenia (wkłady);;wniosek 166;kg;0,0755;Straż Graniczna
01.10.2024 13:05:00;Do RP;przejście;Nadbużański;PSG w Dorohusku;Dorohusk – Jagodzin (drogowe);Ukraina;Papierosy;Papierosy;65,24;wniosek 164;szt.;80,0000;Straż Graniczna
01.10.2024 13:05:00;Do RP;przejście;Nadbużański;PSG w Dorohusku;Dorohusk – Jagodzin (drogowe);Ukraina;Papierosy;Papierosy;48,93;wniosek 163;szt.;60,0000;Straż Graniczna
01.10.2024 13:05:00;Do RP;przejście;Nadbużański;PSG w Dorohusku;Dorohusk – Jagodzin (drogowe);Ukraina;Papierosy;Papierosy;32,62;wniosek 162;szt.;40,0000;Straż Graniczna
01.10.2024 14:50:00;wewnątrz kraju;strefa;Nadbużański;PSG w Chłopiatynie;;Ukraina;Narkotyki;inna/inne;11880,00;krzewy konopi inne niż włókniste ;szt.;12,0000;Policja | SG
01.10.2024 14:50:00;wewnątrz kraju;strefa;Nadbużański;PSG w Chłopiatynie;;Ukraina;Narkotyki;Marihuana;8646,75;susz roślinny koloru zielono - brązowego;kg;0,1922;Policja | SG
01.10.2024 14:50:00;wewnątrz kraju;strefa;Nadbużański;PSG w Chłopiatynie;;Ukraina;Inne;inna/inne;;Odzież z podrobionymi znakami marek odzieżowych.;szt.;2197,0000;Policja | SG
02.10.2024 11:30:00;wewnątrz kraju;kraj;Warmińsko-Mazurski;PSG w Bezledach;;wewnątrz kraju;Pojazdy;Osobowy;100000,00;Opel Insygnia nr rej. BI851FY;szt.;1,0000;Straż Graniczna
02.10.2024 14:47:00;wewnątrz kraju;kraj;Bieszczadzki;Wydział Operacyjno-Śledczy;;wewnątrz kraju;Pojazdy;Osobowy;244000,00;Hyundai Santa Fe ;szt.;1,0000;Policja | SG
02.10.2024 18:53:00;Z RP;przejście;Bieszczadzki;PSG w Medyce;Medyka – Szeginie (drogowe);Ukraina;Pojazdy;Osobowy;85000,00;MERCEDES ML 350 4MATIC o numerze rejestracyjnym 7E45810, nr VIN WDC1660241A424478, rok produkcji 2014;szt.;1,0000;Straż Graniczna
03.10.2024 04:30:00;Do RP;przejście;Nadbużański;PSG w Dorohusku;Dorohusk – Jagodzin (drogowe);Ukraina;Papierosy;Papierosy;194,91;WNIOSEK 168;szt.;239,0000;Straż Graniczna
03.10.2024 05:40:00;Do RP;przejście;Nadbużański;PSG w Terespolu;Kukuryki – Kozłowiczy (drogowe);Białoruś;Papierosy;Papierosy;5382,56;wyroby tytoniowe bez polskich znaków skarbowych akcyzy w postaci papierosów w ilości 6600 sztuk o łącznej wartości 5382,56zł.;szt.;6600,0000;Straż Graniczna
03.10.2024 14:00:00;Do RP;przejście;Nadbużański;PSG w Dorohusku;Dorohusk – Jagodzin (drogowe);Ukraina;Papierosy;Papierosy;48,93;wniosek nr 167;szt.;60,0000;Straż Graniczna
03.10.2024 14:00:00;Z RP;przejście;Nadbużański;PSG w Hrubieszowie;Zosin – Ustiług (drogowe);Ukraina;Pojazdy;Osobowy;60000,00;;szt.;1,0000;Straż Graniczna
03.10.2024 14:15:00;Do RP;przejście;Nadbużański;PSG w Dorohusku;Dorohusk – Jagodzin (drogowe);Ukraina;Papierosy;Papierosy;81,55;WNIOSEK NR 169;szt.;100,0000;Straż Graniczna
03.10.2024 14:25:00;Do RP;przejście;Nadbużański;PSG w Dorohusku;Dorohusk – Jagodzin (drogowe);Ukraina;Tytoń;Tytoń;;WNIOSEK NR 170;kg;0,4380;Straż Graniczna
03.10.2024 21:52:00;wewnątrz kraju;kraj;Bieszczadzki;Wydział Operacyjno-Śledczy;;wewnątrz kraju;Narkotyki;Amfetamina;39,99;;kg;0,0008;Straż Graniczna
04.10.2024 06:30:00;Do RP;przejście;Nadbużański;PSG w Terespolu;Kukuryki – Kozłowiczy (drogowe);Białoruś;Papierosy;Papierosy;1631,08;Wniosek SG do KAS nr 78;szt.;2000,0000;Straż Graniczna
04.10.2024 06:50:00;wewnątrz kraju;kraj;Nadbużański;PSG w Hrubieszowie;;wewnątrz kraju;Pojazdy;Osobowy;100000,00;Toyota CHR;szt.;1,0000;Policja | SG
04.10.2024 08:05:00;Do RP;strefa;Nadbużański;PSG w Terespolu;;Białoruś;Papierosy;Papierosy;8155,40;marka MENTOL QUEEN;szt.;10000,0000;Straż Graniczna
04.10.2024 10:40:00;wewnątrz kraju;strefa;Nadbużański;PSG w Hrubieszowie;;Ukraina;Pojazdy;Osobowy;90000,00;;szt.;1,0000;Straż Graniczna
04.10.2024 10:55:00;wewnątrz kraju;kraj;Nadbużański;PSG w Hrubieszowie;;wewnątrz kraju;Pojazdy;Osobowy;90000,00;KIA SPORTAGE, rok produkcji 2019, nr VIN: U5YPK816HKL588126;szt.;1,0000;Policja
04.10.2024 11:05:00;Do RP;strefa;Nadodrzański;PSG w Świecku;;Niemcy;Pojazdy;inna/inne;260000,00;pojazd typu kamper;szt.;1,0000;Straż Graniczna
04.10.2024 11:27:00;wewnątrz kraju;strefa;Nadbużański;PSG w Sławatyczach;;Białoruś;Papierosy;Papierosy;8155,40;;szt.;10000,0000;Straż Graniczna
04.10.2024 12:19:00;Z RP;przejście;Nadwiślański;PSG w Warszawie-Okęciu;Warszawa-Okęcie (lotnicze);lotnicza;Broń;Palna;;"broń palna o oznaczeniu ""C 3429""";szt.;1,0000;Straż Graniczna
04.10.2024 13:30:00;Z RP;strefa;Śląski;PSG w Katowicach-Pyrzowicach;;lotnicza;Broń;inna/inne;150,00;Przedmiot przypominający kastet;szt.;1,0000;Straż Graniczna
04.10.2024 14:00:00;Z RP;strefa;Śląski;PSG w Katowicach-Pyrzowicach;;lotnicza;Broń;inna/inne;70,00;Przedmiot przypominający pałkę;szt.;1,0000;Straż Graniczna
04.10.2024 17:30:00;Do RP;przejście;Nadbużański;PSG w Terespolu;Kukuryki – Kozłowiczy (drogowe);Białoruś;Papierosy;Papierosy;2772,84;;szt.;3400,0000;Straż Graniczna
04.10.2024 17:40:00;wewnątrz kraju;kraj;Nadbużański;PSG w Hrubieszowie;;wewnątrz kraju;Pojazdy;Osobowy;150000,00;LEXUS NX300H ;szt.;1,0000;Policja
04.10.2024 20:10:00;wewnątrz kraju;kraj;Karpacki;PSG w Krakowie;;wewnątrz kraju;Narkotyki;Amfetamina;8,50;Metaamfetamina;kg;0,0002;PIP
05.10.2024 15:15:00;Do RP;przejście;Nadbużański;PSG w Hrubieszowie;Zosin – Ustiług (drogowe);Ukraina;Papierosy;Papierosy;130,49;Captain Black;szt.;160,0000;Straż Graniczna
06.10.2024 05:55:00;Do RP;przejście;Bieszczadzki;PSG w Korczowej;Korczowa – Krakowiec (drogowe);Ukraina;Papierosy;Papierosy;277,28;papierosy różnej marki bez polskich znaków akcyzy MF RP;szt.;340,0000;Straż Graniczna
06.10.2024 12:15:00;Z RP;przejście;Nadodrzański;PSG w Poznaniu-Ławicy;Poznań-Ławica (lotnicze);lotnicza;Amunicja;Ostra;7,20; 9 x 19  MM PARABELLUM;szt.;6,0000;Straż Graniczna
06.10.2024 14:17:00;Z RP;przejście;Bieszczadzki;PSG w Medyce;Medyka – Szeginie (drogowe);Ukraina;Pojazdy;Osobowy;60000,00;Toyota Rav 4 rok produkcji 2014;szt.;1,0000;Straż Graniczna
06.10.2024 14:17:00;Z RP;przejście;Bieszczadzki;PSG w Medyce;Medyka – Szeginie (drogowe);Ukraina;Inne;inna/inne;10000,00;niekompletny rower Giant Explorer E dd;szt.;1,0000;Straż Graniczna
07.10.2024 06:15:00;wewnątrz kraju;kraj;Nadbużański;PSG w Hrubieszowie;;wewnątrz kraju;Pojazdy;Motocykl;32000,00;Yamaha nr rej.LLE44M4, rok produkcji 2015, o numerze VIN JYARN291000004666;szt.;1,0000;Policja | SG
07.10.2024 07:30:00;Do RP;przejście;Nadbużański;PSG w Dołhobyczowie;Dołhobyczów – Uhrynów (drogowe);Ukraina;Narkotyki;Kokaina;2500,00;substancja sypka;kg;0,0055;SC | SG
07.10.2024 14:10:00;wewnątrz kraju;strefa;Nadodrzański;PSG w Tuplicach;;Niemcy;Tytoń;susz tytoniowy;915415,29;susz tytoniowy bez polskich znaków akcyzy skarbowej ;kg;1499,5500;Straż Graniczna
07.10.2024 14:30:00;wewnątrz kraju;kraj;Nadodrzański;PSG w Kłodzku;;wewnątrz kraju;Papierosy;Papierosy;32621,60;Z napisem Marlboro;szt.;40000,0000;Straż Graniczna
07.10.2024 14:30:00;wewnątrz kraju;kraj;Nadodrzański;PSG w Kłodzku;;wewnątrz kraju;Papierosy;Papierosy;2120,40;Z napisem Marlboro;szt.;2600,0000;Straż Graniczna
07.10.2024 14:30:00;wewnątrz kraju;kraj;Nadodrzański;PSG w Kłodzku;;wewnątrz kraju;Papierosy;Papierosy;24792,42;Z napisem NZ GOLD;szt.;30400,0000;Straż Graniczna
07.10.2024 14:30:00;wewnątrz kraju;kraj;Nadodrzański;PSG w Kłodzku;;wewnątrz kraju;Tytoń;krajanka tytoniowa;8775,30;;kg;15,0000;Straż Graniczna
08.10.2024 01:30:00;Do RP;przejście;Nadbużański;PSG w Hrubieszowie;Zosin – Ustiług (drogowe);Ukraina;Papierosy;Papierosy;309,91;;szt.;380,0000;SC | SG
08.10.2024 05:30:00;Z RP;przejście;Bieszczadzki;PSG w Medyce;Medyka – Szeginie (drogowe);Ukraina;Pojazdy;Osobowy;250000,00;Audi;szt.;1,0000;Straż Graniczna
08.10.2024 08:10:00;Z RP;przejście;Nadodrzański;PSG w Poznaniu-Ławicy;Poznań-Ławica (lotnicze);lotnicza;Broń;inna/inne;50,00;Kastet;szt.;1,0000;Straż Graniczna
08.10.2024 09:00:00;wewnątrz kraju;kraj;Nadbużański;PSG w Terespolu;;wewnątrz kraju;Narkotyki;Marihuana;5056,00;;kg;0,1011;Policja | SG
08.10.2024 09:00:00;wewnątrz kraju;kraj;Nadbużański;PSG w Terespolu;;wewnątrz kraju;Narkotyki;Amfetamina;5937,30;;kg;0,1979;Policja | SG
08.10.2024 09:00:00;wewnątrz kraju;kraj;Nadbużański;PSG w Terespolu;;wewnątrz kraju;Narkotyki;inna/inne;1400,50;mefedron;kg;0,0280;Policja | SG
08.10.2024 11:35:00;Z RP;przejście;Bieszczadzki;PSG w Rzeszowie–Jasionce;Rzeszów-Jasionka (lotnicze);lotnicza;Amunicja;Ostra;4,00;amunicja 7,62/39/NATO;szt.;1,0000;Straż Graniczna
08.10.2024 15:32:00;Do RP;przejście;Nadbużański;PSG w Hrebennem;Hrebenne – Rawa Ruska (drogowe);Ukraina;Tytoń;Tytoń do palenia (wkłady);86,82;materiały nowatorskie;kg;0,1484;Straż Graniczna
08.10.2024 17:30:00;Do RP;przejście;Nadbużański;PSG w Dorohusku;Dorohusk – Jagodzin (drogowe);Ukraina;Papierosy;Papierosy;65,24;WNIOSEK NR 172;szt.;80,0000;Straż Graniczna
08.10.2024 17:40:00;Do RP;przejście;Nadbużański;PSG w Dorohusku;Dorohusk – Jagodzin (drogowe);Ukraina;Papierosy;Papierosy;81,55;WNIOSEK NR 171;szt.;100,0000;Straż Graniczna
08.10.2024 17:45:00;Do RP;przejście;Nadbużański;PSG w Dorohusku;Dorohusk – Jagodzin (drogowe);Ukraina;Papierosy;Papierosy;44,85;WNIOSEK NR 173;szt.;55,0000;Straż Graniczna
08.10.2024 17:55:00;Do RP;przejście;Nadbużański;PSG w Dorohusku;Dorohusk – Jagodzin (drogowe);Ukraina;Papierosy;Papierosy;44,85;WNIOSEK NR 174;szt.;55,0000;Straż Graniczna
08.10.2024 18:00:00;Do RP;przejście;Nadbużański;PSG w Dorohusku;Dorohusk – Jagodzin (drogowe);Ukraina;Papierosy;Papierosy;48,93;WNIOSEK NR 175;szt.;60,0000;Straż Graniczna
08.10.2024 19:23:00;Z RP;przejście;Nadwiślański;PSG w Warszawie-Modlinie;Warszawa/Modlin (lotnicze);lotnicza;Amunicja;Ostra;;LUGER 9mm STV;szt.;2,0000;Straż Graniczna
09.10.2024 04:40:00;Do RP;przejście;Bieszczadzki;PSG w Korczowej;Korczowa – Krakowiec (drogowe);Ukraina;Papierosy;Papierosy;130,49;PARLIMENT;szt.;160,0000;Straż Graniczna
09.10.2024 09:00:00;wewnątrz kraju;kraj;Nadodrzański;PSG w Kaliszu;;wewnątrz kraju;Papierosy;Papierosy;5382,56;;szt.;6600,0000;KAS | SG
09.10.2024 09:00:00;wewnątrz kraju;kraj;Nadodrzański;PSG w Kaliszu;;wewnątrz kraju;Papierosy;Papierosy;366,18;;szt.;449,0000;KAS | SG
09.10.2024 09:00:00;wewnątrz kraju;kraj;Nadodrzański;PSG w Kaliszu;;wewnątrz kraju;Tytoń;krajanka tytoniowa;117,00;;kg;0,2000;KAS | SG
09.10.2024 09:00:00;wewnątrz kraju;kraj;Nadodrzański;PSG w Kaliszu;;wewnątrz kraju;Tytoń;krajanka tytoniowa;4364,25;;kg;7,4600;KAS | SG
09.10.2024 09:38:00;Z RP;przejście;Bieszczadzki;PSG w Rzeszowie–Jasionce;Rzeszów-Jasionka (lotnicze);lotnicza;Amunicja;Ostra;3,00;9 mm SPEER LUGER;szt.;1,0000;Straż Graniczna
09.10.2024 09:40:00;wewnątrz kraju;strefa;Bieszczadzki;PSG w Krościenku;;Ukraina;Alkohol;Wódka;380,00;;litr;9,5000;Straż Graniczna
09.10.2024 12:03:00;Z RP;przejście;Bieszczadzki;PSG w Rzeszowie–Jasionce;Rzeszów-Jasionka (lotnicze);lotnicza;Amunicja;Ostra;3,00;kaliber 7.62x54 (oznaczenie na dnie łuski 1780);szt.;1,0000;ŻW | SG | inny
09.10.2024 17:44:00;Do RP;strefa;Morski;PSG w Świnoujściu;;morska;Pojazdy;Osobowy;60000,00;Volvo S60;szt.;1,0000;Straż Graniczna
10.10.2024 02:30:00;Z RP;przejście;Bieszczadzki;PSG w Medyce;Medyka – Szeginie (drogowe);Ukraina;Inne;Podzespoły samochodowe;6000,00;drzwi tylne prawe BMW X5 2021r;szt.;1,0000;Straż Graniczna
10.10.2024 02:30:00;Z RP;przejście;Bieszczadzki;PSG w Medyce;Medyka – Szeginie (drogowe);Ukraina;Inne;Podzespoły samochodowe;4200,00;elementy wyposażenia wnętrza pojazdu BMW X5 2018r;szt.;21,0000;Straż Graniczna
10.10.2024 07:30:00;Do RP;przejście;Śląski;PSG w Katowicach-Pyrzowicach;Katowice-Pyrzowice (lotnicze);lotnicza;Narkotyki;Marihuana;44400,00;susz koloru zielonego;kg;0,9250;Straż Graniczna
10.10.2024 10:25:00;wewnątrz kraju;kraj;Nadodrzański;PSG w Jeleniej Górze;;wewnątrz kraju;Inne;inna/inne;;;szt.;0,0000;Straż Graniczna
10.10.2024 10:50:00;Z RP;przejście;Bieszczadzki;PSG w Rzeszowie–Jasionce;Rzeszów-Jasionka (lotnicze);lotnicza;Amunicja;Ostra;3,00;kal. 5,45 x39mm;szt.;1,0000;ŻW | inny | SG
10.10.2024 11:29:00;Do RP;przejście;Bieszczadzki;PSG w Medyce;Przemyśl – Mościska (kolejowe);Ukraina;Broń;inna/inne;50,00;kastet;szt.;1,0000;Straż Graniczna
10.10.2024 13:19:00;wewnątrz kraju;kraj;Bieszczadzki;Wydział Operacyjno-Śledczy;;wewnątrz kraju;Pojazdy;Osobowy;64104,15;Kia Ceed;szt.;1,0000;Policja | SG
11.10.2024 05:00:00;wewnątrz kraju;strefa;Nadbużański;PSG w Terespolu;;Białoruś;Papierosy;Papierosy;65,24;;szt.;80,0000;KAS | SG
11.10.2024 07:40:00;wewnątrz kraju;kraj;Warmińsko-Mazurski;PSG w Olsztynie;;wewnątrz kraju;Papierosy;Papierosy;7992,29;;szt.;9800,0000;Straż Graniczna
11.10.2024 08:20:00;wewnątrz kraju;kraj;Warmińsko-Mazurski;PSG w Bezledach;;wewnątrz kraju;Pojazdy;Osobowy;90000,00;Toyota C-HR num. rej. NKE VG38;szt.;1,0000;Straż Graniczna
11.10.2024 11:00:00;wewnątrz kraju;strefa;Nadbużański;PSG w Terespolu;;Białoruś;Amunicja;inna/inne;;amunicja do KBKS 5,6x15mm;szt.;17,0000;Policja | SG
11.10.2024 15:25:00;Z RP;przejście;Bieszczadzki;PSG w Rzeszowie–Jasionce;Rzeszów-Jasionka (lotnicze);lotnicza;Amunicja;Ostra;3,00;5,56X45;szt.;1,0000;ŻW | inny | SG
11.10.2024 15:25:00;Z RP;przejście;Bieszczadzki;PSG w Rzeszowie–Jasionce;Rzeszów-Jasionka (lotnicze);lotnicza;Amunicja;Ostra;3,00;7,62X39;szt.;1,0000;ŻW | inny | SG
11.10.2024 15:25:00;Z RP;przejście;Bieszczadzki;PSG w Rzeszowie–Jasionce;Rzeszów-Jasionka (lotnicze);lotnicza;Amunicja;Ostra;3,00;7,62x54;szt.;1,0000;ŻW | inny | SG
11.10.2024 16:15:00;wewnątrz kraju;kraj;Bieszczadzki;PSG w Hermanowicach;;wewnątrz kraju;Narkotyki;inna/inne;25133,20;Mefedron;kg;0,6283;Straż Graniczna
11.10.2024 16:15:00;wewnątrz kraju;kraj;Bieszczadzki;PSG w Hermanowicach;;wewnątrz kraju;Narkotyki;Marihuana;4365,60;;kg;0,1091;Straż Graniczna
11.10.2024 16:15:00;wewnątrz kraju;kraj;Bieszczadzki;PSG w Hermanowicach;;wewnątrz kraju;Narkotyki;Haszysz;2436,00;;kg;0,0420;Straż Graniczna
11.10.2024 18:30:00;wewnątrz kraju;strefa;Podlaski;PSG w Sejnach;;Litwa;Papierosy;Papierosy;897534,39;;szt.;1100540,0000;Straż Graniczna
12.10.2024 00:45:00;Z RP;przejście;Śląski;PSG w Katowicach-Pyrzowicach;Katowice-Pyrzowice (lotnicze);lotnicza;Amunicja;Ostra;5,00;amunicja myśliwska;szt.;1,0000;Straż Graniczna
12.10.2024 02:50:00;Z RP;przejście;Bieszczadzki;PSG w Korczowej;Korczowa – Krakowiec (drogowe);Ukraina;Pojazdy;Osobowy;110000,00;;szt.;1,0000;Straż Graniczna
12.10.2024 07:57:00;Z RP;przejście;Bieszczadzki;PSG w Rzeszowie–Jasionce;Rzeszów-Jasionka (lotnicze);lotnicza;Amunicja;Ostra;15,00;5,45x45mm;szt.;5,0000;ŻW | SG | inny
12.10.2024 07:57:00;Z RP;przejście;Bieszczadzki;PSG w Rzeszowie–Jasionce;Rzeszów-Jasionka (lotnicze);lotnicza;Amunicja;Ostra;3,00;5,56x45mm;szt.;1,0000;ŻW | SG | inny
12.10.2024 07:57:00;Z RP;przejście;Bieszczadzki;PSG w Rzeszowie–Jasionce;Rzeszów-Jasionka (lotnicze);lotnicza;Amunicja;Ostra;3,00;kaliber 5,56x45;szt.;1,0000;ŻW | SG | inny
12.10.2024 12:00:00;Do RP;przejście;Nadbużański;PSG w Terespolu;Terespol – Brześć (drogowe);Białoruś;Papierosy;Papierosy;163,11;;szt.;200,0000;KAS | SG
12.10.2024 13:48:00;Z RP;przejście;Bieszczadzki;PSG w Rzeszowie–Jasionce;Rzeszów-Jasionka (lotnicze);lotnicza;Amunicja;Ostra;4,00;7,62x39 mm;szt.;1,0000;ŻW | SG | inny
12.10.2024 19:30:00;Do RP;przejście;Nadbużański;PSG w Hrebennem;Hrebenne – Rawa Ruska (drogowe);Ukraina;Papierosy;Papierosy;309,91;uszczuplenia celne  510,00 zł. ;szt.;380,0000;Straż Graniczna
12.10.2024 23:00:00;Do RP;przejście;Nadbużański;PSG w Terespolu;Kukuryki – Kozłowiczy (drogowe);Białoruś;Papierosy;Papierosy;6524,32;Wniosek SG do UC nr 80 z dnia 12.10.2024;szt.;8000,0000;Straż Graniczna
13.10.2024 05:03:00;Z RP;strefa;Morski;PSG w Gdańsku;;lotnicza;Amunicja;Ostra;1,00;KBKS;szt.;1,0000;Straż Graniczna
13.10.2024 07:10:00;Z RP;przejście;Bieszczadzki;PSG w Rzeszowie–Jasionce;Rzeszów-Jasionka (lotnicze);lotnicza;Amunicja;Ostra;6,00;7.62 x 39 o oznaczeniu łuski 539 73  ;szt.;2,0000;ŻW | SG | inny
13.10.2024 12:00:00;Do RP;przejście;Bieszczadzki;PSG w Korczowej;Korczowa – Krakowiec (drogowe);Ukraina;Papierosy;Papierosy;277,28;wyroby akcyzowe różnej marki;szt.;340,0000;Straż Graniczna
13.10.2024 16:00:00;Z RP;przejście;Bieszczadzki;PSG w Korczowej;Korczowa – Krakowiec (drogowe);Ukraina;Inne;Podzespoły samochodowe;21000,00;2 przednie lampy (lewa/prawa),1  maskę ,2  błotniki lewy/prawy,  1 zderzak przedni, 1  pas przedni,1 poduszkę powietrzną;szt.;8,0000;Straż Graniczna
13.10.2024 21:16:00;Do RP;przejście;Nadbużański;PSG w Terespolu;Kukuryki – Kozłowiczy (drogowe);Białoruś;Papierosy;Papierosy;326,22;;szt.;400,0000;Straż Graniczna
14.10.2024 03:00:00;Z RP;strefa;Śląski;PSG w Katowicach-Pyrzowicach;Katowice-Pyrzowice (lotnicze);lotnicza;Amunicja;Ostra;2,45;GGG .223 Rem. ;szt.;1,0000;Straż Graniczna
14.10.2024 11:25:00;Z RP;przejście;Bieszczadzki;PSG w Rzeszowie–Jasionce;Rzeszów-Jasionka (lotnicze);lotnicza;Amunicja;Ostra;3,00;oznaczenie łuski DAG23K1357;szt.;1,0000;Straż Graniczna
14.10.2024 13:25:00;Z RP;przejście;Bieszczadzki;PSG w Rzeszowie–Jasionce;Rzeszów-Jasionka (lotnicze);lotnicza;Amunicja;Ostra;3,00;kal. 7,62 x51mm;szt.;1,0000;ŻW | inny | SG
14.10.2024 15:16:00;Z RP;przejście;Bieszczadzki;PSG w Lubaczowie;Budomierz – Hruszew (drogowe);Ukraina;Inne;inna/inne;;Tablice Rejestracyjne;szt.;2,0000;Straż Graniczna
14.10.2024 16:00:00;Do RP;strefa;Nadodrzański;PSG w Świecku;;Niemcy;Pojazdy;Osobowy;90000,00;KIA SPORTAGE;szt.;1,0000;Straż Graniczna
14.10.2024 23:15:00;wewnątrz kraju;kraj;Warmińsko-Mazurski;PSG w Bezledach;;wewnątrz kraju;Pojazdy;Osobowy;180000,00;Lexus  RX 450H num. rej. WOT94679;szt.;1,0000;Straż Graniczna
15.10.2024 07:08:00;Do RP;przejście;Nadbużański;PSG w Terespolu;Kukuryki – Kozłowiczy (drogowe);Białoruś;Papierosy;Papierosy;489,32;;szt.;600,0000;Straż Graniczna
15.10.2024 08:59:00;wewnątrz kraju;kraj;Warmińsko-Mazurski;Wydział Operacyjno-Śledczy;;wewnątrz kraju;Papierosy;Papierosy;652,43;40 paczek papierosów be znaków skarbowych akcyzy;szt.;800,0000;Straż Graniczna
15.10.2024 10:50:00;Do RP;przejście;Nadbużański;PSG w Terespolu;Terespol – Brześć (drogowe);Białoruś;Papierosy;Papierosy;32621,60;;szt.;40000,0000;KAS
15.10.2024 13:00:00;wewnątrz kraju;kraj;Warmińsko-Mazurski;PSG w Bezledach;;wewnątrz kraju;Pojazdy;Osobowy;160000,00;Lexus RX450H;szt.;1,0000;Straż Graniczna
15.10.2024 16:30:00;Z RP;przejście;Nadwiślański;PSG w Warszawie-Modlinie;Warszawa/Modlin (lotnicze);lotnicza;Amunicja;Ostra;;Amunicja do AK 7,62x39;szt.;31,0000;Straż Graniczna
15.10.2024 18:48:00;wewnątrz kraju;kraj;Morski;PSG we Władysławowie;;wewnątrz kraju;Papierosy;Papierosy;9868,10;603 paczki po 20 sztuk, cena jednostkowa 0.81825 za szt., wartość 9868,095 zł;szt.;12060,0000;Policja
16.10.2024 01:15:00;Do RP;przejście;Nadbużański;PSG w Dorohusku;Dorohusk – Jagodzin (drogowe);Ukraina;Papierosy;Papierosy;65,24;wniosek nr 180;szt.;80,0000;Straż Graniczna
16.10.2024 01:32:00;Do RP;przejście;Nadbużański;PSG w Dorohusku;Dorohusk – Jagodzin (drogowe);Ukraina;Papierosy;Papierosy;81,55;WNIOSEK NR 181;szt.;100,0000;Straż Graniczna
16.10.2024 01:42:00;Do RP;przejście;Nadbużański;PSG w Dorohusku;Dorohusk – Jagodzin (drogowe);Ukraina;Papierosy;Papierosy;163,11;WNIOSEK NR 182;szt.;200,0000;Straż Graniczna
16.10.2024 02:00:00;Do RP;przejście;Nadbużański;PSG w Terespolu;Kukuryki – Kozłowiczy (drogowe);Białoruś;Papierosy;Papierosy;978648,00;;szt.;1200000,0000;SC | inny | SG
16.10.2024 03:50:00;Do RP;przejście;Nadbużański;PSG w Dorohusku;Dorohusk – Jagodzin (drogowe);Ukraina;Tytoń;Tytoń do palenia (wkłady);;wniosek nr 183;kg;0,0424;Straż Graniczna
16.10.2024 04:02:00;Do RP;przejście;Nadbużański;PSG w Dorohusku;Dorohusk – Jagodzin (drogowe);Ukraina;Papierosy;Papierosy;48,93;wniosek nr 184;szt.;60,0000;Straż Graniczna
16.10.2024 07:10:00;wewnątrz kraju;kraj;Morski;PSG w Szczecinie;;wewnątrz kraju;Narkotyki;inna/inne;3570,00;THC;szt.;102,0000;Straż Graniczna
16.10.2024 09:20:00;wewnątrz kraju;kraj;Nadbużański;PSG w Hrubieszowie;;wewnątrz kraju;Pojazdy;Motocykl;47000,00;BMW S1000 RR;szt.;1,0000;Policja | SG
16.10.2024 10:15:00;Do RP;strefa;Śląski;PSG w Katowicach-Pyrzowicach;Katowice-Pyrzowice (lotnicze);lotnicza;Narkotyki;Marihuana;1092,48;;kg;0,0228;Straż Graniczna
16.10.2024 10:15:00;Do RP;strefa;Śląski;PSG w Katowicach-Pyrzowicach;Katowice-Pyrzowice (lotnicze);lotnicza;Narkotyki;Marihuana;20958,38;;kg;0,4366;Straż Graniczna
16.10.2024 10:35:00;wewnątrz kraju;kraj;Nadbużański;PSG w Lublinie;;wewnątrz kraju;Papierosy;Papierosy;117274,65;;szt.;143800,0000;Straż Graniczna
16.10.2024 10:35:00;wewnątrz kraju;kraj;Nadbużański;PSG w Lublinie;;wewnątrz kraju;Papierosy;Papierosy;2577,11;;szt.;3160,0000;Straż Graniczna
16.10.2024 12:26:00;wewnątrz kraju;kraj;Morski;Wydział Operacyjno-Śledczy;;wewnątrz kraju;Narkotyki;inna/inne;;;litr;44,0000;Straż Graniczna
16.10.2024 16:35:00;Do RP;przejście;Nadbużański;PSG w Terespolu;Terespol – Brześć (drogowe);Białoruś;Inne;inna/inne;266,40;produkty pochodzenia zwierzęcego;kg;14,8000;Straż Graniczna
16.10.2024 16:50:00;Do RP;przejście;Nadbużański;PSG w Lublinie;Świdnik k/Lublina (lotnicze);lotnicza;Inne;inna/inne;;Produkty pochodzenia zwierzęcego;kg;0,1500;SC | SG
16.10.2024 18:30:00;Do RP;przejście;Nadbużański;PSG w Terespolu;Terespol – Brześć (drogowe);Białoruś;Papierosy;Papierosy;146,80;;szt.;180,0000;Straż Graniczna
16.10.2024 19:30:00;wewnątrz kraju;kraj;Nadbużański;Wydział Operacyjno-Śledczy;;wewnątrz kraju;Papierosy;Papierosy;330424,19;;szt.;405160,0000;Policja
16.10.2024 19:30:00;wewnątrz kraju;kraj;Nadbużański;Wydział Operacyjno-Śledczy;;wewnątrz kraju;Inne;inna/inne;;zagłuszarka sygnału GPS;szt.;1,0000;Policja
16.10.2024 19:30:00;wewnątrz kraju;kraj;Nadbużański;Wydział Operacyjno-Śledczy;;wewnątrz kraju;Inne;inna/inne;;skaner danych z kluczyków samochodowych;szt.;1,0000;Policja
17.10.2024 08:30:00;wewnątrz kraju;kraj;Nadbużański;PSG w Dorohusku;;wewnątrz kraju;Pojazdy;Osobowy;110000,00;Merdes Benz;szt.;1,0000;Policja | SG
17.10.2024 11:15:00;wewnątrz kraju;kraj;Morski;PSG w Gdańsku;Gdańsk-Rębiechowo (lotnicze);wewnątrz kraju;Narkotyki;Haszysz;210,00;Narkotyk zawinięty w woreczek foliowy;kg;0,0042;Straż Graniczna
17.10.2024 14:00:00;wewnątrz kraju;kraj;Nadbużański;PSG w Hrebennem;;wewnątrz kraju;Narkotyki;inna/inne;;Roślina wysokości 200 cm.;szt.;1,0000;Policja | SG
17.10.2024 17:00:00;wewnątrz kraju;kraj;Warmińsko-Mazurski;PSG w Braniewie;;wewnątrz kraju;Papierosy;Papierosy;138478,69;NZ Gold;szt.;169800,0000;Straż Graniczna
18.10.2024 00:05:00;wewnątrz kraju;strefa;Podlaski;PSG w Bobrownikach;;Białoruś;Papierosy;Papierosy;815,54;NZ GOLD;szt.;1000,0000;Straż Graniczna
18.10.2024 00:05:00;wewnątrz kraju;strefa;Podlaski;PSG w Bobrownikach;;Białoruś;Papierosy;Papierosy;1141,76;MIŃSK;szt.;1400,0000;Straż Graniczna
18.10.2024 04:45:00;Z RP;strefa;Śląski;PSG w Katowicach-Pyrzowicach;Katowice-Pyrzowice (lotnicze);lotnicza;Broń;inna/inne;99,00;Pałka teleskopowa;szt.;1,0000;Straż Graniczna
18.10.2024 05:00:00;Do RP;przejście;Nadbużański;PSG w Terespolu;Terespol – Brześć (drogowe);Białoruś;Papierosy;Papierosy;146,80;;szt.;180,0000;SC
18.10.2024 09:15:00;wewnątrz kraju;strefa;Podlaski;PSG w Kuźnicy;;Białoruś;Papierosy;Papierosy;24466,20;;szt.;30000,0000;Straż Graniczna
19.10.2024 01:00:00;wewnątrz kraju;kraj;Bieszczadzki;Wydział Operacyjno-Śledczy;;wewnątrz kraju;Narkotyki;Marihuana;200,00;;kg;0,0051;Straż Graniczna
19.10.2024 02:30:00;wewnątrz kraju;kraj;Bieszczadzki;Wydział Operacyjno-Śledczy;;wewnątrz kraju;Tytoń;susz tytoniowy;9266716,80;;kg;15840,0000;KAS | SG
19.10.2024 10:50:00;wewnątrz kraju;strefa;Podlaski;PSG w Kuźnicy;;Białoruś;Papierosy;Papierosy;24303,09;;szt.;29800,0000;Straż Graniczna
19.10.2024 12:20:00;Z RP;przejście;Bieszczadzki;PSG w Rzeszowie–Jasionce;Rzeszów-Jasionka (lotnicze);lotnicza;Amunicja;Ostra;3,00;amunicja karabinowa kaliber 5,54x39mm;szt.;1,0000;Straż Graniczna
19.10.2024 12:20:00;Z RP;przejście;Bieszczadzki;PSG w Rzeszowie–Jasionce;Rzeszów-Jasionka (lotnicze);lotnicza;Amunicja;Ostra;3,00;amunicja karabinowa kaliber 7,62x39mm;szt.;1,0000;Straż Graniczna
19.10.2024 13:00:00;wewnątrz kraju;strefa;Podlaski;PSG w Kuźnicy;;Białoruś;Papierosy;Papierosy;24466,20;;szt.;30000,0000;Straż Graniczna
19.10.2024 14:20:00;Z RP;przejście;Bieszczadzki;PSG w Rzeszowie–Jasionce;Rzeszów-Jasionka (lotnicze);lotnicza;Amunicja;Ostra;3,00;AMUNICJA KARABINOWA Z OZNACZENIEM NA DNIE ŁUSKI G.F.L 23;szt.;1,0000;Straż Graniczna
19.10.2024 14:20:00;Z RP;przejście;Bieszczadzki;PSG w Rzeszowie–Jasionce;Rzeszów-Jasionka (lotnicze);lotnicza;Amunicja;Ostra;3,00;AMUNICJA KARABINOWA Z OZNACZENIEM NA DNIE ŁUSKI L C 22;szt.;1,0000;Straż Graniczna
19.10.2024 15:35:00;wewnątrz kraju;strefa;Podlaski;PSG w Nowym Dworze;;Białoruś;Papierosy;Papierosy;23793,38;NZ Gold;szt.;29175,0000;Straż Graniczna
19.10.2024 17:30:00;Z RP;przejście;Karpacki;PSG w Krakowie-Balicach;Kraków-Balice (lotnicze);lotnicza;Amunicja;Ostra;2,00;5,45x39 oznaczenie na denku 88 270;szt.;1,0000;Straż Graniczna
19.10.2024 20:11:00;wewnątrz kraju;kraj;Karpacki;PSG w Krakowie-Balicach;;wewnątrz kraju;Narkotyki;Marihuana;;;kg;52,4805;SC | SG
19.10.2024 22:00:00;Do RP;przejście;Nadbużański;PSG w Dorohusku;Dorohusk – Jagodzin (drogowe);Ukraina;Broń;inna/inne;2400,00;Broń alarmowa kaliber 9 mm marki SUR 2608 z 2 magazynkami;szt.;1,0000;SC | SG
19.10.2024 22:00:00;Do RP;przejście;Nadbużański;PSG w Dorohusku;Dorohusk – Jagodzin (drogowe);Ukraina;Amunicja;inna/inne;23,60;amunicja hukowa pistoletowa 9 mm;szt.;10,0000;SC | SG
20.10.2024 08:05:00;wewnątrz kraju;kraj;Nadbużański;PSG w Hrubieszowie;;wewnątrz kraju;Pojazdy;Motocykl;50000,00;;szt.;1,0000;Policja | SG
20.10.2024 08:05:00;wewnątrz kraju;kraj;Nadbużański;PSG w Hrubieszowie;;wewnątrz kraju;Pojazdy;Motocykl;25000,00;;szt.;1,0000;Policja | SG
20.10.2024 10:30:00;wewnątrz kraju;strefa;Podlaski;PSG w Nowym Dworze;;Białoruś;Papierosy;Papierosy;23259,20;Mińsk Superslims;szt.;28520,0000;Straż Graniczna
20.10.2024 11:15:00;Z RP;strefa;Śląski;PSG w Katowicach-Pyrzowicach;Katowice-Pyrzowice (lotnicze);lotnicza;Broń;inna/inne;150,00;latarka z paralizatorem;szt.;1,0000;Straż Graniczna
20.10.2024 11:20:00;Z RP;przejście;Bieszczadzki;PSG w Korczowej;Korczowa – Krakowiec (drogowe);Ukraina;Pojazdy;Osobowy;25000,00;DACIA LOGAN ;szt.;1,0000;Straż Graniczna
20.10.2024 14:16:00;wewnątrz kraju;strefa;Nadbużański;PSG w Terespolu;;Białoruś;Narkotyki;Marihuana;3255,00;TEST WYKAZAŁ NAJPRAWDOPODOBNIEJ MARIHUANE ;kg;0,0651;Straż Graniczna
20.10.2024 15:00:00;Do RP;strefa;Nadodrzański;PSG w Świecku;;Niemcy;Narkotyki;Amfetamina;394,80;;kg;0,0056;Straż Graniczna
20.10.2024 15:00:00;Do RP;strefa;Nadodrzański;PSG w Świecku;;Niemcy;Narkotyki;Marihuana;54,90;;kg;0,0012;Straż Graniczna
20.10.2024 18:40:00;Do RP;przejście;Nadwiślański;PSG w Warszawie-Okęciu;Warszawa-Okęcie (lotnicze);lotnicza;Narkotyki;inna/inne;45000,00;;kg;1,0000;Straż Graniczna
21.10.2024 09:33:00;Do RP;strefa;Morski;PSG w Szczecinie;;Niemcy;Pojazdy;inna/inne;250000,00;kamper;szt.;1,0000;Kraj sąsiedni
21.10.2024 11:00:00;wewnątrz kraju;kraj;Nadodrzański;PSG w Kłodzku;;wewnątrz kraju;Narkotyki;Kokaina;300,00;;kg;0,0010;Straż Graniczna
21.10.2024 11:00:00;wewnątrz kraju;kraj;Nadodrzański;PSG w Kłodzku;;wewnątrz kraju;Narkotyki;Marihuana;45,00;;kg;0,0010;Straż Graniczna
21.10.2024 12:50:00;Z RP;przejście;Karpacki;PSG w Krakowie-Balicach;Kraków-Balice (lotnicze);lotnicza;Amunicja;Ostra;4,00;oznaczenie na denku LC 14  (5,56);szt.;2,0000;Straż Graniczna
21.10.2024 13:10:00;wewnątrz kraju;kraj;Nadbużański;PSG w Hrubieszowie;;wewnątrz kraju;Pojazdy;Motocykl;65000,00;BMW R1200GS 2018 VIN WB10A5103JZ645115;szt.;1,0000;Policja | SG
21.10.2024 13:47:00;Z RP;przejście;Nadbużański;PSG w Hrubieszowie;Zosin – Ustiług (drogowe);Ukraina;Odpady i materiały szkodliwe bądź promieniotwórcze;inna/inne;42000,00;pojazd zakwalifikowany jako odpad;szt.;1,0000;Straż Graniczna
21.10.2024 14:55:00;wewnątrz kraju;kraj;Warmińsko-Mazurski;PSG w Gołdapi;;wewnątrz kraju;Papierosy;Papierosy;66951,76;;szt.;82095,0000;Straż Graniczna
21.10.2024 15:15:00;wewnątrz kraju;kraj;Nadbużański;PSG w Hrubieszowie;;wewnątrz kraju;Pojazdy;Motocykl;30000,00;TRIUMPH SPEED TRIPLE 1050R 2017r nr rej LOP64NY VIN SMTTPN255GJ852070;szt.;1,0000;Policja | SG
22.10.2024 05:00:00;wewnątrz kraju;kraj;Morski;PSG w Gdańsku;;wewnątrz kraju;Narkotyki;Marihuana;199564,50;konopie indyjskie koloru zielonego;kg;3,9913;Straż Graniczna
22.10.2024 05:00:00;wewnątrz kraju;kraj;Morski;PSG w Gdańsku;;wewnątrz kraju;Narkotyki;Marihuana;50206,50;konopie indyjskie koloru zielonego ;kg;1,0041;Straż Graniczna
22.10.2024 05:00:00;wewnątrz kraju;kraj;Morski;PSG w Gdańsku;;wewnątrz kraju;Narkotyki;Marihuana;4802,00;konopie indyjskie koloru brązowego;kg;0,0960;Straż Graniczna
22.10.2024 05:00:00;wewnątrz kraju;kraj;Morski;PSG w Gdańsku;;wewnątrz kraju;Narkotyki;Marihuana;49767,50;;kg;0,9954;Straż Graniczna
22.10.2024 05:00:00;wewnątrz kraju;kraj;Morski;PSG w Gdańsku;;wewnątrz kraju;Narkotyki;Haszysz;4768,00;;kg;0,0954;Straż Graniczna
22.10.2024 12:40:00;Z RP;przejście;Nadbużański;PSG w Terespolu;Kukuryki – Kozłowiczy (drogowe);Białoruś;Pojazdy;Naczepa;60000,00;WE442AR., nr vin - WSM00000005083923, kolor biały, rok produkcji 2011 w której to numer vin prawdopodobnie został przerobiony;szt.;1,0000;Straż Graniczna
22.10.2024 14:00:00;wewnątrz kraju;kraj;Bieszczadzki;Wydział Operacyjno-Śledczy;;wewnątrz kraju;Inne;inna/inne;180000,00;Zagęszczarka Wacker Neuson;szt.;4,0000;Policja | Policja | SG
22.10.2024 14:00:00;wewnątrz kraju;kraj;Bieszczadzki;Wydział Operacyjno-Śledczy;;wewnątrz kraju;Inne;inna/inne;40000,00;Zagęszczarka Wacker Neuson;szt.;2,0000;Policja | Policja | SG
22.10.2024 14:00:00;wewnątrz kraju;kraj;Bieszczadzki;Wydział Operacyjno-Śledczy;;wewnątrz kraju;Inne;inna/inne;30000,00;Kompresor JCB;szt.;1,0000;Policja | Policja | SG
22.10.2024 14:30:00;Z RP;przejście;Bieszczadzki;PSG w Medyce;Medyka – Szeginie (drogowe);Ukraina;Inne;inna/inne;5000,00;Rower ABUS o numerze seryjnym 56D3H20945;szt.;1,0000;Straż Graniczna
22.10.2024 14:30:00;Z RP;przejście;Bieszczadzki;PSG w Medyce;Medyka – Szeginie (drogowe);Ukraina;Inne;inna/inne;2000,00;Rower KONA (MTB) o numerze seryjnym F10HLL927 ;szt.;1,0000;Straż Graniczna
22.10.2024 14:30:00;Z RP;przejście;Bieszczadzki;PSG w Medyce;Medyka – Szeginie (drogowe);Ukraina;Inne;inna/inne;3000,00;Rower BATAVUS o numerze seryjnym E00213 ;szt.;1,0000;Straż Graniczna
23.10.2024 01:15:00;Do RP;strefa;Nadodrzański;PSG w Świecku;;Niemcy;Narkotyki;Marihuana;81,90;;kg;0,0018;Straż Graniczna
23.10.2024 01:25:00;Do RP;przejście;Bieszczadzki;PSG w Korczowej;Korczowa – Krakowiec (drogowe);Ukraina;Broń;inna/inne;100,00;Broń biała w postaci metalowego kastetu;szt.;1,0000;Straż Graniczna
23.10.2024 08:07:00;wewnątrz kraju;kraj;Warmińsko-Mazurski;PSG w Braniewie;;wewnątrz kraju;Papierosy;Papierosy;6524,32;;szt.;8000,0000;Straż Graniczna
23.10.2024 10:10:00;Z RP;strefa;Śląski;PSG w Katowicach-Pyrzowicach;Katowice-Pyrzowice (lotnicze);lotnicza;Amunicja;Ostra;1,10;"amunicji koloru żółtego w szarej łusce z napisem na denku łuski: „3 Ge 18 D""";szt.;1,0000;Straż Graniczna
23.10.2024 11:10:00;wewnątrz kraju;kraj;Nadodrzański;PSG we Wrocławiu-Strachowicach;;wewnątrz kraju;Inne;inna/inne;27799,80;podrobiona odzież różnych marek - odzież i obuwie (Puma, Prada, Calvin Klein, Gucci, Celine, UGG, Dolce & Gabbana, Diesel, Dior, oraz YSL);szt.;42,0000;Straż Graniczna
23.10.2024 12:30:00;wewnątrz kraju;kraj;Nadbużański;PSG w Terespolu;;wewnątrz kraju;Pojazdy;Osobowy;50000,00;;szt.;1,0000;Policja | SG
23.10.2024 23:20:00;Z RP;przejście;Bieszczadzki;PSG w Medyce;Medyka – Szeginie (drogowe);Ukraina;Pojazdy;Osobowy;20000,00;marki Hyundai Santa Fe o numerze  rej. MI5700, VIN KMHSH81WP6U101559 rok produkcji 2006;szt.;1,0000;Straż Graniczna
23.10.2024 23:55:00;Do RP;przejście;Nadbużański;PSG w Hrebennem;Hrebenne – Rawa Ruska (drogowe);Ukraina;Amunicja;Ostra;9,20; 2 szt. o oznaczeniach 270 92, 1 szt. o oznaczeniu 270 90, 1 szt. o oznaczeniu 3 87;szt.;4,0000;Straż Graniczna
23.10.2024 23:55:00;Do RP;przejście;Nadbużański;PSG w Hrebennem;Hrebenne – Rawa Ruska (drogowe);Ukraina;Amunicja;Ostra;2,00;1 szt. o oznaczeniu 10 90;szt.;1,0000;Straż Graniczna
23.10.2024 23:55:00;Do RP;przejście;Nadbużański;PSG w Hrebennem;Hrebenne – Rawa Ruska (drogowe);Ukraina;Amunicja;inna/inne;27,50;Hukowa, 11szt. o oznaczeniach пнд-9п 9mm,;szt.;11,0000;Straż Graniczna
24.10.2024 00:30:00;Z RP;przejście;Nadbużański;PSG w Hrubieszowie;Zosin – Ustiług (drogowe);Ukraina;Pojazdy;Osobowy;45000,00;pojazd BMW 520D VIN WBAFW11050DU26348;szt.;1,0000;Straż Graniczna
24.10.2024 08:00:00;Do RP;przejście;Nadbużański;PSG w Terespolu;Terespol – Brześć (drogowe);Białoruś;Papierosy;Papierosy;1141,76; 1 400 sztuk (70 paczek) papierosów marki „CREDO”;szt.;1400,0000;KAS
24.10.2024 11:00:00;Do RP;przejście;Nadbużański;PSG w Terespolu;Terespol – Brześć (drogowe);Białoruś;Papierosy;Papierosy;1631,08;2 000 sztuk (100 paczek) papierosów marki „MIŃSK”;szt.;2000,0000;KAS
24.10.2024 12:30:00;wewnątrz kraju;strefa;Nadodrzański;PSG w Jeleniej Górze;;Czechy;Tytoń;Tytoń;222570,86;liście tytoniu;kg;380,4500;Straż Graniczna
25.10.2024 07:00:00;Do RP;przejście;Nadbużański;PSG w Terespolu;Terespol – Brześć (drogowe);Białoruś;Inne;Podzespoły samochodowe;3000,00;Części samochodowe - towar sankcyjny;szt.;10,0000;KAS | SG
25.10.2024 07:00:00;Do RP;przejście;Nadbużański;PSG w Terespolu;Terespol – Brześć (drogowe);Białoruś;Alkohol;inna/inne;;Płyn o zapachu alkoholu w palstikowych butelkach bez oznaczeń, stężenie 40 %;litr;5,0000;KAS | SG
25.10.2024 11:35:00;wewnątrz kraju;kraj;Nadodrzański;PSG w Kłodzku;;wewnątrz kraju;Papierosy;Papierosy;489324,00;;szt.;600000,0000;Straż Graniczna
25.10.2024 12:30:00;Z RP;przejście;Bieszczadzki;PSG w Lubaczowie;Budomierz – Hruszew (drogowe);Ukraina;Broń;Palna;8270,00;karabinek HECKLER&KOCH MR223 A3 RAL8000;szt.;1,0000;SC | SG
25.10.2024 15:19:00;Do RP;przejście;Nadbużański;PSG w Terespolu;Terespol – Brześć (drogowe);Białoruś;Papierosy;Papierosy;2935,94;;szt.;3600,0000;KAS
25.10.2024 22:45:00;wewnątrz kraju;kraj;Bieszczadzki;Wydział Operacyjno-Śledczy;;wewnątrz kraju;Inne;inna/inne;120000,00;koparka marki JCB 8025, rok prod. 2018;szt.;1,0000;Policja | SG
25.10.2024 22:47:00;wewnątrz kraju;kraj;Bieszczadzki;Wydział Operacyjno-Śledczy;;wewnątrz kraju;Inne;inna/inne;115000,00;Maszyna budowlana JCB 8026TC;szt.;1,0000;Policja | SG
25.10.2024 22:47:00;wewnątrz kraju;kraj;Bieszczadzki;Wydział Operacyjno-Śledczy;;wewnątrz kraju;Inne;inna/inne;320000,00;Ładowarka teleskopowa marki Manitou MT1440, rok prod. 2022;szt.;1,0000;Policja | SG
25.10.2024 22:47:00;wewnątrz kraju;kraj;Bieszczadzki;Wydział Operacyjno-Śledczy;;wewnątrz kraju;Inne;inna/inne;120000,00;koparka marki Kubota U27-4, rok prod. 2022;szt.;1,0000;Policja | SG
25.10.2024 22:47:00;wewnątrz kraju;kraj;Bieszczadzki;Wydział Operacyjno-Śledczy;;wewnątrz kraju;Inne;inna/inne;180000,00;koparka marki Kubota KX030-4, rok prod. 2024;szt.;1,0000;Policja | SG
25.10.2024 22:47:00;wewnątrz kraju;kraj;Bieszczadzki;Wydział Operacyjno-Śledczy;;wewnątrz kraju;Inne;inna/inne;90000,00;koparka marki JCB 18Z-1, rok prod. 2019;szt.;1,0000;Policja | SG
25.10.2024 22:47:00;wewnątrz kraju;kraj;Bieszczadzki;Wydział Operacyjno-Śledczy;;wewnątrz kraju;Pojazdy;inna/inne;10000,00;przyczepa samochodowa marki Temared;szt.;1,0000;Policja | SG
26.10.2024 08:07:00;Do RP;strefa;Podlaski;PSG w Szudziałowie;;Białoruś;Papierosy;Papierosy;7339,86;marka NZ GOLD;szt.;9000,0000;Straż Graniczna
26.10.2024 08:42:00;Z RP;przejście;Bieszczadzki;PSG w Medyce;Medyka – Szeginie (drogowe);Ukraina;Pojazdy;Osobowy;100000,00;Mercedes 906BB35, VIN WDB9066351P350256, rok produkcji 2018 ;szt.;1,0000;Straż Graniczna
26.10.2024 16:12:00;Z RP;przejście;Bieszczadzki;PSG w Lubaczowie;Budomierz – Hruszew (drogowe);Ukraina;Pojazdy;Osobowy;15000,00;Ford Ranger;szt.;1,0000;Straż Graniczna
26.10.2024 17:30:00;Do RP;przejście;Bieszczadzki;PSG w Korczowej;Korczowa – Krakowiec (drogowe);Ukraina;Amunicja;Ostra;15,00;kaliber 5.45;szt.;6,0000;Straż Graniczna
27.10.2024 00:40:00;Do RP;przejście;Nadbużański;PSG w Hrubieszowie;Zosin – Ustiług (drogowe);Ukraina;Amunicja;Ostra;42,00;AMUNICJA KALIBER 12MM DO GLADKOLUFOWEJ;szt.;21,0000;Straż Graniczna
27.10.2024 11:45:00;wewnątrz kraju;strefa;Nadbużański;PSG w Hrebennem;;Ukraina;Pojazdy;Osobowy;130000,00;;szt.;1,0000;Straż Graniczna
27.10.2024 16:00:00;Z RP;przejście;Bieszczadzki;PSG w Rzeszowie–Jasionce;Rzeszów-Jasionka (lotnicze);lotnicza;Amunicja;Ostra;9,00;amunicja S&B 9 mm parabellum;szt.;3,0000;ŻW | inny | SG
28.10.2024 01:30:00;Do RP;przejście;Nadbużański;PSG w Terespolu;Kukuryki – Kozłowiczy (drogowe);Białoruś;Papierosy;Papierosy;456,70;wyroby tytoniowe bez polskich znaków skarbowych akcyzy w postaci papierosów marki CORSET w ilości 560 sztuk o łącznej wartości 456,70zł;szt.;560,0000;Straż Graniczna
28.10.2024 01:30:00;Do RP;przejście;Nadbużański;PSG w Terespolu;Kukuryki – Kozłowiczy (drogowe);Białoruś;Alkohol;Wódka;45,00;1 litr wódki Finlandia;litr;1,0000;Straż Graniczna
28.10.2024 01:30:00;Do RP;przejście;Nadbużański;PSG w Terespolu;Kukuryki – Kozłowiczy (drogowe);Białoruś;Alkohol;Wódka;45,00;1 litr wódki marki Kryształ;litr;1,0000;Straż Graniczna
28.10.2024 10:55:00;wewnątrz kraju;kraj;Karpacki;PSG w Tarnowie;;wewnątrz kraju;Tytoń;krajanka tytoniowa;4077,70;;kg;5,0000;Straż Graniczna
28.10.2024 12:30:00;wewnątrz kraju;strefa;Podlaski;PSG w Kuźnicy;;Białoruś;Papierosy;Papierosy;24466,20;papierosy marki Mińsk;szt.;30000,0000;Straż Graniczna
28.10.2024 15:09:00;Z RP;przejście;Bieszczadzki;PSG w Medyce;Medyka – Szeginie (drogowe);Ukraina;Pojazdy;inna/inne;15000,00;rower;szt.;1,0000;Straż Graniczna
28.10.2024 18:28:00;Z RP;przejście;Bieszczadzki;PSG w Medyce;Medyka – Szeginie (drogowe);Ukraina;Pojazdy;Osobowy;120000,00;toyota camry;szt.;1,0000;Straż Graniczna
28.10.2024 19:15:00;Z RP;przejście;Bieszczadzki;PSG w Rzeszowie–Jasionce;Rzeszów-Jasionka (lotnicze);lotnicza;Amunicja;Ostra;6,00;karabinowa, kal. 7.62 mm;szt.;2,0000;inny | ŻW | SG
28.10.2024 22:40:00;Do RP;przejście;Nadbużański;PSG w Dorohusku;Dorohusk – Jagodzin (drogowe);Ukraina;Tytoń;Tytoń do palenia (wkłady);;WKŁADY DO E-PAPIEROSÓW MARKI TEREA;kg;0,0265;Straż Graniczna
28.10.2024 22:50:00;Do RP;przejście;Nadbużański;PSG w Dorohusku;Dorohusk – Jagodzin (drogowe);Ukraina;Papierosy;Papierosy;114,18;wniosek nr 186;szt.;140,0000;Straż Graniczna
28.10.2024 22:50:00;Do RP;przejście;Nadbużański;PSG w Dorohusku;Dorohusk – Jagodzin (drogowe);Ukraina;Papierosy;Papierosy;126,41;wniosek nr 192;szt.;155,0000;Straż Graniczna
28.10.2024 22:50:00;Do RP;przejście;Nadbużański;PSG w Dorohusku;Dorohusk – Jagodzin (drogowe);Ukraina;Tytoń;Tytoń do palenia (wkłady);;;kg;0,0530;Straż Graniczna
28.10.2024 23:00:00;Do RP;przejście;Nadbużański;PSG w Dorohusku;Dorohusk – Jagodzin (drogowe);Ukraina;Papierosy;Papierosy;65,24;wniosek nr 187;szt.;80,0000;Straż Graniczna
28.10.2024 23:00:00;Do RP;przejście;Nadbużański;PSG w Dorohusku;Dorohusk – Jagodzin (drogowe);Ukraina;Tytoń;Tytoń do palenia (wkłady);;wniosek nr 187;kg;0,0215;Straż Graniczna
28.10.2024 23:10:00;Do RP;przejście;Nadbużański;PSG w Dorohusku;Dorohusk – Jagodzin (drogowe);Ukraina;Papierosy;Papierosy;57,09;;szt.;70,0000;Straż Graniczna
28.10.2024 23:15:00;Do RP;przejście;Nadbużański;PSG w Dorohusku;Dorohusk – Jagodzin (drogowe);Ukraina;Papierosy;Papierosy;229,17;wniosek nr 189;szt.;281,0000;Straż Graniczna
28.10.2024 23:25:00;Do RP;przejście;Nadbużański;PSG w Dorohusku;Dorohusk – Jagodzin (drogowe);Ukraina;Papierosy;Papierosy;92,16;WNIOSEK NR 190;szt.;113,0000;Straż Graniczna
28.10.2024 23:35:00;Do RP;przejście;Nadbużański;PSG w Dorohusku;Dorohusk – Jagodzin (drogowe);Ukraina;Papierosy;Papierosy;48,93;WNIOSEK NR 191;szt.;60,0000;Straż Graniczna
29.10.2024 08:44:00;Do RP;przejście;Bieszczadzki;PSG w Medyce;Medyka – Szeginie (drogowe);Ukraina;Broń;inna/inne;50,00;BROŃ BIAŁA W POSTACI PAŁKI Z DREWNA;szt.;1,0000;SC | SG
29.10.2024 13:28:00;Do RP;przejście;Nadbużański;PSG w Dorohusku;Dorohusk – Jagodzin (drogowe);Ukraina;Papierosy;Papierosy;48,93;WNIOSEK NR 176;szt.;60,0000;Straż Graniczna
29.10.2024 13:41:00;Do RP;przejście;Nadbużański;PSG w Dorohusku;Dorohusk – Jagodzin (drogowe);Ukraina;Papierosy;Papierosy;114,18;WNIOSEK NR 177;szt.;140,0000;Straż Graniczna
29.10.2024 13:48:00;Do RP;przejście;Nadbużański;PSG w Dorohusku;Dorohusk – Jagodzin (drogowe);Ukraina;Papierosy;Papierosy;85,63;WNIOSEK NR 178;szt.;105,0000;Straż Graniczna
29.10.2024 13:55:00;Do RP;przejście;Nadbużański;PSG w Dorohusku;Dorohusk – Jagodzin (drogowe);Ukraina;Papierosy;Papierosy;157,40;WNIOSEK NR 179;szt.;193,0000;Straż Graniczna
29.10.2024 14:22:00;Do RP;przejście;Nadbużański;PSG w Dorohusku;Dorohusk – Jagodzin (drogowe);Ukraina;Tytoń;Tytoń do palenia (wkłady);;wniosek nr 193;kg;0,0334;Straż Graniczna
29.10.2024 15:10:00;Do RP;strefa;Nadodrzański;PSG w Świecku;;Niemcy;Pojazdy;Osobowy;110000,00;Hyundai Tucson;szt.;1,0000;Straż Graniczna
29.10.2024 16:00:00;Do RP;strefa;Nadodrzański;PSG w Kłodzku;;Czechy;Narkotyki;Marihuana;585,00;;kg;0,0130;Straż Graniczna
29.10.2024 17:08:00;Z RP;przejście;Bieszczadzki;PSG w Rzeszowie–Jasionce;Rzeszów-Jasionka (lotnicze);lotnicza;Amunicja;Ostra;3,00;"oznaczenie na dnie łuski ""27071""";szt.;1,0000;Straż Graniczna
29.10.2024 18:00:00;wewnątrz kraju;kraj;Nadbużański;PSG w Hrebennem;;wewnątrz kraju;Tytoń;susz tytoniowy;469296,12;susz tytoniowy w ilości 16 054 kg, – wartość uszczuplonego podatku akcyzowego  9 800 325 zł,;kg;16054,0000;SC | SG | Policja | Policja
29.10.2024 18:00:00;wewnątrz kraju;kraj;Nadbużański;PSG w Hrebennem;;wewnątrz kraju;Tytoń;Tytoń do palenia;372072,72;636 kg, tytoń do palenia – wartość uszczuplonego podatku akcyzowego 618 605 zł;kg;636,0000;Policja | SC | SG | Policja
29.10.2024 20:50:00;Do RP;przejście;Nadbużański;PSG w Terespolu;Terespol – Brześć (drogowe);Białoruś;Papierosy;Papierosy;65243,20;;szt.;80000,0000;KAS
30.10.2024 02:56:00;Z RP;przejście;Śląski;PSG w Katowicach-Pyrzowicach;Katowice-Pyrzowice (lotnicze);lotnicza;Amunicja;Ostra;1,90;;szt.;1,0000;Straż Graniczna
30.10.2024 10:30:00;wewnątrz kraju;kraj;Podlaski;PSG w Czeremsze;;wewnątrz kraju;Papierosy;Papierosy;24890,28;Papierosy różnych marek;szt.;30520,0000;Straż Graniczna
30.10.2024 10:30:00;wewnątrz kraju;kraj;Podlaski;PSG w Czeremsze;;wewnątrz kraju;Alkohol;inna/inne;2065,00;Alkohol nieznanego pochodzenia 90 %;litr;29,5000;Straż Graniczna
30.10.2024 16:55:00;Do RP;strefa;Nadwiślański;PSG w Warszawie-Okęciu;;lotnicza;Narkotyki;Marihuana;68,40;SUSZ ROŚLINNY KOLORU ZIELONO BRUNATNEGO O WADZE 1,82 BRRUTTO;kg;0,0015;Straż Graniczna
31.10.2024 01:00:00;Do RP;przejście;Nadbużański;PSG w Terespolu;Terespol – Brześć (drogowe);Białoruś;Papierosy;Papierosy;587,19;;szt.;720,0000;KAS
31.10.2024 01:00:00;Do RP;przejście;Nadbużański;PSG w Terespolu;Terespol – Brześć (drogowe);Białoruś;Papierosy;Papierosy;1598,46;;szt.;1960,0000;KAS
31.10.2024 05:30:00;Z RP;przejście;Nadbużański;PSG w Terespolu;Kukuryki – Kozłowiczy (drogowe);Białoruś;Pojazdy;Naczepa;150000,00;LAMBERET;szt.;1,0000;Straż Graniczna
31.10.2024 05:56:00;Do RP;przejście;Nadbużański;PSG w Terespolu;Kukuryki – Kozłowiczy (drogowe);Białoruś;Papierosy;Papierosy;652,43;;szt.;800,0000;Straż Graniczna
31.10.2024 06:10:00;Z RP;przejście;Nadbużański;PSG w Hrubieszowie;Zosin – Ustiług (drogowe);Ukraina;Pojazdy;Osobowy;10000,00;AUDI A6 VIN WAUZZZ4F56N154003;szt.;1,0000;Straż Graniczna
31.10.2024 08:56:00;wewnątrz kraju;kraj;Karpacki;PSG w Kielcach;;wewnątrz kraju;Papierosy;Papierosy;21138,80;;szt.;25920,0000;Straż Graniczna
31.10.2024 08:56:00;wewnątrz kraju;kraj;Karpacki;PSG w Kielcach;;wewnątrz kraju;Tytoń;krajanka tytoniowa;21938,25;;kg;37,5000;Straż Graniczna
31.10.2024 13:30:00;Do RP;przejście;Nadbużański;PSG w Terespolu;Terespol – Brześć (drogowe);Białoruś;Pojazdy;Osobowy;100000,00;;szt.;1,0000;Straż Graniczna
31.10.2024 15:04:00;wewnątrz kraju;strefa;Warmińsko-Mazurski;PSG w Grzechotkach;;Rosja;Papierosy;Papierosy;8155,40;marka Marlboro;szt.;10000,0000;Straż Graniczna
31.10.2024 19:30:00;wewnątrz kraju;strefa;Podlaski;PSG w Czeremsze;;Białoruś;Narkotyki;Amfetamina;20,30;;kg;0,0006;Straż Graniczna
01.11.2024 01:15:00;wewnątrz kraju;strefa;Nadbużański;PSG w Białej Podlaskiej;;Białoruś;Narkotyki;Amfetamina;105,00;;kg;0,0015;Straż Graniczna
01.11.2024 20:00:00;Do RP;przejście;Nadbużański;PSG w Dołhobyczowie;Dołhobyczów – Uhrynów (drogowe);Ukraina;Inne;inna/inne;6000,00;buty wykonane ze skóry pytona;szt.;4,0000;Straż Graniczna
01.11.2024 20:00:00;Do RP;przejście;Nadbużański;PSG w Dołhobyczowie;Dołhobyczów – Uhrynów (drogowe);Ukraina;Inne;inna/inne;1000,00;pasek wykonany ze skóry gadów;szt.;2,0000;Straż Graniczna
02.11.2024 01:50:00;Do RP;przejście;Bieszczadzki;PSG w Korczowej;Korczowa – Krakowiec (drogowe);Ukraina;Amunicja;Ostra;2,50;;szt.;1,0000;Straż Graniczna
02.11.2024 04:54:00;Z RP;przejście;Bieszczadzki;PSG w Rzeszowie–Jasionce;Rzeszów-Jasionka (lotnicze);lotnicza;Amunicja;Ostra;4,00;5.56 NATO;szt.;1,0000;Straż Graniczna
02.11.2024 04:57:00;Z RP;przejście;Bieszczadzki;PSG w Rzeszowie–Jasionce;Rzeszów-Jasionka (lotnicze);lotnicza;Amunicja;Ostra;45,00;9 mm Parabellum;szt.;15,0000;Straż Graniczna
02.11.2024 04:57:00;Z RP;przejście;Bieszczadzki;PSG w Rzeszowie–Jasionce;Rzeszów-Jasionka (lotnicze);lotnicza;Broń;inna/inne;175,00;magazynek;szt.;1,0000;Straż Graniczna
02.11.2024 06:00:00;Z RP;przejście;Śląski;PSG w Katowicach-Pyrzowicach;Katowice-Pyrzowice (lotnicze);lotnicza;Inne;inna/inne;;Litewski dowód osobisty nr 65489912 na dane NARSIA MAMUKA ur. 14.09.2003 r.  noszący ślady fałszerstwa;szt.;1,0000;Straż Graniczna
02.11.2024 06:00:00;Z RP;przejście;Śląski;PSG w Katowicach-Pyrzowicach;Katowice-Pyrzowice (lotnicze);lotnicza;Inne;inna/inne;;Litewski dowód osobisty nr 65489912 na dane NARSIA ZVIAD ur. 02.01.1976 r.  noszący ślady fałszerstwa;szt.;1,0000;Straż Graniczna
02.11.2024 06:00:00;Z RP;przejście;Śląski;PSG w Katowicach-Pyrzowicach;Katowice-Pyrzowice (lotnicze);lotnicza;Inne;inna/inne;;Litewski dowód osobisty nr 65489912 na dane KASHIA MIA ur. 05.08.2002 r.  noszący ślady fałszerstwa;szt.;1,0000;Straż Graniczna
02.11.2024 06:00:00;Z RP;przejście;Śląski;PSG w Katowicach-Pyrzowicach;Katowice-Pyrzowice (lotnicze);lotnicza;Inne;inna/inne;;Polskie prawo jazdy nr 24665/16/3526448 na dane Aliev INTIGAM ur. 18.03.1985 r.  noszący ślady fałszerstwa;szt.;1,0000;Straż Graniczna
02.11.2024 13:19:00;Do RP;przejście;Nadbużański;PSG w Terespolu;Kukuryki – Kozłowiczy (drogowe);Białoruś;Papierosy;Papierosy;1141,76;;szt.;1400,0000;Straż Graniczna
02.11.2024 13:19:00;Do RP;przejście;Nadbużański;PSG w Terespolu;Kukuryki – Kozłowiczy (drogowe);Białoruś;Papierosy;Papierosy;978,65;;szt.;1200,0000;Straż Graniczna
02.11.2024 23:30:00;Z RP;przejście;Nadbużański;PSG w Hrebennem;Hrebenne – Rawa Ruska (drogowe);Ukraina;Pojazdy;Osobowy;20000,00;CITROEN nr rej. JV20078 , nr VIN VF7XURHHAEZ038944 ;szt.;1,0000;Straż Graniczna
03.11.2024 04:15:00;Do RP;przejście;Nadbużański;PSG w Hrebennem;Hrebenne – Rawa Ruska (drogowe);Ukraina;Alkohol;Wódka;76,00;uszczuplenia celne 77.00 zł;litr;1,9000;Straż Graniczna
03.11.2024 10:25:00;Do RP;przejście;Nadbużański;PSG w Hrubieszowie;Zosin – Ustiług (drogowe);Ukraina;Broń;inna/inne;60,00;imitacji kija bejsbolowego    ;szt.;1,0000;Straż Graniczna
04.11.2024 03:20:00;Do RP;strefa;Nadodrzański;PSG w Świecku;;Niemcy;Narkotyki;Marihuana;558,00;;kg;0,0124;Straż Graniczna
04.11.2024 03:20:00;Do RP;strefa;Nadodrzański;PSG w Świecku;;Niemcy;Narkotyki;Amfetamina;259,00;;kg;0,0037;Straż Graniczna
04.11.2024 03:50:00;Do RP;przejście;Nadbużański;PSG w Terespolu;Kukuryki – Kozłowiczy (drogowe);Białoruś;Inne;inna/inne;1100,00;wyrobów farmaceutycznych w płynnej postaci o nazwie ASD-2F;szt.;10,0000;Straż Graniczna
04.11.2024 09:15:00;Do RP;przejście;Śląski;PSG w Katowicach-Pyrzowicach;Katowice-Pyrzowice (lotnicze);lotnicza;Inne;inna/inne;;Dokument typu prawo jazdy;szt.;1,0000;Straż Graniczna
04.11.2024 09:15:00;Do RP;przejście;Śląski;PSG w Katowicach-Pyrzowicach;Katowice-Pyrzowice (lotnicze);lotnicza;Inne;inna/inne;;Dokument typu prawo jazdy;szt.;1,0000;Straż Graniczna
04.11.2024 09:15:00;Do RP;przejście;Śląski;PSG w Katowicach-Pyrzowicach;Katowice-Pyrzowice (lotnicze);lotnicza;Inne;inna/inne;;Dokument typu prawo jazdy;szt.;1,0000;Straż Graniczna
04.11.2024 09:15:00;Do RP;przejście;Śląski;PSG w Katowicach-Pyrzowicach;Katowice-Pyrzowice (lotnicze);lotnicza;Inne;inna/inne;;Dokument typu prawo jazdy;szt.;1,0000;Straż Graniczna
04.11.2024 09:15:00;Do RP;przejście;Śląski;PSG w Katowicach-Pyrzowicach;Katowice-Pyrzowice (lotnicze);lotnicza;Inne;inna/inne;;Dokument typu prawo jazdy ;szt.;1,0000;Straż Graniczna
04.11.2024 09:40:00;Do RP;przejście;Nadbużański;PSG w Terespolu;Terespol – Brześć (drogowe);Białoruś;Inne;inna/inne;3572,00;usunięcie spod dozoru celnego ON w ilości z 470 litrów o wartości rynkowej 2162 zł.;litr;470,0000;KAS
04.11.2024 13:00:00;Do RP;przejście;Bieszczadzki;PSG w Medyce;Medyka – Szeginie (drogowe);Ukraina;Narkotyki;Marihuana;101,26;porzucony;kg;0,0018;Straż Graniczna
05.11.2024 05:30:00;Do RP;przejście;Bieszczadzki;PSG w Korczowej;Korczowa – Krakowiec (drogowe);Ukraina;Amunicja;Ostra;5,00;Naboje kaliber 5,45 x 39 mm;szt.;2,0000;Straż Graniczna
05.11.2024 11:50:00;wewnątrz kraju;kraj;Bieszczadzki;PSG w Sanoku;;wewnątrz kraju;Alkohol;Wódka;780,00;;litr;19,5000;Straż Graniczna
05.11.2024 11:52:00;Z RP;strefa;Śląski;PSG w Katowicach-Pyrzowicach;;lotnicza;Amunicja;Ostra;1,70;amunicja koloru żółtego z napisem na spodzie S&B 9x19 18;szt.;1,0000;Straż Graniczna
05.11.2024 17:15:00;Do RP;przejście;Nadbużański;PSG w Dorohusku;Dorohusk – Jagodzin (drogowe);Ukraina;Narkotyki;Marihuana;38,70;;kg;0,0009;Straż Graniczna
05.11.2024 18:27:00;Do RP;przejście;Nadbużański;PSG w Dorohusku;Dorohusk – Jagodzin (drogowe);Ukraina;Papierosy;Papierosy;72,58;wniosek nr 194;szt.;89,0000;Straż Graniczna
05.11.2024 18:35:00;Do RP;przejście;Nadbużański;PSG w Dorohusku;Dorohusk – Jagodzin (drogowe);Ukraina;Papierosy;Papierosy;277,28;WNIOSEK NR 195;szt.;340,0000;Straż Graniczna
05.11.2024 18:43:00;Do RP;przejście;Nadbużański;PSG w Dorohusku;Dorohusk – Jagodzin (drogowe);Ukraina;Papierosy;Papierosy;32,62;wniosek nr 196;szt.;40,0000;Straż Graniczna
05.11.2024 18:43:00;Do RP;przejście;Nadbużański;PSG w Dorohusku;Dorohusk – Jagodzin (drogowe);Ukraina;Alkohol;Wódka;13,00;WNIOSEK NR 196;litr;1,0000;Straż Graniczna
06.11.2024 04:30:00;Do RP;przejście;Nadbużański;PSG w Dorohusku;Dorohusk – Jagodzin (drogowe);Ukraina;Amunicja;Ostra;;;szt.;1,0000;SC
06.11.2024 06:00:00;wewnątrz kraju;kraj;Nadodrzański;PSG w Kłodzku;;wewnątrz kraju;Narkotyki;Amfetamina;28000,00;;kg;0,4000;Policja | SG
06.11.2024 06:00:00;wewnątrz kraju;kraj;Nadodrzański;PSG w Kłodzku;;wewnątrz kraju;Inne;inna/inne;22500,00;krzaki marihuany;szt.;25,0000;Policja | SG
06.11.2024 06:00:00;wewnątrz kraju;kraj;Nadodrzański;PSG w Kłodzku;;wewnątrz kraju;Narkotyki;Marihuana;585,00;susz marihuany;kg;0,0130;Policja | SG
06.11.2024 10:00:00;Do RP;strefa;Nadodrzański;PSG w Świecku;;Niemcy;Narkotyki;Marihuana;108,00;;kg;0,0024;Straż Graniczna
06.11.2024 11:00:00;Z RP;przejście;Nadwiślański;PSG w Łodzi;Łódź-Lublinek (lotnicze);lotnicza;Amunicja;Ostra;;LUGER 9.19;szt.;2,0000;inny
06.11.2024 12:32:00;wewnątrz kraju;kraj;Nadbużański;PSG w Lublinie;;wewnątrz kraju;Papierosy;Papierosy;29604,10;;szt.;36300,0000;Straż Graniczna
06.11.2024 12:50:00;wewnątrz kraju;strefa;Bieszczadzki;PSG w Hermanowicach;;Ukraina;Papierosy;Papierosy;2250,89;;szt.;2760,0000;Straż Graniczna
06.11.2024 12:50:00;wewnątrz kraju;strefa;Bieszczadzki;PSG w Hermanowicach;;Ukraina;Alkohol;Wódka;720,00;;litr;18,0000;Straż Graniczna
06.11.2024 14:06:00;wewnątrz kraju;kraj;Bieszczadzki;Wydział Operacyjno-Śledczy;;wewnątrz kraju;Pojazdy;Osobowy;110000,00;Mercedes E350;szt.;1,0000;Policja | Policja | SG
06.11.2024 17:05:00;wewnątrz kraju;strefa;Nadodrzański;PSG w Tuplicach;;Niemcy;Tytoń;krajanka tytoniowa;837559,58;;kg;1027,0000;Straż Graniczna
06.11.2024 17:05:00;wewnątrz kraju;strefa;Nadodrzański;PSG w Tuplicach;;Niemcy;Tytoń;susz tytoniowy;616564,60;;kg;1010,0000;Straż Graniczna
06.11.2024 17:30:00;Do RP;przejście;Nadbużański;PSG w Terespolu;Terespol – Brześć (drogowe);Białoruś;Inne;inna/inne;240,00;produkty pochodzenia zwierzęcego o wadze 12kg o łącznej wartości 240zł;kg;12,0000;Straż Graniczna
06.11.2024 17:30:00;Do RP;przejście;Nadbużański;PSG w Terespolu;Terespol – Brześć (drogowe);Białoruś;Płyn do e-papierosów;Płyn do e-papierosów;228,80;płyn do papierosów elektronicznych w ilości 176ml o wartości 228,80zł;litr;0,1760;Straż Graniczna
07.11.2024 01:30:00;Do RP;przejście;Nadbużański;PSG w Dołhobyczowie;Dołhobyczów – Uhrynów (drogowe);Ukraina;Broń;inna/inne;50,00;kastet;szt.;1,0000;Straż Graniczna
07.11.2024 06:15:00;wewnątrz kraju;kraj;Nadwiślański;PSG w Warszawie-Modlinie;;wewnątrz kraju;Narkotyki;inna/inne;;Metaamfetamina;kg;0,0202;Straż Graniczna
07.11.2024 06:15:00;wewnątrz kraju;kraj;Nadwiślański;PSG w Warszawie-Modlinie;;wewnątrz kraju;Narkotyki;Marihuana;;;kg;0,1607;Straż Graniczna
07.11.2024 06:15:00;wewnątrz kraju;kraj;Nadwiślański;PSG w Warszawie-Modlinie;;wewnątrz kraju;Narkotyki;Haszysz;;substancja pochodząca z konopi innej niż włuknista;kg;0,0010;Straż Graniczna
07.11.2024 06:15:00;wewnątrz kraju;kraj;Nadwiślański;PSG w Warszawie-Modlinie;;wewnątrz kraju;Narkotyki;Kokaina;;;kg;0,0009;Straż Graniczna
07.11.2024 06:15:00;wewnątrz kraju;kraj;Nadwiślański;PSG w Warszawie-Modlinie;;wewnątrz kraju;Broń;inna/inne;;Hukowa-EKOL FIRAT COMPACT 9mm;szt.;1,0000;Straż Graniczna
07.11.2024 06:15:00;wewnątrz kraju;kraj;Nadwiślański;PSG w Warszawie-Modlinie;;wewnątrz kraju;Amunicja;inna/inne;;amunicja do broni hukowej;szt.;33,0000;Straż Graniczna
07.11.2024 08:00:00;Z RP;przejście;Bieszczadzki;PSG w Rzeszowie–Jasionce;Rzeszów-Jasionka (lotnicze);lotnicza;Amunicja;Ostra;4,00;"opis na dnie łuski ""DAG 12J1231""";szt.;1,0000;Straż Graniczna
07.11.2024 12:50:00;Do RP;przejście;Nadbużański;PSG w Hrebennem;Hrebenne – Rawa Ruska (drogowe);Ukraina;Broń;inna/inne;40,00;Brań biała w postaci kastetu.;szt.;1,0000;KAS
07.11.2024 12:50:00;Z RP;przejście;Bieszczadzki;PSG w Rzeszowie–Jasionce;Rzeszów-Jasionka (lotnicze);lotnicza;Amunicja;Ostra;4,00;"oznaczenie na dnie łuski ""3 83""";szt.;1,0000;Straż Graniczna
07.11.2024 22:00:00;Z RP;strefa;Nadodrzański;PSG w Tuplicach;;Niemcy;Pojazdy;Osobowy;80000,00;;szt.;1,0000;Straż Graniczna
08.11.2024 05:00:00;Do RP;przejście;Nadbużański;PSG w Terespolu;Terespol – Brześć (drogowe);Białoruś;Inne;inna/inne;1440,00;WYROBY KOSMETYCZNE O NIEOKREŚLONEJ WARTOŚCI ;szt.;144,0000;KAS | SG
08.11.2024 09:20:00;Z RP;przejście;Bieszczadzki;PSG w Rzeszowie–Jasionce;Rzeszów-Jasionka (lotnicze);lotnicza;Amunicja;Ostra;2,00;oznaczenie na dnie łuski 270 75;szt.;1,0000;Straż Graniczna
08.11.2024 11:00:00;Do RP;przejście;Bieszczadzki;PSG w Medyce;Przemyśl – Mościska (kolejowe);Ukraina;Papierosy;Papierosy;179,42;;szt.;220,0000;Straż Graniczna
08.11.2024 11:00:00;Do RP;przejście;Bieszczadzki;PSG w Medyce;Przemyśl – Mościska (kolejowe);Ukraina;Inne;inna/inne;70,31;wyroby nowatorskie;kg;0,0378;Straż Graniczna
08.11.2024 11:15:00;wewnątrz kraju;strefa;Nadbużański;PSG w Białej Podlaskiej;;Białoruś;Narkotyki;Amfetamina;;metaamfetamina lub amfetamina;kg;0,0107;Straż Graniczna
08.11.2024 11:15:00;wewnątrz kraju;strefa;Nadbużański;PSG w Białej Podlaskiej;;Białoruś;Narkotyki;inna/inne;;metakwalon;kg;0,0010;Straż Graniczna
08.11.2024 12:00:00;wewnątrz kraju;strefa;Śląski;PSG w Katowicach-Pyrzowicach;;lotnicza;Broń;inna/inne;3000,00;zamek broni palnej nr RB135759 Blaser DE ;szt.;1,0000;Straż Graniczna
08.11.2024 13:44:00;Z RP;przejście;Nadodrzański;PSG w Poznaniu-Ławicy;Poznań-Ławica (lotnicze);lotnicza;Broń;inna/inne;50,00;Kastet;szt.;1,0000;Straż Graniczna
08.11.2024 17:05:00;Z RP;przejście;Karpacki;PSG w Krakowie-Balicach;Kraków-Balice (lotnicze);lotnicza;Amunicja;Ostra;8,00;amunicja karabinowa skorodowana brak widocznych oznaczeń;szt.;4,0000;Straż Graniczna
09.11.2024 02:48:00;wewnątrz kraju;strefa;Podlaski;PSG w Nowym Dworze;;Białoruś;Papierosy;Papierosy;8155,40;MINSK;szt.;10000,0000;Straż Graniczna
09.11.2024 02:48:00;wewnątrz kraju;strefa;Podlaski;PSG w Nowym Dworze;;Białoruś;Papierosy;Papierosy;13864,18;NZ;szt.;17000,0000;Straż Graniczna
09.11.2024 04:14:00;wewnątrz kraju;strefa;Podlaski;PSG w Nowym Dworze;;Białoruś;Papierosy;Papierosy;16310,80;MINSK;szt.;20000,0000;Straż Graniczna
09.11.2024 04:14:00;wewnątrz kraju;strefa;Podlaski;PSG w Nowym Dworze;;Białoruś;Papierosy;Papierosy;5708,78;NZ;szt.;7000,0000;Straż Graniczna
09.11.2024 09:00:00;wewnątrz kraju;strefa;Podlaski;PSG w Kuźnicy;;Białoruś;Papierosy;Papierosy;32621,60;;szt.;40000,0000;Straż Graniczna
09.11.2024 09:00:00;wewnątrz kraju;strefa;Podlaski;PSG w Kuźnicy;;Białoruś;Papierosy;Papierosy;32621,60;;szt.;40000,0000;Straż Graniczna
09.11.2024 09:00:00;wewnątrz kraju;strefa;Podlaski;PSG w Kuźnicy;;Białoruś;Papierosy;Papierosy;32621,60;;szt.;40000,0000;Straż Graniczna
09.11.2024 11:40:00;Z RP;przejście;Bieszczadzki;PSG w Medyce;Medyka – Szeginie (drogowe);Ukraina;Amunicja;Ostra;4,00;Oznaczenie 308WIN;szt.;2,0000;Straż Graniczna
09.11.2024 15:00:00;Do RP;przejście;Nadbużański;PSG w Hrebennem;Hrebenne – Rawa Ruska (drogowe);Ukraina;Tytoń;Tytoń do palenia (wkłady);31,01;wyroby nowatorskie;kg;0,0530;SC | SG | SC | SG
09.11.2024 17:30:00;Do RP;przejście;Nadbużański;PSG w Terespolu;Kukuryki – Kozłowiczy (drogowe);Białoruś;Papierosy;Papierosy;815,54;wyroby tytoniowe bez polskich znaków skarbowych akcyzy w postaci papierosów w ilości 1000 sztuk o łącznej wartości 815,54zł;szt.;1000,0000;Straż Graniczna
09.11.2024 18:05:00;wewnątrz kraju;kraj;Podlaski;PSG w Bobrownikach;;wewnątrz kraju;Papierosy;Papierosy;19083,64;NZ GOLD;szt.;23400,0000;Straż Graniczna
09.11.2024 18:05:00;wewnątrz kraju;kraj;Podlaski;PSG w Bobrownikach;;wewnątrz kraju;Papierosy;Papierosy;41266,32;MINSK;szt.;50600,0000;Straż Graniczna
09.11.2024 18:05:00;wewnątrz kraju;kraj;Podlaski;PSG w Bobrownikach;;wewnątrz kraju;Papierosy;Papierosy;815,54;QUENN;szt.;1000,0000;Straż Graniczna
09.11.2024 18:05:00;wewnątrz kraju;kraj;Podlaski;PSG w Bobrownikach;;wewnątrz kraju;Papierosy;Papierosy;1631,08;NZ BLACK;szt.;2000,0000;Straż Graniczna
09.11.2024 18:50:00;wewnątrz kraju;strefa;Bieszczadzki;PSG w Medyce;;Ukraina;Papierosy;Papierosy;410229,67;Dunhill, Richmond, Marlboro, NZ, Winston, Rothmans, Davidoff, American Red, Excelence;szt.;503016,0000;Straż Graniczna
09.11.2024 20:55:00;Z RP;przejście;Bieszczadzki;PSG w Medyce;Medyka – Szeginie (drogowe);Ukraina;Inne;inna/inne;8000,00;Rower marki ROSA typu Gravel;szt.;1,0000;Straż Graniczna
10.11.2024 00:49:00;Z RP;przejście;Bieszczadzki;PSG w Medyce;Medyka – Szeginie (drogowe);Ukraina;Inne;inna/inne;12000,00;Rower elektryczny marki KTM;szt.;1,0000;Straż Graniczna
10.11.2024 03:20:00;wewnątrz kraju;strefa;Podlaski;PSG w Kuźnicy;;Białoruś;Papierosy;Papierosy;24857,66;;szt.;30480,0000;Straż Graniczna
10.11.2024 05:59:00;Z RP;przejście;Bieszczadzki;PSG w Rzeszowie–Jasionce;Rzeszów-Jasionka (lotnicze);lotnicza;Amunicja;Ostra;4,00;karabinowa, oznacznie na dnie dłuski 711 89;szt.;1,0000;Straż Graniczna
10.11.2024 05:59:00;Z RP;przejście;Bieszczadzki;PSG w Rzeszowie–Jasionce;Rzeszów-Jasionka (lotnicze);lotnicza;Amunicja;Ostra;12,00;pistoletowa, kal. 9 mm, oznaczenie na dnie łuski 79x19 S&B 21;szt.;4,0000;Straż Graniczna
10.11.2024 13:40:00;Z RP;przejście;Nadbużański;PSG w Dołhobyczowie;Dołhobyczów – Uhrynów (drogowe);Ukraina;Pojazdy;Osobowy;15000,00;Honda Civic;szt.;1,0000;Straż Graniczna
10.11.2024 15:00:00;wewnątrz kraju;kraj;Podlaski;PSG w Kuźnicy;;wewnątrz kraju;Papierosy;Papierosy;815,54;;szt.;1000,0000;Straż Graniczna
10.11.2024 20:20:00;wewnątrz kraju;kraj;Podlaski;PSG w Kuźnicy;;wewnątrz kraju;Papierosy;Papierosy;36699,30;;szt.;45000,0000;Straż Graniczna
10.11.2024 20:30:00;wewnątrz kraju;kraj;Podlaski;PSG w Kuźnicy;;wewnątrz kraju;Papierosy;Papierosy;6524,32;;szt.;8000,0000;Straż Graniczna
10.11.2024 21:45:00;Z RP;przejście;Bieszczadzki;PSG w Medyce;Medyka – Szeginie (drogowe);Ukraina;Amunicja;inna/inne;8,00;Amunicja ślepa;szt.;4,0000;Straż Graniczna
11.11.2024 07:00:00;Do RP;przejście;Bieszczadzki;PSG w Krościenku;Krościenko – Smolnica (drogowe);Ukraina;Papierosy;Papierosy;15495,26;;szt.;19000,0000;Straż Graniczna
11.11.2024 07:00:00;Do RP;przejście;Bieszczadzki;PSG w Krościenku;Krościenko – Smolnica (drogowe);Ukraina;Tytoń;Tytoń do palenia (wkłady);9859,86;;kg;3,1140;Straż Graniczna
12.11.2024 03:05:00;Z RP;przejście;Nadbużański;PSG w Hrebennem;Hrebenne – Rawa Ruska (drogowe);Ukraina;Narkotyki;Marihuana;4,05;;kg;0,0001;Straż Graniczna
12.11.2024 03:50:00;Z RP;przejście;Bieszczadzki;PSG w Medyce;Medyka – Szeginie (drogowe);Ukraina;Inne;inna/inne;3000,00;rower;szt.;1,0000;Straż Graniczna
12.11.2024 12:05:00;Z RP;przejście;Karpacki;PSG w Krakowie-Balicach;Kraków-Balice (lotnicze);lotnicza;Amunicja;Ostra;14,00;7,62mm;szt.;1,0000;Straż Graniczna
12.11.2024 16:48:00;Z RP;przejście;Bieszczadzki;PSG w Krościenku;Krościenko – Smolnica (drogowe);Ukraina;Pojazdy;Osobowy;85000,00;Peugeot model 5008;szt.;1,0000;Straż Graniczna
12.11.2024 20:00:00;Do RP;przejście;Bieszczadzki;PSG w Korczowej;Korczowa – Krakowiec (drogowe);Ukraina;Materiały niebezpieczne;Materiały wybuchowe;40,00;granat rozpryskowy,,Pyrosoft piro 5G;szt.;1,0000;Straż Graniczna
13.11.2024 03:36:00;Do RP;przejście;Bieszczadzki;PSG w Medyce;Medyka – Szeginie (drogowe);Ukraina;Tytoń;Tytoń do palenia (wkłady);16,20;wyroby nowatorskie;kg;0,0054;Straż Graniczna
13.11.2024 08:10:00;wewnątrz kraju;kraj;Nadwiślański;PSG w Warszawie;;wewnątrz kraju;Narkotyki;inna/inne;149,40;marihuana;kg;0,0033;Straż Graniczna
13.11.2024 08:23:00;wewnątrz kraju;kraj;Śląski;PSG w Rudzie Śląskiej;;wewnątrz kraju;Narkotyki;Marihuana;72,40;;kg;0,0018;Straż Graniczna
13.11.2024 08:23:00;wewnątrz kraju;kraj;Śląski;PSG w Rudzie Śląskiej;;wewnątrz kraju;Narkotyki;Heroina;96,00;;kg;0,0003;Straż Graniczna
13.11.2024 08:23:00;wewnątrz kraju;kraj;Śląski;PSG w Rudzie Śląskiej;;wewnątrz kraju;Narkotyki;Amfetamina;37,50;;kg;0,0003;Straż Graniczna
13.11.2024 11:50:00;wewnątrz kraju;strefa;Podlaski;PSG w Bobrownikach;;Białoruś;Papierosy;Papierosy;10112,70;Mińsk Superslims;szt.;12400,0000;Straż Graniczna
13.11.2024 13:08:00;wewnątrz kraju;strefa;Bieszczadzki;PSG w Medyce;;Ukraina;Pojazdy;Osobowy;800000,00;BMW X7 M60I XDRIVE ;szt.;1,0000;Straż Graniczna
13.11.2024 13:08:00;wewnątrz kraju;strefa;Bieszczadzki;PSG w Medyce;;Ukraina;Pojazdy;Osobowy;700000,00;  BMW X6 XDRIVE30D M SPORT;szt.;1,0000;Straż Graniczna
13.11.2024 15:26:00;Do RP;przejście;Nadbużański;PSG w Dorohusku;Dorohusk – Jagodzin (drogowe);Ukraina;Papierosy;Papierosy;45,67;wniosek nr 200;szt.;56,0000;Straż Graniczna
13.11.2024 15:59:00;Do RP;przejście;Nadbużański;PSG w Dorohusku;Dorohusk – Jagodzin (drogowe);Ukraina;Tytoń;Tytoń do palenia (wkłady);;wniosek nr 198;kg;0,0313;Straż Graniczna
13.11.2024 16:00:00;Z RP;przejście;Bieszczadzki;PSG w Korczowej;Korczowa – Krakowiec (drogowe);Ukraina;Inne;inna/inne;5000,00;Futra z oceloto podlegającego ochronie zgodnie z Konwencją CITES.;szt.;2,0000;Straż Graniczna
13.11.2024 16:00:00;wewnątrz kraju;kraj;Nadodrzański;PSG w Poznaniu-Ławicy;Poznań-Ławica (lotnicze);wewnątrz kraju;Broń;Palna;;AKMS;szt.;2,0000;Policja
13.11.2024 16:00:00;wewnątrz kraju;kraj;Nadodrzański;PSG w Poznaniu-Ławicy;Poznań-Ławica (lotnicze);wewnątrz kraju;Broń;Palna;;Broń palna SKORPION;szt.;1,0000;Policja
13.11.2024 16:00:00;wewnątrz kraju;kraj;Nadodrzański;PSG w Poznaniu-Ławicy;Poznań-Ławica (lotnicze);wewnątrz kraju;Amunicja;Ostra;;;szt.;40,0000;Policja
13.11.2024 16:07:00;Do RP;przejście;Nadbużański;PSG w Dorohusku;Dorohusk – Jagodzin (drogowe);Ukraina;Papierosy;Papierosy;114,18;WNIOSEK NR 199;szt.;140,0000;Straż Graniczna
13.11.2024 16:17:00;Do RP;przejście;Nadbużański;PSG w Dorohusku;Dorohusk – Jagodzin (drogowe);Ukraina;Alkohol;Wódka;18,20;wniosek nr 197;litr;1,4000;Straż Graniczna
13.11.2024 18:10:00;Z RP;przejście;Nadbużański;PSG w Hrebennem;Hrebenne – Rawa Ruska (drogowe);Ukraina;Inne;Podzespoły samochodowe;2000,00;drzwi przednie, lewe   pochodzące  z pojazdu PEUGEOT;szt.;1,0000;Straż Graniczna
13.11.2024 18:42:00;Z RP;przejście;Śląski;PSG w Katowicach-Pyrzowicach;Katowice-Pyrzowice (lotnicze);lotnicza;Papierosy;Papierosy;924,82;56 paczek i 14 szt.;szt.;1134,0000;Straż Graniczna
14.11.2024 02:20:00;Z RP;przejście;Nadbużański;PSG w Hrubieszowie;Zosin – Ustiług (drogowe);Ukraina;Pojazdy;Osobowy;200000,00;MERCEDES X250d 4 Matic ;szt.;1,0000;Straż Graniczna
14.11.2024 07:20:00;wewnątrz kraju;strefa;Bieszczadzki;PSG w Lubaczowie;;Ukraina;Papierosy;Papierosy;293,59;PARAMOUNT;szt.;360,0000;Straż Graniczna
14.11.2024 07:25:00;Do RP;przejście;Nadbużański;PSG w Dorohusku;Dorohusk – Jagodzin (drogowe);Ukraina;Amunicja;Ostra;;kaliber 5,56x45mm;szt.;8,0000;Straż Graniczna
14.11.2024 07:25:00;Do RP;przejście;Nadbużański;PSG w Dorohusku;Dorohusk – Jagodzin (drogowe);Ukraina;Amunicja;Ostra;;kaliber 5,45x39mm;szt.;1,0000;Straż Graniczna
14.11.2024 07:25:00;Do RP;przejście;Nadbużański;PSG w Dorohusku;Dorohusk – Jagodzin (drogowe);Ukraina;Amunicja;inna/inne;;kaliber 9mm;szt.;1,0000;Straż Graniczna
14.11.2024 12:00:00;wewnątrz kraju;strefa;Podlaski;PSG w Kuźnicy;;Białoruś;Papierosy;Papierosy;603,50;;szt.;740,0000;Straż Graniczna
14.11.2024 12:00:00;wewnątrz kraju;strefa;Podlaski;PSG w Kuźnicy;;Białoruś;Papierosy;Papierosy;603,50;;szt.;740,0000;Straż Graniczna
14.11.2024 14:00:00;wewnątrz kraju;kraj;Nadodrzański;PSG w Jeleniej Górze;;wewnątrz kraju;Tytoń;susz tytoniowy;145406,72;;kg;248,5500;Straż Graniczna
14.11.2024 16:10:00;Do RP;przejście;Bieszczadzki;PSG w Korczowej;Korczowa – Krakowiec (drogowe);Ukraina;Amunicja;Ostra;85,75;;szt.;7,0000;Straż Graniczna
14.11.2024 21:49:00;Do RP;przejście;Nadbużański;PSG w Dorohusku;Dorohusk – Jagodzin (drogowe);Ukraina;Papierosy;Papierosy;311,54;WNIOSEK NR 201;szt.;382,0000;Straż Graniczna
14.11.2024 22:25:00;wewnątrz kraju;kraj;Bieszczadzki;Wydział Operacyjno-Śledczy;;wewnątrz kraju;Inne;Podzespoły samochodowe;1000008,00;silniki samochodowe;szt.;24,0000;Policja | Policja | SG | SG | SG
14.11.2024 22:25:00;wewnątrz kraju;kraj;Bieszczadzki;Wydział Operacyjno-Śledczy;;wewnątrz kraju;Inne;Podzespoły samochodowe;1000065,00;skrzynie biegów;szt.;87,0000;Policja | Policja | SG | SG | SG
14.11.2024 22:52:00;Z RP;przejście;Bieszczadzki;PSG w Lubaczowie;Budomierz – Hruszew (drogowe);Ukraina;Pojazdy;Osobowy;120000,00; TOYOTA RAV4;szt.;1,0000;Straż Graniczna
14.11.2024 22:59:00;wewnątrz kraju;kraj;Bieszczadzki;Wydział Operacyjno-Śledczy;;wewnątrz kraju;Pojazdy;inna/inne;360000,00;Ładowarka;szt.;1,0000;Policja | Policja | SG
15.11.2024 01:45:00;Z RP;przejście;Nadbużański;PSG w Hrubieszowie;Zosin – Ustiług (drogowe);Ukraina;Pojazdy;Osobowy;18000,00;TOYOTA PRIUS ;szt.;1,0000;Straż Graniczna
15.11.2024 02:04:00;Do RP;przejście;Nadbużański;PSG w Dorohusku;Dorohusk – Jagodzin (drogowe);Ukraina;Papierosy;Papierosy;97,86;;szt.;120,0000;Straż Graniczna
15.11.2024 08:24:00;wewnątrz kraju;kraj;Bieszczadzki;Wydział Operacyjno-Śledczy;;wewnątrz kraju;Pojazdy;inna/inne;87890,00;przyczepa kempingowa SWIFT Freestyle;szt.;1,0000;Policja | SG
15.11.2024 08:24:00;wewnątrz kraju;kraj;Bieszczadzki;Wydział Operacyjno-Śledczy;;wewnątrz kraju;Pojazdy;inna/inne;46530,00;przyczepa kempingowa BAILEY Unicorn;szt.;1,0000;Policja | SG
15.11.2024 08:30:00;Do RP;przejście;Nadbużański;PSG w Hrebennem;Hrebenne – Rawa Ruska (drogowe);Ukraina;Broń;inna/inne;250,00;2 sztuki tzw. broni  białej  w postaci pałek teleskopowych;szt.;2,0000;Straż Graniczna
15.11.2024 11:30:00;Z RP;przejście;Nadodrzański;PSG w Poznaniu-Ławicy;Poznań-Ławica (lotnicze);lotnicza;Broń;inna/inne;50,00;kastet;szt.;1,0000;Straż Graniczna
15.11.2024 17:00:00;Do RP;przejście;Nadbużański;PSG w Terespolu;Terespol – Brześć (drogowe);Białoruś;Papierosy;Papierosy;326,22;;szt.;400,0000;Straż Graniczna
15.11.2024 17:00:00;Do RP;przejście;Nadbużański;PSG w Terespolu;Terespol – Brześć (drogowe);Białoruś;Alkohol;Wódka;15,00;;litr;0,5000;Straż Graniczna
16.11.2024 00:10:00;Do RP;przejście;Bieszczadzki;PSG w Korczowej;Korczowa – Krakowiec (drogowe);Ukraina;Broń;inna/inne;50,00;Kastet;szt.;1,0000;Straż Graniczna
16.11.2024 02:52:00;Z RP;przejście;Bieszczadzki;PSG w Krościenku;Krościenko – Smolnica (drogowe);Ukraina;Pojazdy;Osobowy;40000,00;Mercedes Sprinter 2018r.;szt.;1,0000;Straż Graniczna
16.11.2024 05:30:00;Do RP;przejście;Nadbużański;PSG w Terespolu;Kukuryki – Kozłowiczy (drogowe);Białoruś;Papierosy;Papierosy;163,11;;szt.;200,0000;Straż Graniczna
16.11.2024 05:30:00;Do RP;przejście;Nadbużański;PSG w Terespolu;Kukuryki – Kozłowiczy (drogowe);Białoruś;Alkohol;Wódka;360,00;;litr;3,0000;Straż Graniczna
16.11.2024 13:50:00;Do RP;przejście;Nadbużański;PSG w Dorohusku;Dorohusk – Jagodzin (drogowe);Ukraina;Papierosy;Papierosy;521,95;;szt.;640,0000;KAS | SG
16.11.2024 16:00:00;Z RP;przejście;Nadbużański;PSG w Hrubieszowie;Zosin – Ustiług (drogowe);Ukraina;Pojazdy;Osobowy;90000,00;HYUNDAI FZA76974 - ingerencja w oznaczenia identyfikacyjne VIN;szt.;1,0000;Straż Graniczna
17.11.2024 10:00:00;Do RP;przejście;Nadbużański;PSG w Terespolu;Terespol – Brześć (drogowe);Białoruś;Papierosy;Papierosy;1060,20;1300 sztuk papierosów bez polskich znaków akcyzy o wartości 1060,20zl;szt.;1300,0000;KAS
17.11.2024 14:26:00;Z RP;przejście;Bieszczadzki;PSG w Rzeszowie–Jasionce;Rzeszów-Jasionka (lotnicze);lotnicza;Amunicja;Ostra;2,00;karabinowa z oswiadczenia kaliber 5.45 mm z oznaczeniem na dnie łuski 17 82;szt.;1,0000;Straż Graniczna
17.11.2024 16:36:00;Z RP;strefa;Śląski;PSG w Katowicach-Pyrzowicach;;lotnicza;Broń;inna/inne;35,00;Przedmiot przypominający paralizator z latarką ;szt.;1,0000;Straż Graniczna
18.11.2024 03:50:00;Z RP;przejście;Bieszczadzki;PSG w Korczowej;Korczowa – Krakowiec (drogowe);Ukraina;Inne;inna/inne;3000,00;deska rozdzielcza samochodu marki Volkswagen;szt.;1,0000;Straż Graniczna
18.11.2024 07:45:00;Do RP;przejście;Nadbużański;PSG w Terespolu;Terespol – Brześć (drogowe);Białoruś;Papierosy;Papierosy;4893,24;;szt.;6000,0000;KAS | SG
18.11.2024 15:00:00;Do RP;strefa;Nadodrzański;PSG w Świecku;;Niemcy;Narkotyki;Marihuana;90,00;szklany słoik z suszem roślinnym;kg;0,0020;Straż Graniczna
18.11.2024 15:48:00;wewnątrz kraju;kraj;Nadbużański;PSG w Dorohusku;;wewnątrz kraju;Pojazdy;Ciężarowy;240000,00;Daf;szt.;1,0000;Policja | SG
18.11.2024 15:48:00;wewnątrz kraju;kraj;Nadbużański;PSG w Dorohusku;;wewnątrz kraju;Pojazdy;Naczepa;70000,00;Schmitz;szt.;1,0000;Policja | SG
18.11.2024 15:48:00;wewnątrz kraju;kraj;Nadbużański;PSG w Dorohusku;;wewnątrz kraju;Pojazdy;Ciężarowy;240000,00;DAF;szt.;1,0000;Policja | SG
18.11.2024 15:48:00;wewnątrz kraju;kraj;Nadbużański;PSG w Dorohusku;;wewnątrz kraju;Pojazdy;Ciężarowy;300000,00;DAF;szt.;1,0000;Policja | SG
18.11.2024 15:48:00;wewnątrz kraju;kraj;Nadbużański;PSG w Dorohusku;;wewnątrz kraju;Pojazdy;Naczepa;260000,00;Schmitz ;szt.;1,0000;Policja | SG
18.11.2024 15:50:00;Do RP;strefa;Morski;PSG w Szczecinie;;Niemcy;Inne;inna/inne;;prawo jazdy Ukraina;szt.;1,0000;Straż Graniczna
18.11.2024 16:00:00;Do RP;przejście;Nadbużański;PSG w Hrubieszowie;Zosin – Ustiług (drogowe);Ukraina;Papierosy;Papierosy;309,91;;szt.;380,0000;Straż Graniczna
19.11.2024 01:50:00;Do RP;przejście;Nadbużański;PSG w Dołhobyczowie;Dołhobyczów – Uhrynów (drogowe);Ukraina;Papierosy;Papierosy;97,86;;szt.;120,0000;SC
19.11.2024 04:30:00;Do RP;przejście;Nadbużański;PSG w Hrebennem;Hrebenne – Rawa Ruska (drogowe);Ukraina;Amunicja;Ostra;2,50;;szt.;1,0000;Straż Graniczna
19.11.2024 04:30:00;Do RP;przejście;Nadbużański;PSG w Hrebennem;Hrebenne – Rawa Ruska (drogowe);Ukraina;Amunicja;Ostra;2,50;;szt.;1,0000;Straż Graniczna
19.11.2024 06:49:00;Z RP;przejście;Karpacki;PSG w Krakowie-Balicach;Kraków-Balice (lotnicze);lotnicza;Narkotyki;Kokaina;20,00;;kg;0,0001;Straż Graniczna
19.11.2024 10:30:00;wewnątrz kraju;strefa;Nadbużański;PSG w Hrebennem;;Ukraina;Narkotyki;Marihuana;98,55;;kg;0,0022;Policja | SG
19.11.2024 10:30:00;wewnątrz kraju;strefa;Nadbużański;PSG w Hrebennem;;Ukraina;Narkotyki;Amfetamina;648,20;;kg;0,0093;Policja | SG
19.11.2024 12:32:00;wewnątrz kraju;kraj;Warmińsko-Mazurski;Wydział Operacyjno-Śledczy;;wewnątrz kraju;Tytoń;krajanka tytoniowa;29359,44;;kg;36,0000;SC | Policja
19.11.2024 12:32:00;wewnątrz kraju;kraj;Warmińsko-Mazurski;Wydział Operacyjno-Śledczy;;wewnątrz kraju;Papierosy;Papierosy;2283,51;;szt.;2800,0000;SC | Policja
19.11.2024 15:00:00;wewnątrz kraju;kraj;Morski;PSG w Świnoujściu;;wewnątrz kraju;Pojazdy;Osobowy;88000,00;;szt.;1,0000;Straż Graniczna
20.11.2024 05:56:00;Do RP;przejście;Nadbużański;PSG w Terespolu;Terespol – Brześć (drogowe);Białoruś;Inne;Podzespoły samochodowe;5650,00;226 sztuk części samochodowych;szt.;226,0000;Straż Graniczna
20.11.2024 12:45:00;Do RP;przejście;Nadbużański;PSG w Dorohusku;Dorohusk – Jagodzin (drogowe);Ukraina;Papierosy;Papierosy;81,55;;szt.;100,0000;Straż Graniczna
20.11.2024 13:00:00;wewnątrz kraju;kraj;Nadbużański;PSG w Terespolu;;wewnątrz kraju;Inne;inna/inne;;"kapsułki do prania ""PERSIL""";szt.;36,0000;Policja | SG
20.11.2024 13:00:00;wewnątrz kraju;kraj;Nadbużański;PSG w Terespolu;;wewnątrz kraju;Inne;inna/inne;;"płyn do prania ""LENOR""";litr;37,0000;Policja | SG
20.11.2024 13:00:00;wewnątrz kraju;kraj;Nadbużański;PSG w Terespolu;;wewnątrz kraju;Inne;inna/inne;;"PŁYN DO PRANIA ""PERSIL""";litr;439,0000;Policja | SG
20.11.2024 13:09:00;Do RP;przejście;Nadbużański;PSG w Dorohusku;Dorohusk – Jagodzin (drogowe);Ukraina;Papierosy;Papierosy;65,24;;szt.;80,0000;Straż Graniczna
20.11.2024 13:40:00;Do RP;przejście;Nadbużański;PSG w Dorohusku;Dorohusk – Jagodzin (drogowe);Ukraina;Papierosy;Papierosy;109,28;;szt.;134,0000;Straż Graniczna
20.11.2024 13:55:00;Do RP;przejście;Nadbużański;PSG w Dorohusku;Dorohusk – Jagodzin (drogowe);Ukraina;Papierosy;Papierosy;179,42;;szt.;220,0000;Straż Graniczna
20.11.2024 14:09:00;Do RP;przejście;Nadbużański;PSG w Dorohusku;Dorohusk – Jagodzin (drogowe);Ukraina;Papierosy;Papierosy;97,86;;szt.;120,0000;Straż Graniczna
20.11.2024 14:17:00;Do RP;przejście;Nadbużański;PSG w Dorohusku;Dorohusk – Jagodzin (drogowe);Ukraina;Papierosy;Papierosy;122,33;;szt.;150,0000;Straż Graniczna
20.11.2024 17:50:00;Do RP;przejście;Bieszczadzki;PSG w Rzeszowie–Jasionce;Rzeszów-Jasionka (lotnicze);lotnicza;Broń;Palna;4000,00;GLOCK 19 GEN5;szt.;1,0000;Straż Graniczna
20.11.2024 17:50:00;Do RP;przejście;Bieszczadzki;PSG w Rzeszowie–Jasionce;Rzeszów-Jasionka (lotnicze);lotnicza;Broń;Palna;3000,00;walther ppk/s cAL. 9MM;szt.;1,0000;Straż Graniczna
20.11.2024 17:50:00;Do RP;przejście;Bieszczadzki;PSG w Rzeszowie–Jasionce;Rzeszów-Jasionka (lotnicze);lotnicza;Amunicja;Ostra;956,00;KALIBER 9MM (RÓŻNE RODZAJE);szt.;478,0000;Straż Graniczna
20.11.2024 20:30:00;Z RP;przejście;Bieszczadzki;PSG w Korczowej;Korczowa – Krakowiec (drogowe);Ukraina;Pojazdy;Osobowy;800000,00;AUDI RS7;szt.;1,0000;Straż Graniczna
20.11.2024 22:10:00;Z RP;przejście;Bieszczadzki;PSG w Medyce;Medyka – Szeginie (drogowe);Ukraina;Inne;Podzespoły samochodowe;21000,00;Części samochodu marki Mercedes S63 AMG;szt.;21,0000;Straż Graniczna
21.11.2024 00:51:00;Z RP;przejście;Nadbużański;PSG w Terespolu;Terespol – Brześć (drogowe);Białoruś;Pojazdy;Osobowy;60000,00;samochód osobowy marki RENAULT SCENIC 2018r.;szt.;1,0000;Straż Graniczna
21.11.2024 04:45:00;Z RP;przejście;Bieszczadzki;PSG w Medyce;Medyka – Szeginie (drogowe);Ukraina;Pojazdy;Osobowy;17000,00;marka Dacia;szt.;1,0000;Straż Graniczna
21.11.2024 06:00:00;Do RP;przejście;Nadbużański;PSG w Hrubieszowie;Zosin – Ustiług (drogowe);Ukraina;Alkohol;Whisky;28,00;BELLS BLENDEDSCOTCH WHISKY;litr;0,7000;Straż Graniczna
21.11.2024 08:00:00;Do RP;przejście;Nadbużański;PSG w Terespolu;Terespol – Brześć (drogowe);Białoruś;Papierosy;Papierosy;3099,05;;szt.;3800,0000;KAS | SG
21.11.2024 08:00:00;Do RP;przejście;Nadbużański;PSG w Terespolu;Terespol – Brześć (drogowe);Białoruś;Papierosy;Papierosy;2120,40;;szt.;2600,0000;KAS | SG
21.11.2024 08:50:00;wewnątrz kraju;strefa;Bieszczadzki;PSG w Hermanowicach;;Ukraina;Papierosy;Papierosy;44822,08;;szt.;54960,0000;Straż Graniczna
21.11.2024 11:10:00;wewnątrz kraju;strefa;Warmińsko-Mazurski;PSG w Braniewie;;Rosja;Papierosy;Papierosy;6035,00;7400 sztuk papierosów bez polskich znaków skarbowych akcyzy;szt.;7400,0000;Straż Graniczna
21.11.2024 11:10:00;wewnątrz kraju;strefa;Warmińsko-Mazurski;PSG w Braniewie;;Rosja;Alkohol;Spirytus;4410,00;;litr;49,0000;Straż Graniczna
21.11.2024 11:20:00;Do RP;przejście;Nadbużański;PSG w Terespolu;Terespol – Brześć (drogowe);Białoruś;Inne;inna/inne;105,00;produkty pochodzenia zwierzęcego;kg;7,0000;Straż Graniczna
21.11.2024 13:20:00;Do RP;strefa;Nadodrzański;PSG w Świecku;;Niemcy;Pojazdy;Osobowy;70000,00;Hyundai Tucson;szt.;1,0000;Straż Graniczna
21.11.2024 18:40:00;Do RP;przejście;Nadwiślański;PSG w Warszawie-Okęciu;Warszawa-Okęcie (lotnicze);lotnicza;Inne;inna/inne;27000,00;Susz roślinny;kg;0,6000;Straż Graniczna
22.11.2024 04:45:00;Z RP;przejście;Bieszczadzki;PSG w Korczowej;Korczowa – Krakowiec (drogowe);Ukraina;Pojazdy;Osobowy;80000,00;;szt.;1,0000;Straż Graniczna
22.11.2024 13:56:00;wewnątrz kraju;strefa;Nadbużański;PSG w Dołhobyczowie;;Ukraina;Papierosy;Papierosy;1336,67;;szt.;1639,0000;Straż Graniczna
22.11.2024 15:20:00;wewnątrz kraju;kraj;Bieszczadzki;Wydział Operacyjno-Śledczy;;wewnątrz kraju;Papierosy;Papierosy;407770,00;Marlboro, Regina;szt.;500000,0000;Straż Graniczna
22.11.2024 17:20:00;Z RP;przejście;Bieszczadzki;PSG w Lubaczowie;Budomierz – Hruszew (drogowe);Ukraina;Pojazdy;Osobowy;95000,00;Hyundai Kona;szt.;1,0000;Straż Graniczna
22.11.2024 17:20:00;Z RP;przejście;Bieszczadzki;PSG w Lubaczowie;Budomierz – Hruszew (drogowe);Ukraina;Inne;inna/inne;10,00;niemiecki dowód rejestracyjny pojazdu serii ZBI nr 286264871;szt.;1,0000;Straż Graniczna
22.11.2024 17:20:00;Z RP;przejście;Bieszczadzki;PSG w Lubaczowie;Budomierz – Hruszew (drogowe);Ukraina;Inne;inna/inne;10,00;niemiecki dowód rejestracyjny (karta pojazdu) serii GL440083;szt.;1,0000;Straż Graniczna
23.11.2024 15:13:00;Do RP;przejście;Nadbużański;PSG w Terespolu;Terespol – Brześć (drogowe);Białoruś;Inne;inna/inne;80,00;produkty pochodzenia zwierzęcego;kg;4,0000;Straż Graniczna
23.11.2024 21:45:00;Do RP;przejście;Nadbużański;PSG w Dorohusku;Dorohusk – Jagodzin (drogowe);Ukraina;Papierosy;Papierosy;163,11;;szt.;200,0000;SC | SG
24.11.2024 04:30:00;Z RP;przejście;Nadbużański;PSG w Dołhobyczowie;Dołhobyczów – Uhrynów (drogowe);Ukraina;Pojazdy;Osobowy;85000,00;PEUGEOT nr vin VF3MCYHZRKS467540;szt.;1,0000;Straż Graniczna
24.11.2024 05:40:00;Do RP;przejście;Nadbużański;PSG w Terespolu;Kukuryki – Kozłowiczy (drogowe);Białoruś;Papierosy;Papierosy;4077,70;wyroby tytoniowe bez polskich znaków skarbowych akcyzy w postaci papierosów w ilości 5000 sztuk o łącznej wartości 4077,7zł;szt.;5000,0000;Straż Graniczna
24.11.2024 14:45:00;Do RP;przejście;Bieszczadzki;PSG w Medyce;Medyka – Szeginie (drogowe);Ukraina;Papierosy;Papierosy;97,86;40 SZTUK ROTHMANS I 80 SZTUK KENT;szt.;120,0000;Straż Graniczna
24.11.2024 20:00:00;Do RP;przejście;Nadbużański;PSG w Terespolu;Terespol – Brześć (drogowe);Białoruś;Alkohol;Wódka;60,00;;litr;2,0000;KAS | SG
24.11.2024 20:00:00;Do RP;przejście;Nadbużański;PSG w Terespolu;Terespol – Brześć (drogowe);Białoruś;Papierosy;Papierosy;1239,62;;szt.;1520,0000;KAS | SG
24.11.2024 20:00:00;Do RP;przejście;Nadbużański;PSG w Terespolu;Terespol – Brześć (drogowe);Białoruś;Papierosy;Papierosy;7013,64;;szt.;8600,0000;KAS | SG
25.11.2024 07:30:00;Do RP;przejście;Nadbużański;PSG w Hrubieszowie;Zosin – Ustiług (drogowe);Ukraina;Inne;Podzespoły samochodowe;4999,00;częśc układu wydechowego wraz z katalizatorem ;szt.;1,0000;Straż Graniczna
25.11.2024 18:15:00;Z RP;przejście;Nadwiślański;PSG w Warszawie-Okęciu;Warszawa-Okęcie (lotnicze);lotnicza;Broń;inna/inne;;pistolet o oznaczeniu BRUNI MOD.84 cal.9 PAK o nr. B0442;szt.;1,0000;Straż Graniczna
25.11.2024 18:15:00;Z RP;przejście;Nadwiślański;PSG w Warszawie-Okęciu;Warszawa-Okęcie (lotnicze);lotnicza;Amunicja;inna/inne;;amunicja o oznaczeniu 9mm P.A. Knall;szt.;50,0000;Straż Graniczna
25.11.2024 20:20:00;wewnątrz kraju;kraj;Bieszczadzki;Wydział Operacyjno-Śledczy;;wewnątrz kraju;Pojazdy;Osobowy;350000,00;Audi A6 VIN: WAUZZZF24RN053792;szt.;1,0000;Policja | SG
25.11.2024 21:10:00;wewnątrz kraju;kraj;Karpacki;PSG w Krakowie-Balicach;;wewnątrz kraju;Narkotyki;Marihuana;1017549,00;;kg;52,1820;SC | SG
26.11.2024 03:00:00;Z RP;przejście;Bieszczadzki;PSG w Korczowej;Korczowa – Krakowiec (drogowe);Ukraina;Inne;inna/inne;500,00;Futro z wilka podlegającego ochronie na podstawie przepisów Konwencji CITES ;szt.;1,0000;Straż Graniczna
26.11.2024 06:00:00;wewnątrz kraju;kraj;Podlaski;Wydział Operacyjno-Śledczy;;wewnątrz kraju;Papierosy;Papierosy;375,15;;szt.;460,0000;Straż Graniczna
26.11.2024 06:01:00;wewnątrz kraju;kraj;Karpacki;PSG w Zakopanem;;wewnątrz kraju;Papierosy;Papierosy;69810,22;;szt.;85600,0000;Straż Graniczna
26.11.2024 10:30:00;Z RP;przejście;Bieszczadzki;PSG w Korczowej;Korczowa – Krakowiec (drogowe);Ukraina;Pojazdy;Osobowy;35000,00;Pojazd osobowy marki MERCEDES SPRINTER, kolor biały, rok produkcji 2007.;szt.;1,0000;Straż Graniczna
26.11.2024 13:06:00;Z RP;przejście;Bieszczadzki;PSG w Medyce;Medyka – Szeginie (drogowe);Ukraina;Pojazdy;Osobowy;32000,00;Honda CRV;szt.;1,0000;Straż Graniczna
26.11.2024 15:30:00;Do RP;przejście;Nadbużański;PSG w Terespolu;Terespol – Brześć (drogowe);Białoruś;Papierosy;Papierosy;1957,30;wyroby tytoniowe bez polskich znaków skarbowych akcyzy w postaci papierosów w ilości 2400 sztuk o wartości 1957,30 zł;szt.;2400,0000;Straż Graniczna
26.11.2024 15:35:00;Do RP;strefa;Nadodrzański;PSG w Świecku;;Niemcy;Pojazdy;Osobowy;150000,00;KIA SORENTO;szt.;1,0000;Straż Graniczna
26.11.2024 22:30:00;Do RP;przejście;Nadbużański;PSG w Dołhobyczowie;Dołhobyczów – Uhrynów (drogowe);Ukraina;Tytoń;Tytoń do palenia (wkłady);35,68;WKŁADY DO E-PAPIEROSÓW;szt.;200,0000;Straż Graniczna
26.11.2024 22:39:00;wewnątrz kraju;kraj;Nadwiślański;Wydział Operacyjno-Śledczy;;wewnątrz kraju;Narkotyki;Marihuana;3791640,00;Susz roslinny;kg;63,1940;Straż Graniczna
26.11.2024 22:39:00;wewnątrz kraju;kraj;Nadwiślański;Wydział Operacyjno-Śledczy;;wewnątrz kraju;Narkotyki;Amfetamina;192300,00;biały proszek;kg;3,2050;Straż Graniczna
27.11.2024 07:55:00;Z RP;przejście;Bieszczadzki;PSG w Medyce;Medyka – Szeginie (drogowe);Ukraina;Amunicja;inna/inne;8,00;"amunicja ćwiczebna ""ślepa""";szt.;2,0000;Straż Graniczna
27.11.2024 13:00:00;Do RP;przejście;Nadbużański;PSG w Terespolu;Terespol – Brześć (drogowe);Białoruś;Inne;inna/inne;36,00;produkty pochodzenia zwierzęcego;kg;3,6000;Straż Graniczna
27.11.2024 14:34:00;wewnątrz kraju;kraj;Warmińsko-Mazurski;Wydział Operacyjno-Śledczy;;wewnątrz kraju;Tytoń;krajanka tytoniowa;815,54;;kg;1,0000;Straż Graniczna
27.11.2024 20:30:00;wewnątrz kraju;kraj;Karpacki;PSG w Krakowie-Balicach;;wewnątrz kraju;Narkotyki;Marihuana;1052493,00;;kg;53,9740;SC | SG
28.11.2024 07:30:00;wewnątrz kraju;strefa;Bieszczadzki;PSG w Korczowej;;Ukraina;Papierosy;Papierosy;163,11;;szt.;200,0000;Straż Graniczna
28.11.2024 07:45:00;wewnątrz kraju;strefa;Bieszczadzki;PSG w Korczowej;;Ukraina;Papierosy;Papierosy;114,18;;szt.;140,0000;Straż Graniczna
28.11.2024 09:45:00;wewnątrz kraju;kraj;Nadodrzański;PSG w Kłodzku;;wewnątrz kraju;Alkohol;Spirytus;9720,00;;litr;135,0000;Straż Graniczna
28.11.2024 15:05:00;wewnątrz kraju;strefa;Nadodrzański;PSG w Kłodzku;;Czechy;Narkotyki;Amfetamina;7532,00;;kg;0,1076;Straż Graniczna
28.11.2024 15:05:00;wewnątrz kraju;strefa;Nadodrzański;PSG w Kłodzku;;Czechy;Narkotyki;Marihuana;2440,80;;kg;0,0542;Straż Graniczna
28.11.2024 15:05:00;wewnątrz kraju;strefa;Nadodrzański;PSG w Kłodzku;;Czechy;Narkotyki;Extasy;18200,00;;tabletka;520,0000;Straż Graniczna
28.11.2024 15:05:00;wewnątrz kraju;strefa;Nadodrzański;PSG w Kłodzku;;Czechy;Inne;Anaboliki;; fiolka z napisem Muscle Factory 300mg;szt.;6,0000;Straż Graniczna
28.11.2024 15:05:00;wewnątrz kraju;strefa;Nadodrzański;PSG w Kłodzku;;Czechy;Inne;Anaboliki;;Fiolka z napisem Muscle Factory koloru czerwonego;szt.;1,0000;Straż Graniczna
28.11.2024 15:05:00;wewnątrz kraju;strefa;Nadodrzański;PSG w Kłodzku;;Czechy;Inne;Anaboliki;;Opakowanie z napisem Virturinablo;szt.;2,0000;Straż Graniczna
28.11.2024 15:05:00;wewnątrz kraju;strefa;Nadodrzański;PSG w Kłodzku;;Czechy;Inne;Anaboliki;;Fiolka z napisem Virtunadrol;szt.;8,0000;Straż Graniczna
28.11.2024 15:05:00;wewnątrz kraju;strefa;Nadodrzański;PSG w Kłodzku;;Czechy;Inne;Anaboliki;;Fiolka z napisem Trenonaxine 200mg;szt.;13,0000;Straż Graniczna
28.11.2024 15:05:00;wewnątrz kraju;strefa;Nadodrzański;PSG w Kłodzku;;Czechy;Inne;Anaboliki;;Fiolka z napisem Testosterone Enanthate 250mg;szt.;9,0000;Straż Graniczna
28.11.2024 15:05:00;wewnątrz kraju;strefa;Nadodrzański;PSG w Kłodzku;;Czechy;Inne;Anaboliki;;Opakowanie z napisem Virumast 100mg;szt.;2,0000;Straż Graniczna
28.11.2024 15:30:00;wewnątrz kraju;strefa;Nadodrzański;PSG w Kłodzku;;Czechy;Narkotyki;Marihuana;270,00;;kg;0,0060;Straż Graniczna
28.11.2024 19:45:00;Do RP;przejście;Bieszczadzki;PSG w Medyce;Medyka – Szeginie (drogowe);Ukraina;Amunicja;Ostra;4,00; pocisk, prawdopodobnie  kaliber 5.45x 39;szt.;1,0000;Straż Graniczna
29.11.2024 04:40:00;Z RP;przejście;Nadbużański;PSG w Dołhobyczowie;Dołhobyczów – Uhrynów (drogowe);Ukraina;Inne;inna/inne;;certyfikat wyrejestrowania pojazdu marki VW o nr rej. JBG040 nr vin WVGZZZ1TZ6W062154;szt.;1,0000;Straż Graniczna
29.11.2024 04:40:00;Z RP;przejście;Nadbużański;PSG w Dołhobyczowie;Dołhobyczów – Uhrynów (drogowe);Ukraina;Inne;inna/inne;;certyfikat wyrejestrowania pojazdu VW o nr rej. LZM475 nr vin WVGZZZ1TZ6W015202 ;szt.;1,0000;Straż Graniczna
29.11.2024 08:45:00;wewnątrz kraju;strefa;Bieszczadzki;PSG w Korczowej;;Ukraina;Papierosy;Papierosy;326,22;20 paczek papierosów marki PARAMOUNT bez polskich znaków akcyzy MF RP;szt.;400,0000;Straż Graniczna
29.11.2024 13:00:00;Do RP;strefa;Podlaski;PSG w Krynkach;;Białoruś;Papierosy;Papierosy;8155,40;;szt.;10000,0000;Straż Graniczna
29.11.2024 14:30:00;Do RP;przejście;Nadbużański;PSG w Terespolu;Terespol – Brześć (drogowe);Białoruś;Alkohol;Wódka;240,00;;litr;3,0000;Straż Graniczna
29.11.2024 14:30:00;Do RP;przejście;Nadbużański;PSG w Terespolu;Terespol – Brześć (drogowe);Białoruś;Papierosy;Papierosy;750,30;;szt.;920,0000;Straż Graniczna
29.11.2024 19:00:00;Do RP;przejście;Bieszczadzki;PSG w Krościenku;Krościenko – Smolnica (drogowe);Ukraina;Inne;inna/inne;;Prawo jazdy;szt.;1,0000;Straż Graniczna
30.11.2024 02:56:00;wewnątrz kraju;kraj;Nadbużański;PSG w Dorohusku;;wewnątrz kraju;Pojazdy;Naczepa;365000,00;SCHMITZ;szt.;1,0000;Policja | Policja | SG
30.11.2024 02:56:00;wewnątrz kraju;kraj;Nadbużański;PSG w Dorohusku;;wewnątrz kraju;Pojazdy;Naczepa;430000,00;SCHMITZ;szt.;1,0000;Policja | Policja | SG
30.11.2024 10:30:00;Do RP;przejście;Nadbużański;PSG w Terespolu;Terespol – Brześć (drogowe);Białoruś;Inne;inna/inne;5000,00;100szt. Artykułów kosmetycznych o wartości rynkowej 5000zł.;szt.;100,0000;Straż Graniczna
30.11.2024 10:45:00;Do RP;przejście;Nadbużański;PSG w Terespolu;Terespol – Brześć (drogowe);Białoruś;Papierosy;Papierosy;1304,86;wyroby tytoniowe bez polskich znaków skarbowych akcyzy w postaci papierosów w ilości 1600 sztuk o wartości 1304,86zł;szt.;1600,0000;KAS | SG
30.11.2024 10:45:00;Do RP;przejście;Nadbużański;PSG w Terespolu;Terespol – Brześć (drogowe);Białoruś;Inne;inna/inne;280,00;4 opakowania po 60 tabletek Leku „MILDRONAT” każda o gramaturze 500 mg o łącznej wartości 280zł;szt.;4,0000;KAS | SG
30.11.2024 12:40:00;Do RP;przejście;Bieszczadzki;PSG w Medyce;Medyka – Szeginie (drogowe);Ukraina;Papierosy;Papierosy;11,42;Malboro;szt.;14,0000;Straż Graniczna
30.11.2024 16:00:00;Z RP;przejście;Bieszczadzki;PSG w Medyce;Medyka – Szeginie (drogowe);Ukraina;Pojazdy;Osobowy;50000,00;Nissan qashqai;szt.;1,0000;Straż Graniczna
30.11.2024 21:30:00;Do RP;przejście;Nadbużański;PSG w Dołhobyczowie;Dołhobyczów – Uhrynów (drogowe);Ukraina;Papierosy;Papierosy;65,24;papierosy marki SOBRANIE;szt.;80,0000;Straż Graniczna
30.11.2024 21:30:00;Do RP;przejście;Nadbużański;PSG w Dołhobyczowie;Dołhobyczów – Uhrynów (drogowe);Ukraina;Inne;inna/inne;;cztery wietnamskie dokumenty paszportowe;szt.;4,0000;Straż Graniczna
30.11.2024 21:30:00;Do RP;przejście;Nadbużański;PSG w Dołhobyczowie;Dołhobyczów – Uhrynów (drogowe);Ukraina;Inne;inna/inne;;4 ukraińskie dokumenty pobytowe;szt.;4,0000;Straż Graniczna
30.11.2024 21:30:00;Do RP;przejście;Nadbużański;PSG w Dołhobyczowie;Dołhobyczów – Uhrynów (drogowe);Ukraina;Inne;inna/inne;;4 ukraińskie dokumenty ubezpieczenia;szt.;4,0000;Straż Graniczna
30.11.2024 23:06:00;Do RP;przejście;Nadbużański;PSG w Dorohusku;Dorohusk – Jagodzin (drogowe);Ukraina;Papierosy;Papierosy;97,86;wniosek nr 214;szt.;120,0000;Straż Graniczna
30.11.2024 23:15:00;Do RP;przejście;Nadbużański;PSG w Dorohusku;Dorohusk – Jagodzin (drogowe);Ukraina;Tytoń;Tytoń do palenia (wkłady);;wniosek nr 209;kg;0,0387;Straż Graniczna
30.11.2024 23:25:00;Do RP;przejście;Nadbużański;PSG w Dorohusku;Dorohusk – Jagodzin (drogowe);Ukraina;Papierosy;Papierosy;65,24;WNIOSEK NR 210;szt.;80,0000;Straż Graniczna
30.11.2024 23:30:00;Z RP;przejście;Nadbużański;PSG w Terespolu;Terespol – Brześć (drogowe);Białoruś;Pojazdy;Osobowy;75000,00;samochód osobowy marki TOYOTA;szt.;1,0000;Straż Graniczna
30.11.2024 23:30:00;Z RP;przejście;Nadbużański;PSG w Terespolu;Terespol – Brześć (drogowe);Białoruś;Inne;inna/inne;;Prawdopodobnie podrobione talice rejestracyjne;szt.;2,0000;Straż Graniczna
30.11.2024 23:35:00;Do RP;przejście;Nadbużański;PSG w Dorohusku;Dorohusk – Jagodzin (drogowe);Ukraina;Papierosy;Papierosy;48,93;WNIOSEK NR 211;szt.;60,0000;Straż Graniczna
30.11.2024 23:45:00;Do RP;przejście;Nadbużański;PSG w Dorohusku;Dorohusk – Jagodzin (drogowe);Ukraina;Papierosy;Papierosy;81,55;WNIOSEK NR 213;szt.;100,0000;Straż Graniczna
30.11.2024 23:55:00;Do RP;przejście;Nadbużański;PSG w Dorohusku;Dorohusk – Jagodzin (drogowe);Ukraina;Papierosy;Papierosy;146,80;WNIOSEK NR 212;szt.;180,0000;Straż Graniczna
01.12.2024 11:00:00;wewnątrz kraju;strefa;Podlaski;PSG w Kuźnicy;;Białoruś;Papierosy;Papierosy;24466,20;MIŃSK;szt.;30000,0000;Straż Graniczna
01.12.2024 21:55:00;Do RP;przejście;Nadbużański;PSG w Hrubieszowie;Zosin – Ustiług (drogowe);Ukraina;Papierosy;Papierosy;65,24;Lucky Strike;szt.;80,0000;Straż Graniczna
02.12.2024 12:30:00;Do RP;przejście;Karpacki;PSG w Krakowie-Balicach;Kraków-Balice (lotnicze);lotnicza;Narkotyki;Marihuana;2330010,00;;kg;51,7780;Straż Graniczna
02.12.2024 13:20:00;Z RP;przejście;Nadodrzański;PSG w Poznaniu-Ławicy;Poznań-Ławica (lotnicze);lotnicza;Amunicja;Ostra;1,00;9x19mm PFA;szt.;1,0000;Straż Graniczna
02.12.2024 14:30:00;wewnątrz kraju;strefa;Podlaski;PSG w Kuźnicy;;Białoruś;Papierosy;Papierosy;44039,16;;szt.;54000,0000;Straż Graniczna
02.12.2024 14:39:00;Do RP;przejście;Nadbużański;PSG w Dorohusku;Dorohusk – Jagodzin (drogowe);Ukraina;Papierosy;Papierosy;48,93;;szt.;60,0000;Straż Graniczna
02.12.2024 14:46:00;Do RP;przejście;Nadbużański;PSG w Dorohusku;Dorohusk – Jagodzin (drogowe);Ukraina;Papierosy;Papierosy;48,93;;szt.;60,0000;Straż Graniczna
02.12.2024 18:00:00;Z RP;przejście;Nadwiślański;PSG w Warszawie-Okęciu;Warszawa-Okęcie (lotnicze);lotnicza;Amunicja;inna/inne;;;szt.;1,0000;Straż Graniczna
02.12.2024 21:55:00;Do RP;przejście;Nadbużański;PSG w Terespolu;Terespol – Brześć (drogowe);Białoruś;Pojazdy;Osobowy;300000,00;model 540D, nr VIN: WBA51AH060CN28084, kolor szary, rok produkcji 2023;szt.;1,0000;Straż Graniczna
03.12.2024 14:30:00;Do RP;strefa;Nadodrzański;PSG w Świecku;;Niemcy;Pojazdy;Osobowy;150000,00;Ford Kuga;szt.;1,0000;Straż Graniczna
03.12.2024 15:10:00;Do RP;przejście;Nadbużański;PSG w Dołhobyczowie;Dołhobyczów – Uhrynów (drogowe);Ukraina;Papierosy;Papierosy;57,90;wniosek nr 42/2024;szt.;71,0000;Straż Graniczna
04.12.2024 02:50:00;Do RP;przejście;Nadbużański;PSG w Hrebennem;Hrebenne – Rawa Ruska (drogowe);Ukraina;Broń;inna/inne;30,00;kastet;szt.;1,0000;KAS
04.12.2024 04:00:00;Do RP;przejście;Nadbużański;PSG w Hrubieszowie;Zosin – Ustiług (drogowe);Ukraina;Papierosy;Papierosy;114,18;WINSTON;szt.;140,0000;Straż Graniczna
04.12.2024 06:02:00;wewnątrz kraju;kraj;Karpacki;Wydział Operacyjno-Śledczy;;wewnątrz kraju;Narkotyki;Marihuana;184,05;;kg;0,0041;Policja | SG | SG
04.12.2024 08:00:00;wewnątrz kraju;kraj;Nadbużański;PSG w Terespolu;;wewnątrz kraju;Pojazdy;Osobowy;53000,00;MAZDA;szt.;1,0000;Policja | SG
04.12.2024 08:00:00;wewnątrz kraju;kraj;Nadbużański;PSG w Terespolu;;wewnątrz kraju;Pojazdy;Osobowy;73000,00;KIA NIRO;szt.;1,0000;Policja | SG
04.12.2024 08:50:00;Z RP;przejście;Karpacki;PSG w Krakowie-Balicach;Kraków-Balice (lotnicze);lotnicza;Amunicja;Ostra;28,00;Amunicja;szt.;14,0000;Straż Graniczna
04.12.2024 09:40:00;do RP;przejście;Bieszczadzki;PSG w Rzeszowie–Jasionce;Rzeszów-Jasionka (lotnicze);lotnicza;Amunicja;Ostra;21,00;KALIBER 9X19;szt.;7,0000;Straż Graniczna
04.12.2024 10:00:00;wewnątrz kraju;kraj;Nadbużański;PSG w Hrubieszowie;;wewnątrz kraju;Pojazdy;Motocykl;65000,00;Honda CRF 1100 nr rej. LUB5S73, nr vin JH2SD08A4NK200960;szt.;1,0000;Policja | SG
04.12.2024 14:30:00;Do RP;strefa;Nadodrzański;PSG w Świecku;;Niemcy;Pojazdy;Osobowy;90000,00;Mazda CX5;szt.;1,0000;Straż Graniczna
04.12.2024 18:39:00;Do RP;przejście;Nadbużański;PSG w Terespolu;Terespol – Brześć (drogowe);Białoruś;Papierosy;Papierosy;815,54;;szt.;1000,0000;Straż Graniczna
04.12.2024 23:30:00;Do RP;przejście;Nadbużański;PSG w Dorohusku;Dorohusk – Jagodzin (drogowe);Ukraina;Papierosy;Papierosy;69,32;wniosek nr 216;szt.;85,0000;Straż Graniczna
04.12.2024 23:40:00;Do RP;przejście;Nadbużański;PSG w Dorohusku;Dorohusk – Jagodzin (drogowe);Ukraina;Papierosy;Papierosy;48,93;WNIOSEK NR 217;szt.;60,0000;Straż Graniczna
05.12.2024 04:00:00;wewnątrz kraju;strefa;Nadodrzański;PSG w Świecku;;Niemcy;Pojazdy;Osobowy;270000,00;PORSCHE CAYMAN;szt.;1,0000;Straż Graniczna
05.12.2024 07:00:00;wewnątrz kraju;kraj;Nadbużański;PSG w Terespolu;;wewnątrz kraju;Pojazdy;Osobowy;95000,00;KIA o nr rej. POTEX99, w którym  został przerobiony numer VIN KNAE351ADKS045450, rok produkcji 2019, wartość pojazdu 95 tys. zł.;szt.;1,0000;Policja | SG
05.12.2024 10:00:00;Do RP;strefa;Śląski;PSG w Katowicach-Pyrzowicach;;lotnicza;Narkotyki;Marihuana;112837,00;susz roślinny ;kg;2,2567;Straż Graniczna
05.12.2024 10:30:00;wewnątrz kraju;kraj;Warmińsko-Mazurski;PSG w Gołdapi;;wewnątrz kraju;Narkotyki;inna/inne;70000000,00;klefedron. ;kg;860,0000;Straż Graniczna
05.12.2024 17:46:00;Z RP;przejście;Nadwiślański;PSG w Warszawie-Okęciu;Warszawa-Okęcie (lotnicze);lotnicza;Narkotyki;Marihuana;270000,00;Marihuana;kg;6,0000;Straż Graniczna
05.12.2024 19:00:00;Do RP;przejście;Bieszczadzki;PSG w Korczowej;Korczowa – Krakowiec (drogowe);Ukraina;Papierosy;Papierosy;154,95;;szt.;190,0000;Straż Graniczna
06.12.2024 01:30:00;Do RP;przejście;Nadbużański;PSG w Hrubieszowie;Hrubieszów – Włodzimierz Wołyński (kolejowe);Ukraina;Papierosy;Papierosy;48932,40;;szt.;60000,0000;SC | SG
06.12.2024 08:00:00;Do RP;przejście;Nadbużański;PSG w Terespolu;Terespol – Brześć (drogowe);Białoruś;Papierosy;Papierosy;20959,38;W pojeździe marki BMW nr rej. 1573HT-4   ujawniono 25 600 sztuk papierosów bez polskich znaków akacyzy o wartości 20 877,82zł;szt.;25700,0000;KAS | SG
06.12.2024 08:00:00;Do RP;przejście;Nadbużański;PSG w Terespolu;Terespol – Brześć (drogowe);Białoruś;Papierosy;Papierosy;9819,10;w pojeździe marki Renault  nr rej. 0705HT-4 ujawniono 12 040 sztuk papierosów bez polskich znaków akacyzy o wartości 9819,10 zł;szt.;12040,0000;KAS | SG
06.12.2024 11:40:00;wewnątrz kraju;kraj;Śląski;PSG w Sosnowcu;;wewnątrz kraju;Narkotyki;Marihuana;1114,38;;kg;0,0248;Straż Graniczna
06.12.2024 23:00:00;Do RP;strefa;Nadodrzański;PSG w Świecku;;Niemcy;Pojazdy;Osobowy;90000,00;Hyundai Tucson;szt.;1,0000;Straż Graniczna
07.12.2024 01:30:00;wewnątrz kraju;strefa;Nadbużański;PSG w Terespolu;;Białoruś;Pojazdy;Osobowy;500000,00;MERCEDES-BENZ GLB 200 o nr rej. WE6EF40 , numer VIN W1N4M8HB6SW381663 , rok produkcji 2024, wartość pojazdu około 500 tys. zł.;szt.;1,0000;Policja | SG
07.12.2024 01:30:00;wewnątrz kraju;strefa;Nadbużański;PSG w Terespolu;;Białoruś;Pojazdy;Osobowy;500000,00;MERCEDES-BENZ GLB 200 o nr rej. WE6EF70 , numer VIN W1N4M8HB2SW381658  , rok produkcji 2024, wartość pojazdu około 500 tys. zł.;szt.;1,0000;Policja | SG
07.12.2024 08:40:00;Do RP;strefa;Nadodrzański;PSG w Świecku;;Niemcy;Narkotyki;inna/inne;3765,60;Metamfetamina;kg;0,0209;Straż Graniczna
07.12.2024 21:28:00;Do RP;przejście;Nadbużański;PSG w Dorohusku;Dorohusk – Jagodzin (drogowe);Ukraina;Papierosy;Papierosy;130,49;;szt.;160,0000;Straż Graniczna
07.12.2024 21:48:00;Do RP;przejście;Nadbużański;PSG w Dorohusku;Dorohusk – Jagodzin (drogowe);Ukraina;Papierosy;Papierosy;97,86;;szt.;120,0000;Straż Graniczna
07.12.2024 22:19:00;Do RP;przejście;Nadbużański;PSG w Dorohusku;Dorohusk – Jagodzin (drogowe);Ukraina;Papierosy;Papierosy;161,48;;szt.;198,0000;Straż Graniczna
07.12.2024 22:32:00;Do RP;przejście;Nadbużański;PSG w Dorohusku;Dorohusk – Jagodzin (drogowe);Ukraina;Papierosy;Papierosy;97,86;;szt.;120,0000;Straż Graniczna
07.12.2024 22:35:00;Do RP;przejście;Nadbużański;PSG w Dorohusku;Dorohusk – Jagodzin (drogowe);Ukraina;Papierosy;Papierosy;305,83;;szt.;375,0000;Straż Graniczna
07.12.2024 22:41:00;Do RP;przejście;Nadbużański;PSG w Dorohusku;Dorohusk – Jagodzin (drogowe);Ukraina;Papierosy;Papierosy;81,55;;szt.;100,0000;Straż Graniczna
07.12.2024 22:55:00;Do RP;przejście;Nadbużański;PSG w Dorohusku;Dorohusk – Jagodzin (drogowe);Ukraina;Papierosy;Papierosy;160,66;;szt.;197,0000;Straż Graniczna
07.12.2024 23:00:00;Do RP;przejście;Nadbużański;PSG w Dorohusku;Dorohusk – Jagodzin (drogowe);Ukraina;Papierosy;Papierosy;88,08;;szt.;108,0000;Straż Graniczna
08.12.2024 05:25:00;Do RP;przejście;Nadbużański;PSG w Terespolu;Terespol – Brześć (drogowe);Białoruś;Alkohol;Wódka;30,00;;litr;1,0000;KAS
08.12.2024 05:25:00;Do RP;przejście;Nadbużański;PSG w Terespolu;Terespol – Brześć (drogowe);Białoruś;Alkohol;Wódka;30,00;;litr;1,0000;KAS
08.12.2024 05:25:00;Do RP;przejście;Nadbużański;PSG w Terespolu;Terespol – Brześć (drogowe);Białoruś;Papierosy;Papierosy;140,27;;szt.;172,0000;KAS
08.12.2024 07:40:00;wewnątrz kraju;kraj;Nadodrzański;PSG we Wrocławiu-Strachowicach;;wewnątrz kraju;Papierosy;Papierosy;12722,42;;szt.;15600,0000;Straż Graniczna
08.12.2024 07:40:00;wewnątrz kraju;kraj;Nadodrzański;PSG we Wrocławiu-Strachowicach;;wewnątrz kraju;Tytoń;krajanka tytoniowa;6006,60;;kg;8,5000;Straż Graniczna
08.12.2024 13:30:00;wewnątrz kraju;strefa;Nadodrzański;PSG w Kłodzku;;Czechy;Papierosy;Papierosy;5708,78;Regina Red;szt.;7000,0000;Straż Graniczna
08.12.2024 15:50:00;Z RP;przejście;Nadwiślański;PSG w Bydgoszczy;Bydgoszcz (lotnicze);lotnicza;Broń;Palna;;zabytkowy pistolet sygnałowy (rakietnica);szt.;1,0000;Straż Graniczna
08.12.2024 22:35:00;Z RP;przejście;Bieszczadzki;PSG w Medyce;Medyka – Szeginie (drogowe);Ukraina;Amunicja;inna/inne;4,00;Oznaczenie LC 13;szt.;2,0000;Straż Graniczna
09.12.2024 02:53:00;wewnątrz kraju;strefa;Bieszczadzki;PSG w Medyce;;Ukraina;Amunicja;inna/inne;8,00;oznaczenie LC22;szt.;1,0000;Straż Graniczna
09.12.2024 08:00:00;wewnątrz kraju;kraj;Nadbużański;PSG w Terespolu;;wewnątrz kraju;Pojazdy;Osobowy;120000,00;Toyota RAV-4;szt.;1,0000;Policja | Policja | Policja | SG
09.12.2024 10:00:00;Z RP;przejście;Bieszczadzki;PSG w Korczowej;Korczowa – Krakowiec (drogowe);Ukraina;Inne;inna/inne;;Buty - prawodpodobnie wykonane ze skóry foki;szt.;1,0000;Straż Graniczna
09.12.2024 10:55:00;wewnątrz kraju;strefa;Podlaski;PSG w Czeremsze;;Białoruś;Pojazdy;Osobowy;400000,00;;szt.;2,0000;Straż Graniczna
09.12.2024 14:15:00;wewnątrz kraju;strefa;Podlaski;PSG w Kuźnicy;;Białoruś;Papierosy;Papierosy;24466,20;;szt.;30000,0000;Straż Graniczna
09.12.2024 14:54:00;wewnątrz kraju;kraj;Karpacki;Wydział Operacyjno-Śledczy;;wewnątrz kraju;Pojazdy;Osobowy;45000,00;Land Rover Defener;szt.;1,0000;Policja | SG
09.12.2024 21:00:00;Z RP;przejście;Karpacki;PSG w Krakowie-Balicach;Kraków-Balice (lotnicze);lotnicza;Amunicja;Ostra;4,00;;szt.;1,0000;Straż Graniczna
10.12.2024 01:00:00;wewnątrz kraju;strefa;Podlaski;PSG w Kuźnicy;;Białoruś;Papierosy;Papierosy;21954,34;;szt.;26920,0000;Straż Graniczna
10.12.2024 06:00:00;Z RP;przejście;Bieszczadzki;PSG w Korczowej;Korczowa – Krakowiec (drogowe);Ukraina;Pojazdy;inna/inne;2500,00;"Urządzenie transportu osobistego typu ""SEGWAY""";szt.;1,0000;Straż Graniczna
10.12.2024 07:30:00;wewnątrz kraju;kraj;Podlaski;PSG w Rutce-Tartak;;wewnątrz kraju;Papierosy;Papierosy;220456,77;MINSK SUPERSLIMS, NZ GOLD, QUEEN MENTHOL, akcyza Białoruska;szt.;270320,0000;Straż Graniczna
10.12.2024 07:43:00;wewnątrz kraju;strefa;Podlaski;PSG w Lipsku;;Białoruś;Papierosy;Papierosy;8155,40;NZ;szt.;10000,0000;Straż Graniczna
10.12.2024 07:43:00;wewnątrz kraju;strefa;Podlaski;PSG w Lipsku;;Białoruś;Papierosy;Papierosy;12233,10;Queen;szt.;15000,0000;Straż Graniczna
10.12.2024 13:40:00;wewnątrz kraju;kraj;Karpacki;PSG w Tarnowie;;wewnątrz kraju;Tytoń;krajanka tytoniowa;9786,48;;kg;12,0000;Straż Graniczna
10.12.2024 15:20:00;wewnątrz kraju;kraj;Podlaski;PSG w Augustowie;;wewnątrz kraju;Papierosy;Papierosy;16522,84;;szt.;20260,0000;KAS | SG
11.12.2024 09:20:00;Do RP;przejście;Nadbużański;PSG w Dorohusku;Dorohusk – Jagodzin (drogowe);Ukraina;Papierosy;Papierosy;130,49;wniosek nr 225;szt.;160,0000;Straż Graniczna
11.12.2024 09:30:00;Do RP;przejście;Nadbużański;PSG w Dorohusku;Dorohusk – Jagodzin (drogowe);Ukraina;Papierosy;Papierosy;48,93;WNIOSEK NR 226;szt.;60,0000;Straż Graniczna
11.12.2024 09:40:00;Do RP;przejście;Nadbużański;PSG w Dorohusku;Dorohusk – Jagodzin (drogowe);Ukraina;Papierosy;Papierosy;44,85;WNIOSEK NR 227;szt.;55,0000;Straż Graniczna
11.12.2024 09:45:00;Do RP;przejście;Nadbużański;PSG w Dorohusku;Dorohusk – Jagodzin (drogowe);Ukraina;Papierosy;Papierosy;65,24;WNIOSEK NR 228;szt.;80,0000;Straż Graniczna
11.12.2024 11:00:00;wewnątrz kraju;kraj;Nadbużański;PSG w Hrubieszowie;;wewnątrz kraju;Pojazdy;Osobowy;110000,00;Mercedes A180D rok produkcji 2022;szt.;1,0000;Policja | SG
11.12.2024 13:00:00;wewnątrz kraju;kraj;Nadbużański;PSG w Terespolu;;wewnątrz kraju;Pojazdy;Osobowy;80000,00;MAZDA CX5;szt.;1,0000;Policja | Policja
11.12.2024 14:00:00;wewnątrz kraju;kraj;Bieszczadzki;Wydział Operacyjno-Śledczy;;wewnątrz kraju;Tytoń;susz tytoniowy;5710217,00;;kg;8640,0000;SC | SG
11.12.2024 17:25:00;Z RP;przejście;Bieszczadzki;PSG w Medyce;Medyka – Szeginie (drogowe);Ukraina;Inne;inna/inne;3000,00;część do pojazdu - leflektor;szt.;1,0000;Straż Graniczna
11.12.2024 22:30:00;Do RP;przejście;Nadbużański;PSG w Dorohusku;Dorohusk – Jagodzin (drogowe);Ukraina;Papierosy;Papierosy;244,66;;szt.;300,0000;Straż Graniczna
11.12.2024 22:42:00;Do RP;przejście;Nadbużański;PSG w Dorohusku;Dorohusk – Jagodzin (drogowe);Ukraina;Papierosy;Papierosy;81,55;;szt.;100,0000;Straż Graniczna
12.12.2024 00:05:00;Do RP;przejście;Nadbużański;PSG w Dorohusku;Dorohusk – Jagodzin (drogowe);Ukraina;Papierosy;Papierosy;112,54;;szt.;138,0000;Straż Graniczna
12.12.2024 07:00:00;wewnątrz kraju;kraj;Nadbużański;PSG w Hrubieszowie;;wewnątrz kraju;Pojazdy;Motocykl;45000,00;kawasaki z900;szt.;1,0000;Policja | SG
12.12.2024 07:00:00;wewnątrz kraju;kraj;Nadbużański;PSG w Hrubieszowie;;wewnątrz kraju;Pojazdy;Motocykl;25000,00;Yamaha MT125;szt.;1,0000;Policja | SG
12.12.2024 15:00:00;Do RP;przejście;Nadbużański;PSG w Hrebennem;Hrebenne – Rawa Ruska (drogowe);Ukraina;Inne;inna/inne;168,00;produkty pochodzenia zwierzęcego;kg;5,6000;KAS | SG
12.12.2024 15:00:00;Do RP;przejście;Nadbużański;PSG w Hrebennem;Hrebenne – Rawa Ruska (drogowe);Ukraina;Inne;inna/inne;222,00;produkty pochodzenia zwierzęcego;kg;7,4000;KAS | SG
12.12.2024 15:00:00;Do RP;przejście;Nadbużański;PSG w Hrebennem;Hrebenne – Rawa Ruska (drogowe);Ukraina;Inne;inna/inne;266,80;olej napędowy;litr;40,0000;KAS | SG
12.12.2024 16:40:00;Do RP;przejście;Nadbużański;PSG w Terespolu;Terespol – Brześć (drogowe);Białoruś;Papierosy;Papierosy;16310,80;PAPIEROSY 1000 PACZEK ;szt.;20000,0000;KAS | SG
12.12.2024 18:50:00;Do RP;przejście;Nadbużański;PSG w Dołhobyczowie;Dołhobyczów – Uhrynów (drogowe);Ukraina;Papierosy;Papierosy;10,60;;szt.;13,0000;Straż Graniczna
12.12.2024 22:10:00;Do RP;przejście;Nadbużański;PSG w Dorohusku;Dorohusk – Jagodzin (drogowe);Ukraina;Papierosy;Papierosy;64,43;WNIOSEK NR 232;szt.;79,0000;Straż Graniczna
13.12.2024 02:25:00;Z RP;przejście;Nadbużański;PSG w Hrebennem;Hrebenne – Rawa Ruska (drogowe);Ukraina;Broń;inna/inne;50,00;broń białą w postaci pałki teleskopowej;szt.;1,0000;Straż Graniczna
13.12.2024 05:30:00;wewnątrz kraju;strefa;Nadbużański;PSG w Terespolu;;Białoruś;Pojazdy;Naczepa;115290,00;KRONE VIN: WKESD000000997268;szt.;1,0000;Policja | SG
13.12.2024 05:30:00;wewnątrz kraju;strefa;Nadbużański;PSG w Terespolu;;Białoruś;Pojazdy;Naczepa;204960,00;SCHMITZ VIN: WSM00000005280609;szt.;1,0000;Policja | SG
13.12.2024 05:30:00;wewnątrz kraju;strefa;Nadbużański;PSG w Terespolu;;Białoruś;Pojazdy;Naczepa;343000,00;KRONE VIN: WKESD000001059777;szt.;1,0000;Policja | SG
13.12.2024 05:30:00;wewnątrz kraju;strefa;Nadbużański;PSG w Terespolu;;Białoruś;Inne;inna/inne;51240,02;wyroby drewniane i blacha na pokrycia dachowe na paletach;szt.;13,0000;Policja | SG
13.12.2024 07:10:00;Z RP;przejście;Nadbużański;PSG w Hrebennem;Hrebenne – Rawa Ruska (drogowe);Ukraina;Pojazdy;inna/inne;6000,00;dwa rowery  marki VICTORIA kolor -SZARY, NR: M4E3CB848;szt.;2,0000;Straż Graniczna
13.12.2024 08:40:00;wewnątrz kraju;kraj;Warmińsko-Mazurski;PSG w Grzechotkach;;wewnątrz kraju;Papierosy;Papierosy;2609,73;;szt.;3200,0000;Straż Graniczna
13.12.2024 08:50:00;wewnątrz kraju;kraj;Warmińsko-Mazurski;PSG w Grzechotkach;;wewnątrz kraju;Papierosy;Papierosy;1223,31;;szt.;1500,0000;Straż Graniczna
13.12.2024 10:50:00;Do RP;strefa;Nadodrzański;PSG w Świecku;;Niemcy;Narkotyki;Marihuana;225,00;;kg;0,0050;Straż Graniczna
13.12.2024 12:10:00;wewnątrz kraju;strefa;Bieszczadzki;PSG w Krościenku;;Ukraina;Alkohol;Wódka;160,00;;litr;4,0000;Straż Graniczna
13.12.2024 13:50:00;wewnątrz kraju;kraj;Nadbużański;Wydział Operacyjno-Śledczy;;wewnątrz kraju;Papierosy;Papierosy;277283,60;;szt.;340000,0000;SC | SG
13.12.2024 16:00:00;Z RP;przejście;Bieszczadzki;PSG w Korczowej;Korczowa – Krakowiec (drogowe);Ukraina;Pojazdy;Osobowy;80000,00;Mercedes CLS 350;szt.;1,0000;Straż Graniczna
13.12.2024 20:15:00;Do RP;przejście;Nadbużański;PSG w Terespolu;Terespol – Brześć (drogowe);Białoruś;Papierosy;Papierosy;81554,00;;szt.;100000,0000;KAS
14.12.2024 07:00:00;Do RP;przejście;Nadbużański;PSG w Terespolu;Terespol – Brześć (drogowe);Białoruś;Papierosy;Papierosy;750,30;;szt.;920,0000;KAS | SG
14.12.2024 08:30:00;wewnątrz kraju;kraj;Morski;PSG w Szczecinie;;wewnątrz kraju;Pojazdy;Osobowy;;;szt.;7,0000;Straż Graniczna
14.12.2024 08:35:00;Z RP;przejście;Karpacki;PSG w Krakowie-Balicach;Kraków-Balice (lotnicze);lotnicza;Amunicja;Ostra;22,50;CBC 23 L31A1;szt.;15,0000;Straż Graniczna
14.12.2024 12:00:00;Z RP;przejście;Nadbużański;PSG w Terespolu;Kukuryki – Kozłowiczy (drogowe);Białoruś;Pojazdy;Naczepa;150000,00;Naczepa marki SCHMITZ;szt.;1,0000;Straż Graniczna
15.12.2024 09:20:00;wewnątrz kraju;strefa;Nadbużański;PSG w Chłopiatynie;;Ukraina;Pojazdy;Ciężarowy;80000,00;;szt.;1,0000;Straż Graniczna
15.12.2024 12:52:00;Do RP;przejście;Bieszczadzki;PSG w Medyce;Medyka – Szeginie (drogowe);Ukraina;Narkotyki;Marihuana;335,23;;kg;0,0048;Straż Graniczna
15.12.2024 18:25:00;Z RP;przejście;Nadbużański;PSG w Hrubieszowie;Zosin – Ustiług (drogowe);Ukraina;Inne;Podzespoły samochodowe;5000,00;;szt.;1,0000;Straż Graniczna
16.12.2024 06:20:00;Do RP;przejście;Nadbużański;PSG w Terespolu;Terespol – Brześć (drogowe);Białoruś;Papierosy;Papierosy;160,66;;szt.;197,0000;Straż Graniczna
16.12.2024 08:15:00;wewnątrz kraju;strefa;Bieszczadzki;PSG w Lubaczowie;;Ukraina;Papierosy;Papierosy;326,22;COMPLIMENT;szt.;400,0000;Straż Graniczna
16.12.2024 09:15:00;wewnątrz kraju;kraj;Nadbużański;PSG w Lublinie;;wewnątrz kraju;Papierosy;Papierosy;53874,57;;szt.;66060,0000;Straż Graniczna
16.12.2024 09:15:00;wewnątrz kraju;kraj;Nadbużański;PSG w Lublinie;;wewnątrz kraju;Tytoń;krajanka tytoniowa;67569,81;;kg;115,5000;Straż Graniczna
16.12.2024 09:15:00;wewnątrz kraju;kraj;Nadbużański;PSG w Lublinie;;wewnątrz kraju;Narkotyki;Marihuana;26,55;;kg;0,0006;Straż Graniczna
16.12.2024 09:15:00;wewnątrz kraju;kraj;Nadbużański;PSG w Lublinie;;wewnątrz kraju;Inne;inna/inne;;Elementy lini produkcyjnej papierosów tj. maszynę HUZARK, 2 sprężarki TARGEO, maszynę do foliowania, pakowarkę do paczek papierosowych, rozdrabniarkę do krajanki tytoniowej.;szt.;6,0000;Straż Graniczna
16.12.2024 10:00:00;Do RP;przejście;Bieszczadzki;PSG w Korczowej;Korczowa – Krakowiec (drogowe);Ukraina;Amunicja;Ostra;20,00;;szt.;8,0000;Straż Graniczna
16.12.2024 15:00:00;wewnątrz kraju;kraj;Śląski;PSG w Sosnowcu;;wewnątrz kraju;Tytoń;krajanka tytoniowa;2916,91;;kg;4,9860;Straż Graniczna
16.12.2024 15:30:00;wewnątrz kraju;kraj;Bieszczadzki;PSG w Rzeszowie–Jasionce;Rzeszów-Jasionka (lotnicze);wewnątrz kraju;Amunicja;Ostra;3,00;S&B 9x19 24;szt.;1,0000;Straż Graniczna
16.12.2024 15:40:00;Do RP;przejście;Nadbużański;PSG w Dorohusku;Dorohusk – Jagodzin (drogowe);Ukraina;Papierosy;Papierosy;163,11;;szt.;200,0000;KAS | SG
16.12.2024 17:27:00;wewnątrz kraju;kraj;Morski;PSG w Elblągu;;wewnątrz kraju;Papierosy;Papierosy;163108,00;NZ, MIŃSK ;szt.;200000,0000;Straż Graniczna
16.12.2024 17:27:00;wewnątrz kraju;kraj;Morski;PSG w Elblągu;;wewnątrz kraju;Inne;inna/inne;;Perfumy różnych marek;szt.;289,0000;Straż Graniczna
16.12.2024 17:27:00;wewnątrz kraju;kraj;Morski;PSG w Elblągu;;wewnątrz kraju;Waluta;Złoty - PLN;41000,00;;szt.;410,0000;Straż Graniczna
16.12.2024 17:27:00;wewnątrz kraju;kraj;Morski;PSG w Elblągu;;wewnątrz kraju;Narkotyki;Marihuana;;zawiniątko suszu roślinnego ;kg;0,0000;Straż Graniczna
16.12.2024 17:27:00;wewnątrz kraju;kraj;Morski;PSG w Elblągu;;wewnątrz kraju;Narkotyki;Amfetamina;;zawiniątko z białym proszkiem ;kg;0,0000;Straż Graniczna
16.12.2024 17:27:00;wewnątrz kraju;kraj;Morski;PSG w Elblągu;;wewnątrz kraju;Zabytki;inna/inne;;27 monet 1 dolarowych z XIX w. ;szt.;27,0000;Straż Graniczna
16.12.2024 17:27:00;wewnątrz kraju;kraj;Morski;PSG w Elblągu;;wewnątrz kraju;Waluta;Złoty - PLN;23000,00;;szt.;230,0000;Straż Graniczna
16.12.2024 17:27:00;wewnątrz kraju;kraj;Morski;PSG w Elblągu;;wewnątrz kraju;Tytoń;krajanka tytoniowa;;worek jutowy wypełniony w 1/3 krajanka tytoniową ;kg;0,0000;Straż Graniczna
16.12.2024 17:27:00;wewnątrz kraju;kraj;Morski;PSG w Elblągu;;wewnątrz kraju;Inne;inna/inne;;telefony komórkowe ;szt.;5,0000;Straż Graniczna
16.12.2024 23:30:00;Do RP;przejście;Nadbużański;PSG w Hrubieszowie;Zosin – Ustiług (drogowe);Ukraina;Pojazdy;Osobowy;80000,00;AUDI Q5 2014r. kolor czerwony;szt.;1,0000;Straż Graniczna
17.12.2024 22:50:00;wewnątrz kraju;kraj;Śląski;PSG w Katowicach-Pyrzowicach;;wewnątrz kraju;Narkotyki;Marihuana;136,65;susz roślinny zawierający THC;kg;0,0027;Straż Graniczna
18.12.2024 00:30:00;Do RP;przejście;Bieszczadzki;PSG w Korczowej;Korczowa – Krakowiec (drogowe);Ukraina;Broń;inna/inne;2782,00;Pistolet hukowy PSM-R ;szt.;1,0000;Straż Graniczna
18.12.2024 00:30:00;Do RP;przejście;Bieszczadzki;PSG w Korczowej;Korczowa – Krakowiec (drogowe);Ukraina;Amunicja;inna/inne;18,00;6 sztuk amunicji hukowej 9mm;szt.;6,0000;Straż Graniczna
18.12.2024 10:00:00;Do RP;przejście;Nadbużański;PSG w Terespolu;Terespol – Brześć (drogowe);Białoruś;Papierosy;Papierosy;97,86;wyroby bez polskich znaków akcyzy: 120 sztuk papierosów o wartości 97,86 zł;szt.;120,0000;Straż Graniczna
18.12.2024 12:30:00;Z RP;przejście;Bieszczadzki;PSG w Korczowej;Korczowa – Krakowiec (drogowe);Ukraina;Pojazdy;Osobowy;120000,00;Mercedes  Sprinter;szt.;1,0000;Straż Graniczna
18.12.2024 14:48:00;wewnątrz kraju;kraj;Bieszczadzki;Wydział Operacyjno-Śledczy;;wewnątrz kraju;Pojazdy;Osobowy;20000,00;Renault Kangoo,2015 rok produkcji,;szt.;1,0000;Policja | SG
18.12.2024 14:48:00;wewnątrz kraju;kraj;Bieszczadzki;Wydział Operacyjno-Śledczy;;wewnątrz kraju;Pojazdy;Osobowy;40000,00;Mercedes-Benz,2013 rok produkcji,;szt.;1,0000;Policja | SG
19.12.2024 09:00:00;Do RP;przejście;Bieszczadzki;PSG w Medyce;Medyka – Szeginie (drogowe);Ukraina;Papierosy;Papierosy;101,94;;szt.;125,0000;Straż Graniczna
19.12.2024 16:37:00;wewnątrz kraju;kraj;Nadbużański;Wydział Operacyjno-Śledczy;;wewnątrz kraju;Tytoń;krajanka tytoniowa;1748925,53;;kg;2144,5000;Policja | SG
19.12.2024 20:00:00;Do RP;strefa;Nadodrzański;PSG w Świecku;;Niemcy;Pojazdy;Osobowy;160000,00;KIA;szt.;1,0000;Straż Graniczna
20.12.2024 10:40:00;Do RP;przejście;Bieszczadzki;PSG w Medyce;Medyka – Szeginie (drogowe);Ukraina;Papierosy;Papierosy;130,49;Marka - Rothmans;szt.;160,0000;Straż Graniczna
20.12.2024 11:15:00;wewnątrz kraju;kraj;Nadodrzański;PSG w Jeleniej Górze;;wewnątrz kraju;Tytoń;susz tytoniowy;115395,20;;kg;197,2500;Straż Graniczna
20.12.2024 11:15:00;wewnątrz kraju;kraj;Nadodrzański;PSG w Jeleniej Górze;;wewnątrz kraju;Tytoń;krajanka tytoniowa;3914,59;;kg;4,8000;Straż Graniczna
20.12.2024 11:52:00;Z RP;przejście;Bieszczadzki;PSG w Medyce;Medyka – Szeginie (drogowe);Ukraina;Inne;inna/inne;1000,00;Rower;szt.;1,0000;Straż Graniczna
20.12.2024 13:33:00;wewnątrz kraju;kraj;Śląski;PSG w Rudzie Śląskiej;;wewnątrz kraju;Tytoń;krajanka tytoniowa;5206,68;;kg;8,9000;Straż Graniczna
20.12.2024 15:05:00;wewnątrz kraju;strefa;Nadbużański;PSG w Białej Podlaskiej;;Białoruś;Narkotyki;Haszysz;156,15;;kg;0,0052;Straż Graniczna
21.12.2024 01:30:00;Do RP;przejście;Warmińsko-Mazurski;PSG w Grzechotkach;Grzechotki – Mamonowo II (drogowe);Rosja;Inne;inna/inne;;Łuski;szt.;783,0000;SC | SG
21.12.2024 01:30:00;Do RP;przejście;Warmińsko-Mazurski;PSG w Grzechotkach;Grzechotki – Mamonowo II (drogowe);Rosja;Inne;inna/inne;;Pociski;szt.;180,0000;SC | SG
21.12.2024 03:50:00;Do RP;przejście;Nadbużański;PSG w Terespolu;Terespol – Brześć (drogowe);Białoruś;Papierosy;Papierosy;3115,36;;szt.;3820,0000;Straż Graniczna
21.12.2024 09:55:00;wewnątrz kraju;kraj;Bieszczadzki;PSG w Rzeszowie–Jasionce;;wewnątrz kraju;Papierosy;Papierosy;33371,90;;szt.;40920,0000;Straż Graniczna
21.12.2024 09:55:00;wewnątrz kraju;kraj;Bieszczadzki;PSG w Rzeszowie–Jasionce;;wewnątrz kraju;Tytoń;susz tytoniowy;10495,26;;kg;17,9400;Straż Graniczna
21.12.2024 10:04:00;Z RP;przejście;Bieszczadzki;PSG w Korczowej;Korczowa – Krakowiec (drogowe);Ukraina;Pojazdy;Osobowy;180000,00;;szt.;1,0000;Straż Graniczna
21.12.2024 11:45:00;Z RP;strefa;Śląski;PSG w Katowicach-Pyrzowicach;;lotnicza;Amunicja;Ostra;5,00;"Przedmiot przypominający amunicję z napisem na spodzie łuski ,,28/38""";szt.;1,0000;Straż Graniczna
21.12.2024 23:30:00;Do RP;przejście;Bieszczadzki;PSG w Korczowej;Korczowa – Krakowiec (drogowe);Ukraina;Amunicja;Ostra;4,00;;szt.;2,0000;Straż Graniczna
22.12.2024 00:44:00;Do RP;przejście;Nadbużański;PSG w Dołhobyczowie;Dołhobyczów – Uhrynów (drogowe);Ukraina;Broń;inna/inne;50,00;pałka wykonana z drewna imitująca kij baseballowy ;szt.;1,0000;Straż Graniczna
22.12.2024 13:26:00;Z RP;przejście;Bieszczadzki;PSG w Korczowej;Korczowa – Krakowiec (drogowe);Ukraina;Pojazdy;Ciężarowy;80000,00;MAN TGX 18.280, nr. rej: RZ460AP, nr. VIN: VK1S338RHPF301191, koloru białego, rok prod. 2015, nr. vin ;szt.;1,0000;Straż Graniczna
22.12.2024 16:10:00;Z RP;przejście;Bieszczadzki;PSG w Korczowej;Korczowa – Krakowiec (drogowe);Ukraina;Pojazdy;Osobowy;70000,00;Toyota Land Cruiser rok produkcji 2010, nr. rej: AX2685KC, nr. VIN: JTEBU3FJ70K012709;szt.;1,0000;Straż Graniczna
22.12.2024 21:40:00;Z RP;przejście;Bieszczadzki;PSG w Korczowej;Korczowa – Krakowiec (drogowe);Ukraina;Pojazdy;Osobowy;7500,00;Renault Master rok produkcji 2000, nr. rej SMY02265, nr. VIN VF1FDBEH523193585;szt.;1,0000;Straż Graniczna
23.12.2024 05:11:00;Do RP;przejście;Bieszczadzki;PSG w Medyce;Medyka – Szeginie (drogowe);Ukraina;Broń;inna/inne;100,00;broń biała- kastet;szt.;1,0000;Straż Graniczna
23.12.2024 15:47:00;wewnątrz kraju;kraj;Bieszczadzki;Wydział Operacyjno-Śledczy;;wewnątrz kraju;Pojazdy;inna/inne;141625,00;Przyczepa kempingowa marki BAILEY;szt.;1,0000;Straż Graniczna
23.12.2024 23:30:00;Z RP;przejście;Nadbużański;PSG w Hrebennem;Hrebenne – Rawa Ruska (drogowe);Ukraina;Pojazdy;Osobowy;60000,00;;szt.;1,0000;Straż Graniczna
24.12.2024 00:10:00;Z RP;przejście;Bieszczadzki;PSG w Medyce;Medyka – Szeginie (drogowe);Ukraina;Pojazdy;Osobowy;60000,00;;szt.;1,0000;Straż Graniczna
24.12.2024 03:15:00;Z RP;przejście;Bieszczadzki;PSG w Medyce;Medyka – Szeginie (drogowe);Ukraina;Pojazdy;Osobowy;95000,00;volkswagen TIGUAN;szt.;1,0000;Straż Graniczna
24.12.2024 22:50:00;Do RP;przejście;Nadbużański;PSG w Dorohusku;Dorohusk – Jagodzin (drogowe);Ukraina;Papierosy;Papierosy;108,47;WNIOSEK NR 236;szt.;133,0000;Straż Graniczna
24.12.2024 23:00:00;Do RP;przejście;Nadbużański;PSG w Dorohusku;Dorohusk – Jagodzin (drogowe);Ukraina;Papierosy;Papierosy;505,63;WNIOSEK NR 237;szt.;620,0000;Straż Graniczna
24.12.2024 23:10:00;Do RP;przejście;Nadbużański;PSG w Dorohusku;Dorohusk – Jagodzin (drogowe);Ukraina;Papierosy;Papierosy;130,49;WNIOSEK NR 238;szt.;160,0000;Straż Graniczna
24.12.2024 23:20:00;Do RP;przejście;Nadbużański;PSG w Dorohusku;Dorohusk – Jagodzin (drogowe);Ukraina;Papierosy;Papierosy;114,18;WNIOSEK NR 239;szt.;140,0000;Straż Graniczna
25.12.2024 00:34:00;Do RP;przejście;Nadbużański;PSG w Dorohusku;Dorohusk – Jagodzin (drogowe);Ukraina;Amunicja;Ostra;15,00;amunicja karabinowa;szt.;5,0000;SC | SG
26.12.2024 01:35:00;Z RP;przejście;Nadbużański;PSG w Dołhobyczowie;Dołhobyczów – Uhrynów (drogowe);Ukraina;Inne;inna/inne;800,00;wypchany krokodyl;szt.;1,0000;Straż Graniczna
26.12.2024 01:35:00;Z RP;przejście;Nadbużański;PSG w Dołhobyczowie;Dołhobyczów – Uhrynów (drogowe);Ukraina;Inne;inna/inne;1080,00;głowa krokodyla;szt.;1,0000;Straż Graniczna
26.12.2024 01:35:00;Z RP;przejście;Nadbużański;PSG w Dołhobyczowie;Dołhobyczów – Uhrynów (drogowe);Ukraina;Inne;inna/inne;200,00;zęby zwierzęce;szt.;2,0000;Straż Graniczna
26.12.2024 07:00:00;Z RP;przejście;Nadodrzański;PSG w Poznaniu-Ławicy;Poznań-Ławica (lotnicze);lotnicza;Broń;inna/inne;80,00;pałka teleskopowa;szt.;1,0000;Straż Graniczna
26.12.2024 08:00:00;Z RP;przejście;Karpacki;PSG w Krakowie-Balicach;Kraków-Balice (lotnicze);lotnicza;Amunicja;Ostra;3,00;1 szt. oznaczenie na denku CBC 13 (7,62) ;szt.;1,0000;Straż Graniczna
26.12.2024 08:00:00;Z RP;przejście;Karpacki;PSG w Krakowie-Balicach;Kraków-Balice (lotnicze);lotnicza;Amunicja;Ostra;5,00;oznaczenie na denku 270 93 (5,56);szt.;1,0000;Straż Graniczna
26.12.2024 11:10:00;Z RP;przejście;Bieszczadzki;PSG w Korczowej;Korczowa – Krakowiec (drogowe);Ukraina;Pojazdy;inna/inne;150000,00;AUTOBUS (MIKROBUS) MERCEDES SPRINTER,  R. PROK 2014, NR. REJ BK1687EX, NR. VIN: WDB9066571S991354;szt.;1,0000;Straż Graniczna
26.12.2024 18:30:00;Do RP;przejście;Nadbużański;PSG w Terespolu;Terespol – Brześć (drogowe);Białoruś;Tytoń;Tytoń do palenia;25,27;WYROBY NOWATORSKIE;kg;0,0432;Straż Graniczna
26.12.2024 19:20:00;Z RP;przejście;Nadbużański;PSG w Hrebennem;Hrebenne – Rawa Ruska (drogowe);Ukraina;Pojazdy;Osobowy;90000,00;Jeep Grand Cherokee, nr rej. WRA2894J,  nr. VIN 1C4RJFJM0FC865048, rok produkcji 2015, kolor zielony.;szt.;1,0000;Straż Graniczna
26.12.2024 22:11:00;Do RP;przejście;Nadbużański;PSG w Terespolu;Terespol – Brześć (drogowe);Białoruś;Papierosy;Papierosy;29,36;;szt.;36,0000;Straż Graniczna
26.12.2024 22:11:00;Do RP;przejście;Nadbużański;PSG w Terespolu;Terespol – Brześć (drogowe);Białoruś;Alkohol;inna/inne;60,00;wódka ;litr;1,5000;Straż Graniczna
27.12.2024 05:21:00;Z RP;przejście;Śląski;PSG w Katowicach-Pyrzowicach;Katowice-Pyrzowice (lotnicze);lotnicza;Amunicja;Ostra;1,00;"napis na denku łuski ""G.F.L. 9mm LUGER""";szt.;1,0000;Straż Graniczna
27.12.2024 11:05:00;wewnątrz kraju;strefa;Podlaski;PSG w Kuźnicy;;Białoruś;Papierosy;Papierosy;24466,20;;szt.;30000,0000;Straż Graniczna
27.12.2024 12:00:00;Do RP;przejście;Nadbużański;PSG w Hrebennem;Hrebenne – Rawa Ruska (drogowe);Ukraina;Alkohol;Wódka;105,00;Uszczuplenia celne 42 zł.;litr;3,0000;KAS | SG
27.12.2024 12:00:00;Do RP;przejście;Nadbużański;PSG w Hrebennem;Hrebenne – Rawa Ruska (drogowe);Ukraina;Alkohol;Wódka;154,00;Uszczuplenia celen 59 zł.;litr;4,4000;KAS | SG
27.12.2024 20:20:00;Do RP;przejście;Karpacki;PSG w Krakowie-Balicach;Kraków-Balice (lotnicze);lotnicza;Narkotyki;Marihuana;;;kg;0,0025;Straż Graniczna
27.12.2024 21:00:00;Do RP;przejście;Nadbużański;PSG w Terespolu;Terespol – Brześć (drogowe);Białoruś;Inne;inna/inne;86,00;wyroby pochodzenia zwierzęcego;kg;4,3000;KAS | SG
28.12.2024 00:40:00;Do RP;przejście;Nadbużański;PSG w Hrubieszowie;Zosin – Ustiług (drogowe);Ukraina;Płyn do e-papierosów;Płyn do e-papierosów;73,00;Liquid do e- papierosów;litr;0,1920;SC
28.12.2024 19:39:00;Z RP;przejście;Nadwiślański;PSG w Warszawie-Okęciu;Warszawa-Okęcie (lotnicze);lotnicza;Amunicja;Ostra;;LC 223 REM;szt.;1,0000;Straż Graniczna
29.12.2024 00:10:00;Z RP;przejście;Bieszczadzki;PSG w Korczowej;Korczowa – Krakowiec (drogowe);Ukraina;Inne;Podzespoły samochodowe;11600,00;;szt.;16,0000;Straż Graniczna
29.12.2024 04:30:00;Z RP;przejście;Nadodrzański;PSG w Poznaniu-Ławicy;Poznań-Ławica (lotnicze);lotnicza;Amunicja;Ostra;2,00;9x19 Parabellum;szt.;1,0000;Straż Graniczna
29.12.2024 14:36:00;Z RP;przejście;Bieszczadzki;PSG w Medyce;Medyka – Szeginie (drogowe);Ukraina;Pojazdy;Osobowy;210000,00;Mercedes G500, 2000r;szt.;1,0000;Straż Graniczna
29.12.2024 18:21:00;Z RP;przejście;Bieszczadzki;PSG w Medyce;Medyka – Szeginie (drogowe);Ukraina;Inne;Podzespoły samochodowe;109996,00;części z pojazdu Land Rover i dwóch pojazdów KIA;szt.;107,0000;Straż Graniczna
29.12.2024 20:27:00;do RP;przejście;Nadwiślański;PSG w Warszawie-Okęciu;Warszawa-Okęcie (lotnicze);lotnicza;Broń;Palna;;szkielet broni krótkiej w kolorze beżowym o oznaczeniu „WILSON COMBAT”,  ;szt.;1,0000;Straż Graniczna
29.12.2024 20:27:00;do RP;przejście;Nadwiślański;PSG w Warszawie-Okęciu;Warszawa-Okęcie (lotnicze);lotnicza;Broń;Palna;;szkielet broni krótkiej w kolorze beżowym o oznaczeniu „SIG SAUER”, „NEWINGTON, NH, USA”, „2700455-04” ;szt.;1,0000;Straż Graniczna
29.12.2024 20:27:00;do RP;przejście;Nadwiślański;PSG w Warszawie-Okęciu;Warszawa-Okęcie (lotnicze);lotnicza;Broń;Palna;;szkielet broni krótkiej w kolorze czarnym o oznaczeniu „SIG SAUER”, „NEWINGTON, NH, USA”, „2700455-04” ;szt.;1,0000;Straż Graniczna
29.12.2024 20:27:00;do RP;przejście;Nadwiślański;PSG w Warszawie-Okęciu;Warszawa-Okęcie (lotnicze);lotnicza;Broń;Palna;;04. zamek do broni krótkiej w kolorze beżowym o oznaczeniu „SIG SAUER P320”, „2S57 02 H24 10” ;szt.;1,0000;Straż Graniczna
29.12.2024 20:27:00;do RP;przejście;Nadwiślański;PSG w Warszawie-Okęciu;Warszawa-Okęcie (lotnicze);lotnicza;Broń;Palna;;zamek do broni długiej w kolorze czarnym (bez oznaczeń) ;szt.;1,0000;Straż Graniczna
29.12.2024 20:27:00;do RP;przejście;Nadwiślański;PSG w Warszawie-Okęciu;Warszawa-Okęcie (lotnicze);lotnicza;Broń;Palna;;lufa z komorą nabojową w kolorze czarnym o oznaczeniu „U.S. PAT. NO. 7,716,865 CAGE CODE 3E3E2 DANIEL DEFENSE, LLC BLACK CREEK, GA”, „MK18 RIS II P/N 01-004-08020 NSN 1005-01-548-1385”, „1190-1173-3”;szt.;1,0000;Straż Graniczna
30.12.2024 07:15:00;Z RP;przejście;Karpacki;PSG w Krakowie-Balicach;Kraków-Balice (lotnicze);lotnicza;Amunicja;inna/inne;300,00;1 szt. łuska altyleryjska, 1 szt. łuska NK-72, 1 szt. spłonki prawdopodobnie od granatnika;szt.;3,0000;Straż Graniczna
30.12.2024 08:10:00;wewnątrz kraju;kraj;Morski;PSG w Elblągu;;wewnątrz kraju;Papierosy;Papierosy;815,54;NZ Gold, Mińsk Superslims, Queen Menthol, Winston, Malboro;szt.;1000,0000;Straż Graniczna
30.12.2024 13:40:00;wewnątrz kraju;kraj;Morski;PSG w Elblągu;;wewnątrz kraju;Papierosy;Papierosy;1068406,33;Minsk, Queen, NZ, Malboro, ;szt.;1310060,0000;Straż Graniczna
30.12.2024 13:40:00;wewnątrz kraju;kraj;Morski;PSG w Elblągu;;wewnątrz kraju;Papierosy;Papierosy;1043891,20;Malboro ;szt.;1280000,0000;Straż Graniczna
30.12.2024 13:40:00;wewnątrz kraju;kraj;Morski;PSG w Elblągu;;wewnątrz kraju;Waluta;Złoty - PLN;9800,00;;szt.;98,0000;Straż Graniczna
30.12.2024 13:40:00;wewnątrz kraju;kraj;Morski;PSG w Elblągu;;wewnątrz kraju;Waluta;Złoty - PLN;8200,00;;szt.;41,0000;Straż Graniczna
30.12.2024 13:40:00;wewnątrz kraju;kraj;Morski;PSG w Elblągu;;wewnątrz kraju;Waluta;Złoty - PLN;2700,00;;szt.;54,0000;Straż Graniczna
30.12.2024 13:40:00;wewnątrz kraju;kraj;Morski;PSG w Elblągu;;wewnątrz kraju;Waluta;Złoty - PLN;1500,00;;szt.;3,0000;Straż Graniczna
30.12.2024 13:40:00;wewnątrz kraju;kraj;Morski;PSG w Elblągu;;wewnątrz kraju;Inne;inna/inne;;Radiostacje TYT;szt.;2,0000;Straż Graniczna
30.12.2024 13:40:00;wewnątrz kraju;kraj;Morski;PSG w Elblągu;;wewnątrz kraju;Inne;inna/inne;;telefony komórkowe ;szt.;2,0000;Straż Graniczna
30.12.2024 15:40:00;Do RP;przejście;Nadbużański;PSG w Terespolu;Terespol – Brześć (drogowe);Białoruś;Papierosy;Papierosy;163,11;;szt.;200,0000;KAS | SG
30.12.2024 15:40:00;Do RP;przejście;Nadbużański;PSG w Terespolu;Terespol – Brześć (drogowe);Białoruś;Papierosy;Papierosy;2430,31;;szt.;2980,0000;KAS | SG
31.12.2024 10:13:00;Do RP;przejście;Nadbużański;PSG w Dorohusku;Dorohusk – Jagodzin (drogowe);Ukraina;Papierosy;Papierosy;146,80;;szt.;180,0000;Straż Graniczna
31.12.2024 10:37:00;Do RP;przejście;Nadbużański;PSG w Dorohusku;Dorohusk – Jagodzin (drogowe);Ukraina;Papierosy;Papierosy;228,35;;szt.;280,0000;Straż Graniczna
31.12.2024 10:46:00;Do RP;przejście;Nadbużański;PSG w Dorohusku;Dorohusk – Jagodzin (drogowe);Ukraina;Papierosy;Papierosy;49,75;;szt.;61,0000;Straż Graniczna
31.12.2024 11:10:00;Z RP;przejście;Nadbużański;PSG w Hrubieszowie;Zosin – Ustiług (drogowe);Ukraina;Pojazdy;Osobowy;100000,00;TOYOTA CHR;szt.;1,0000;Straż Graniczna
01.01.2025 14:00:00;Z RP;przejście;Nadodrzański;PSG we Wrocławiu-Strachowicach;Wrocław-Strachowice;lotnicza;Amunicja;Ostra;4,00;;szt.;1,0000;Straż Graniczna
01.01.2025 10:49:00;wewnątrz kraju;strefa;Nadbużański;PSG w Białej Podlaskiej;;Białoruś;Narkotyki;Haszysz;247,00;;kg;0,0038;Straż Graniczna
01.01.2025 19:51:00;Do RP;przejście;Bieszczadzki;PSG w Medyce;Medyka - Szeginie;Ukraina;Pojazdy;Osobowy;150000,00;LEXUS;szt.;1,0000;Straż Graniczna
02.01.2025 15:07:00;wewnątrz kraju;kraj;Nadodrzański;PSG w Zgorzelcu;;wewnątrz kraju;Tytoń;Tytoń do palenia;36856,26;bez polskich znaków akcyzy;kg;63,0000;Straż Graniczna
02.01.2025 15:07:00;wewnątrz kraju;kraj;Nadodrzański;PSG w Zgorzelcu;;wewnątrz kraju;Papierosy;Papierosy;74512,91;;szt.;84800,0000;Straż Graniczna
02.01.2025 18:40:00;wewnątrz kraju;kraj;Nadbużański;PSG w Hrubieszowie;;wewnątrz kraju;Pojazdy;Osobowy;220000,00;AUDI A6;szt.;1,0000;Policja
03.01.2025 00:50:00;Do RP;strefa;Nadodrzański;PSG w Świecku;;Niemcy;Narkotyki;Marihuana;39,60;;kg;0,0009;Straż Graniczna
03.01.2025 01:15:00;Do RP;przejście;Nadbużański;PSG w Dołhobyczowie;Dołhobyczów - Uhrynów;Ukraina;Tytoń;Tytoń do palenia;14,30;wkłady tytoniowe - TEREA;kg;0,0214;Straż Graniczna
03.01.2025 10:30:00;Z RP;przejście;Nadbużański;PSG w Terespolu;Kukuryki - Kozłowiczy;Białoruś;Pojazdy;Naczepa;25000,00;SCHMITZ;szt.;1,0000;Straż Graniczna
05.01.2025 00:05:00;Do RP;strefa;Nadodrzański;PSG w Kłodzku;;Czechy;Broń;Gazowa;435,00;Broń EKOL Special 99, 9 mm PA  nr EVi 3-19110904 ;szt.;1,0000;Straż Graniczna
05.01.2025 00:05:00;Do RP;strefa;Nadodrzański;PSG w Kłodzku;;Czechy;Amunicja;Gazowa;39,97;9mm;szt.;7,0000;Straż Graniczna
05.01.2025 00:05:00;Do RP;strefa;Nadodrzański;PSG w Kłodzku;;Czechy;Amunicja;Inna;5,71;amunicja hukowa 9mm;szt.;1,0000;Straż Graniczna
05.01.2025 05:00:00;Do RP;przejście;Bieszczadzki;PSG w Korczowej;Korczowa - Krakowiec;Ukraina;Broń;Inna;100,00;kastet;szt.;1,0000;Straż Graniczna
05.01.2025 10:10:00;Z RP;przejście;Karpacki;PSG w Krakowie-Balicach;Kraków-Balice;lotnicza;Amunicja;Ostra;10,00;;szt.;5,0000;Straż Graniczna
05.01.2025 14:20:00;Do RP;strefa;Nadodrzański;PSG w Świecku;;Niemcy;Narkotyki;Marihuana;298,35;;kg;0,0066;Straż Graniczna
06.01.2025 09:50:00;Do RP;przejście;Bieszczadzki;PSG w Rzeszowie–Jasionce;Rzeszów-Jasionka;lotnicza;Alkohol;Likier;398,00;;litr;3,7000;KAS | SG
06.01.2025 11:10:00;Do RP;przejście;Nadbużański;PSG w Dorohusku;Dorohusk - Jagodzin;Ukraina;Tytoń;susz tytoniowy;;;kg;0,0500;Straż Graniczna
06.01.2025 11:10:00;Do RP;przejście;Nadbużański;PSG w Dorohusku;Dorohusk - Jagodzin;Ukraina;Papierosy;Papierosy;137,08;WNIOSEK NR 2;szt.;156,0000;Straż Graniczna
06.01.2025 09:35:00;Do RP;przejście;Bieszczadzki;PSG w Korczowej;Korczowa - Krakowiec;Ukraina;Amunicja;Ostra;50,00;2 szt. amunicji o kalibrze 12,7x99mm;szt.;2,0000;Straż Graniczna
07.01.2025 01:25:00;Z RP;przejście;Bieszczadzki;PSG w Korczowej;Korczowa - Krakowiec;Ukraina;Pojazdy;Osobowy;45000,00;MERCEDES SPRINTER (rok produkcji 2009) - pojazd (o ustalonym nr VIN WDB9066332S761955) figurujący w bazie INTERPOL, jako skradziony na terytorium Wielkie Brytanii;szt.;1,0000;Straż Graniczna
07.01.2025 04:10:00;Do RP;przejście;Nadbużański;PSG w Dołhobyczowie;Dołhobyczów - Uhrynów;Ukraina;Papierosy;Papierosy;140,59;8 paczek po 20 szt. papierosów marki SOBRANIE;szt.;160,0000;Straż Graniczna
07.01.2025 05:16:00;Do RP;przejście;Nadbużański;PSG w Dołhobyczowie;Dołhobyczów - Uhrynów;Ukraina;Papierosy;Papierosy;11,42;13 sztuk papierosów marki WINNER;szt.;13,0000;Straż Graniczna
07.01.2025 05:16:00;Do RP;przejście;Nadbużański;PSG w Dołhobyczowie;Dołhobyczów - Uhrynów;Ukraina;Tytoń;Tytoń do palenia;4,10;wyroby nowatorskie HEETS;kg;0,0070;Straż Graniczna
07.01.2025 06:07:00;Do RP;przejście;Nadbużański;PSG w Dołhobyczowie;Dołhobyczów - Uhrynów;Ukraina;Papierosy;Papierosy;439,35;25 paczek papierosów;szt.;500,0000;Straż Graniczna
07.01.2025 04:14:00;Z RP;przejście;Bieszczadzki;PSG w Korczowej;Korczowa - Krakowiec;Ukraina;Pojazdy;Inny;100000,00;MERCEDES SPRINTER (rok produkcji 2013) - autokar (o ustalonym nr VIN WDB9066371P503180) figurujący w bazie INTERPOL oraz SIS-R, jako skradziony na terytorium Niemiec;szt.;1,0000;Straż Graniczna
07.01.2025 09:55:00;Do RP;przejście;Nadbużański;PSG w Dołhobyczowie;Dołhobyczów - Uhrynów;Ukraina;Papierosy;Papierosy;70,30;4 paczki papierosów;szt.;80,0000;Straż Graniczna
07.01.2025 11:05:00;Do RP;przejście;Bieszczadzki;PSG w Medyce;Medyka - Szeginie;Ukraina;Pojazdy;Osobowy;65000,00;MERCEDES SPRINTER;szt.;1,0000;Straż Graniczna
07.01.2025 22:10:00;Do RP;przejście;Nadbużański;PSG w Dorohusku;Dorohusk - Jagodzin;Ukraina;Narkotyki;Marihuana;6,30;;kg;0,0001;Straż Graniczna
07.01.2025 20:25:00;Do RP;przejście;Nadbużański;PSG w Dorohusku;Dorohusk - Jagodzin;Ukraina;Amunicja;Inna;150,00;hukowa;szt.;50,0000;SC | SG
07.01.2025 22:10:00;Do RP;przejście;Nadbużański;PSG w Hrebennem;Hrebenne - Rawa Ruska;Ukraina;Broń;Inna;50,00;broń biała pałka teleskopowa metalowa;szt.;1,0000;SC | SG
02.01.2025 20:40:00;Do RP;przejście;Nadbużański;PSG w Hrebennem;Hrebenne - Rawa Ruska;Ukraina;Papierosy;Papierosy;105,44;uszczuplenia celne  173,00 zł;szt.;120,0000;Straż Graniczna
04.01.2025 08:10:00;Do RP;przejście;Bieszczadzki;PSG w Medyce;Medyka - Szeginie;Ukraina;Papierosy;Papierosy;17,57;;szt.;20,0000;Straż Graniczna
05.01.2025 21:30:00;Do RP;przejście;Nadbużański;PSG w Hrubieszowie;Zosin - Ustiług;Ukraina;Papierosy;Papierosy;87,87;;szt.;100,0000;Straż Graniczna
08.01.2025 09:30:00;Do RP;przejście;Nadbużański;PSG w Dorohusku;Dorohusk - Jagodzin;Ukraina;Narkotyki;Marihuana;18,00;;kg;0,0004;Straż Graniczna
02.01.2025 18:00:00;Do RP;przejście;Nadbużański;PSG w Hrubieszowie;Zosin - Ustiług;Ukraina;Papierosy;Papierosy;97,53;;szt.;111,0000;Straż Graniczna
02.01.2025 18:00:00;Do RP;przejście;Nadbużański;PSG w Hrubieszowie;Zosin - Ustiług;Ukraina;Tytoń;Tytoń do palenia;7,15;Terea wyroby nowatorskie;kg;0,0107;Straż Graniczna
08.01.2025 09:00:00;wewnątrz kraju;kraj;Nadbużański;PSG w Terespolu;;wewnątrz kraju;Pojazdy;Osobowy;200000,00;VOLVO XC90;szt.;1,0000;Policja | SG
08.01.2025 12:14:00;Do RP;przejście;Nadbużański;PSG w Dorohusku;Dorohusk - Jagodzin;Ukraina;Papierosy;Papierosy;193,31;WNIOSEK NR 5;szt.;220,0000;Straż Graniczna
08.01.2025 13:52:00;Do RP;przejście;Nadbużański;PSG w Dorohusku;Dorohusk - Jagodzin;Ukraina;Papierosy;Papierosy;111,59;WNIOSEK NR 6;szt.;127,0000;Straż Graniczna
08.01.2025 14:06:00;Do RP;przejście;Nadbużański;PSG w Dorohusku;Dorohusk - Jagodzin;Ukraina;Papierosy;Papierosy;52,72;WNIOSEK NR 7;szt.;60,0000;Straż Graniczna
08.01.2025 14:15:00;Do RP;przejście;Nadbużański;PSG w Dorohusku;Dorohusk - Jagodzin;Ukraina;Tytoń;Tytoń do palenia (wkłady);;WNIOSEK NR 8 - wkłady;kg;0,0106;Straż Graniczna
08.01.2025 14:22:00;Do RP;przejście;Nadbużański;PSG w Dorohusku;Dorohusk - Jagodzin;Ukraina;Papierosy;Papierosy;140,59;WNIOSEK NR 9;szt.;160,0000;Straż Graniczna
02.01.2025 12:00:00;Do RP;przejście;Nadbużański;PSG w Dorohusku;Dorohusk - Jagodzin;Ukraina;Papierosy;Papierosy;158,16;WNIOSEK NR 240;szt.;180,0000;Straż Graniczna
06.01.2025 11:00:00;Do RP;przejście;Nadbużański;PSG w Dorohusku;Dorohusk - Jagodzin;Ukraina;Papierosy;Papierosy;72,05;WNIOSEK NR 1;szt.;82,0000;Straż Graniczna
06.01.2025 11:15:00;Do RP;przejście;Nadbużański;PSG w Dorohusku;Dorohusk - Jagodzin;Ukraina;Papierosy;Papierosy;74,69;WNIOSEK NR 3;szt.;85,0000;Straż Graniczna
08.01.2025 18:00:00;Do RP;przejście;Nadbużański;PSG w Hrebennem;Hrebenne - Rawa Ruska;Ukraina;Papierosy;Papierosy;70,30;uszczuplenie celne 116 zł;szt.;80,0000;Straż Graniczna
08.01.2025 20:56:00;wewnątrz kraju;strefa;Nadbużański;PSG w Chłopiatynie;;Ukraina;Narkotyki;Marihuana;2257,20;;kg;0,0502;Policja | SG
08.01.2025 15:15:00;wewnątrz kraju;kraj;Nadbużański;PSG w Lublinie;;wewnątrz kraju;Tytoń;krajanka tytoniowa;280623,00;;kg;420,0000;Policja | Policja
09.01.2025 10:20:00;Do RP;strefa;Nadodrzański;PSG w Świecku;;Niemcy;Narkotyki;Marihuana;237,15;;kg;0,0053;Straż Graniczna
09.01.2025 14:15:00;Z RP;przejście;Bieszczadzki;PSG w Korczowej;Korczowa - Krakowiec;Ukraina;Pojazdy;Osobowy;120000,00;Mercedes Sprinter;szt.;1,0000;Straż Graniczna
09.01.2025 13:30:00;Z RP;przejście;Bieszczadzki;PSG w Korczowej;Korczowa - Krakowiec;Ukraina;Pojazdy;Inny;160000,00;Autokar marki Mercedes;szt.;1,0000;Straż Graniczna
09.01.2025 10:45:00;wewnątrz kraju;kraj;Śląski;PSG w Sosnowcu;;wewnątrz kraju;Narkotyki;Amfetamina;70071,68;Proszek koloru bialego;kg;1,0010;Straż Graniczna
09.01.2025 10:45:00;wewnątrz kraju;kraj;Śląski;PSG w Sosnowcu;;wewnątrz kraju;Narkotyki;Marihuana;551,25;;kg;0,0123;Straż Graniczna
10.01.2025 12:00:00;Do RP;przejście;Bieszczadzki;PSG w Korczowej;Korczowa - Krakowiec;Ukraina;Amunicja;Ostra;2,40;1 szt. naboju o kalibrze 5,56x45 mm (amunicja ostra);szt.;1,0000;Straż Graniczna
10.01.2025 16:00:00;Do RP;przejście;Nadbużański;PSG w Terespolu;Terespol - Brześć;Białoruś;Papierosy;Papierosy;456,92;wyroby tytoniowe bez polskich znaków skarbowych akcyzy w postaci papierosów w ilości 520 sztuk o wartości 456,92 zł;szt.;520,0000;KAS | SG
10.01.2025 13:40:00;Do RP;przejście;Nadbużański;PSG w Terespolu;Kukuryki - Kozłowiczy;Białoruś;Papierosy;Papierosy;527,21;wyroby tytoniowe bez polskich znaków skarbowych akcyzy w postaci papierosów w ilości 600 sztuk o łącznej wartości 527,21zł;szt.;600,0000;Straż Graniczna
10.01.2025 13:40:00;Do RP;przejście;Nadbużański;PSG w Terespolu;Kukuryki - Kozłowiczy;Białoruś;Alkohol;Inne;60,00;2l alkoholu bez polskich znaków skarbowych akcyzy o wartości 60,00 zł;litr;2,0000;Straż Graniczna
10.01.2025 13:40:00;Do RP;przejście;Nadbużański;PSG w Terespolu;Kukuryki - Kozłowiczy;Białoruś;Inne;Inne;210,00;35 l ON o wartości 210,00 zł;litr;35,0000;Straż Graniczna
10.01.2025 18:17:00;Do RP;przejście;Nadbużański;PSG w Dołhobyczowie;Dołhobyczów - Uhrynów;Ukraina;Papierosy;Papierosy;35,15;40 szt. papierosów marki CAMEL;szt.;40,0000;Straż Graniczna
09.01.2025 08:30:00;wewnątrz kraju;kraj;Warmińsko-Mazurski;PSG w Bezledach;;wewnątrz kraju;Pojazdy;Osobowy;90000,00;Toyota CH-R;szt.;1,0000;Policja | SG
10.01.2025 21:30:00;Do RP;przejście;Nadbużański;PSG w Dołhobyczowie;Dołhobyczów - Uhrynów;Ukraina;Inne;Inne;200,00;Tabletki marki GOLDEN SEAHORSE-ZŁOTY KONIK;tabletka;200,0000;KAS
10.01.2025 21:30:00;Do RP;przejście;Nadbużański;PSG w Dołhobyczowie;Dołhobyczów - Uhrynów;Ukraina;Inne;Inne;65,00;produkty pochodzenia zwierzęcego;kg;4,0000;KAS
11.01.2025 12:37:00;Z RP;przejście;Bieszczadzki;PSG w Medyce;Medyka - Szeginie;Ukraina;Pojazdy;Osobowy;30000,00;KIA SORENTO, ROK PRODUKCJI 2011;szt.;1,0000;Straż Graniczna
11.01.2025 22:30:00;Do RP;strefa;Nadodrzański;PSG w Świecku;;Niemcy;Pojazdy;Inny;250000,00;Fiat LOUISIANA - pojazd kempingowy;szt.;1,0000;Straż Graniczna
11.01.2025 23:45:00;Do RP;przejście;Nadbużański;PSG w Dołhobyczowie;Dołhobyczów - Uhrynów;Ukraina;Papierosy;Papierosy;70,30;80 szt. papierosów marki KENT;szt.;80,0000;Straż Graniczna
12.01.2025 04:10:00;wewnątrz kraju;strefa;Nadbużański;PSG w Hrebennem;;Ukraina;Narkotyki;Marihuana;125,00;;kg;0,0025;Straż Graniczna
12.01.2025 07:10:00;Z RP;przejście;Nadbużański;PSG w Dorohusku;Dorohusk - Jagodzin;Ukraina;Narkotyki;Marihuana;26,10;;kg;0,0006;Straż Graniczna
12.01.2025 08:35:00;Do RP;przejście;Bieszczadzki;PSG w Medyce;Medyka - Szeginie;Ukraina;Papierosy;Papierosy;123,02;marka SOBRANIE;szt.;140,0000;Straż Graniczna
12.01.2025 07:30:00;Do RP;przejście;Nadbużański;PSG w Dołhobyczowie;Dołhobyczów - Uhrynów;Ukraina;Papierosy;Papierosy;27,24;ROTHMANS;szt.;31,0000;Straż Graniczna
12.01.2025 14:00:00;Z RP;przejście;Śląski;PSG w Katowicach-Pyrzowicach;Katowice-Pyrzowice;lotnicza;Broń;Inna;150,00;kastet;szt.;1,0000;Straż Graniczna
12.01.2025 15:15:00;Do RP;przejście;Nadbużański;PSG w Hrebennem;Hrebenne - Rawa Ruska;Ukraina;Papierosy;Papierosy;175,74;uszczuplenia celne 287 zł;szt.;200,0000;Straż Graniczna
12.01.2025 12:30:00;Z RP;przejście;Bieszczadzki;PSG w Rzeszowie–Jasionce;Rzeszów-Jasionka;lotnicza;Amunicja;Ostra;6,00; kaliber 5.56 mm;szt.;2,0000;Straż Graniczna
12.01.2025 12:30:00;Z RP;przejście;Bieszczadzki;PSG w Rzeszowie–Jasionce;Rzeszów-Jasionka;lotnicza;Amunicja;Ostra;2,00;kaliber 9 mm;szt.;1,0000;Straż Graniczna
12.01.2025 13:30:00;Z RP;przejście;Bieszczadzki;PSG w Rzeszowie–Jasionce;Rzeszów-Jasionka;lotnicza;Amunicja;Ostra;2,50;kaliber 7.62;szt.;1,0000;Straż Graniczna
13.01.2025 04:46:00;Z RP;strefa;Śląski;PSG w Katowicach-Pyrzowicach;Katowice-Pyrzowice;lotnicza;Broń;Inna;150,00;kastet;szt.;1,0000;Straż Graniczna
12.01.2025 14:30:00;Do RP;strefa;Nadodrzański;PSG w Świecku;;Niemcy;Narkotyki;Kokaina;470946,00;;kg;1,5698;Straż Graniczna
13.01.2025 06:52:00;Z RP;strefa;Śląski;PSG w Katowicach-Pyrzowicach;Katowice-Pyrzowice;lotnicza;Amunicja;Ostra;1,30;;szt.;1,0000;Straż Graniczna
13.01.2025 00:05:00;wewnątrz kraju;kraj;Podlaski;PSG w Bobrownikach;;wewnątrz kraju;Papierosy;Papierosy;26360,70;MZ Gold;szt.;30000,0000;Straż Graniczna
13.01.2025 00:05:00;wewnątrz kraju;kraj;Podlaski;PSG w Bobrownikach;;wewnątrz kraju;Papierosy;Papierosy;20209,87;MINSK 5;szt.;23000,0000;Straż Graniczna
13.01.2025 18:30:00;wewnątrz kraju;kraj;Śląski;PSG w Sosnowcu;;wewnątrz kraju;Narkotyki;Amfetamina;22,89;Biały proszek zawierający prawdopodobnie amfetaminę;kg;0,0003;Straż Graniczna
10.01.2025 03:20:00;Do RP;przejście;Nadbużański;PSG w Dorohusku;Dorohusk - Jagodzin;Ukraina;Papierosy;Papierosy;140,59;;szt.;160,0000;Straż Graniczna
10.01.2025 14:20:00;Do RP;przejście;Nadbużański;PSG w Dorohusku;Dorohusk - Jagodzin;Ukraina;Papierosy;Papierosy;131,80;;szt.;150,0000;Straż Graniczna
11.01.2025 15:50:00;Do RP;przejście;Nadbużański;PSG w Dorohusku;Dorohusk - Jagodzin;Ukraina;Papierosy;Papierosy;52,72;;szt.;60,0000;Straż Graniczna
13.01.2025 13:50:00;Do RP;przejście;Nadbużański;PSG w Dorohusku;Dorohusk - Jagodzin;Ukraina;Papierosy;Papierosy;75,57;;szt.;86,0000;Straż Graniczna
13.01.2025 16:00:00;Do RP;przejście;Nadbużański;PSG w Dorohusku;Dorohusk - Jagodzin;Ukraina;Papierosy;Papierosy;105,44;;szt.;120,0000;Straż Graniczna
13.01.2025 18:40:00;wewnątrz kraju;strefa;Nadbużański;PSG w Woli Uhruskiej;;Ukraina;Papierosy;Papierosy;27661,16;papierosy różnych marek bez polskich znaków akcyzy;szt.;31480,0000;Straż Graniczna
13.01.2025 18:40:00;wewnątrz kraju;strefa;Nadbużański;PSG w Woli Uhruskiej;;Ukraina;Alkohol;Wódka;1872,50;Wódki róznych marek bez polskich znaków akcyzy;litr;53,5000;Straż Graniczna
14.01.2025 03:00:00;Do RP;strefa;Nadodrzański;PSG w Świecku;;Niemcy;Narkotyki;Marihuana;45,00;;kg;0,0010;Straż Graniczna
13.01.2025 09:30:00;Z RP;przejście;Bieszczadzki;PSG w Rzeszowie–Jasionce;Rzeszów-Jasionka;lotnicza;Amunicja;Ostra;2,50;kaliber 5,45 mm ;szt.;1,0000;Straż Graniczna
14.01.2025 08:00:00;Z RP;przejście;Nadwiślański;PSG w Warszawie-Okęciu;Warszawa-Okęcie;lotnicza;Amunicja;Ostra;;amunicja o oznaczeniach „R”, „F”, „REM”;szt.;5,0000;Straż Graniczna
14.01.2025 14:30:00;wewnątrz kraju;strefa;Podlaski;PSG w Kuźnicy;;Białoruś;Papierosy;Papierosy;351,48;;szt.;400,0000;Straż Graniczna
14.01.2025 14:30:00;wewnątrz kraju;strefa;Podlaski;PSG w Kuźnicy;;Białoruś;Papierosy;Papierosy;351,48;;szt.;400,0000;Straż Graniczna
14.01.2025 14:50:00;Z RP;przejście;Nadbużański;PSG w Hrebennem;Hrebenne - Rawa Ruska;Ukraina;Pojazdy;Osobowy;15000,00;NISSAN TERRANO;szt.;1,0000;Straż Graniczna
14.01.2025 13:30:00;Do RP;przejście;Warmińsko-Mazurski;PSG w Grzechotkach;Grzechotki - Mamonowo II;Rosja;Inne;Inne;;Kolimator VEBER MultDot 130 solar;szt.;1,0000;SC | SG
14.01.2025 13:30:00;Do RP;przejście;Warmińsko-Mazurski;PSG w Grzechotkach;Grzechotki - Mamonowo II;Rosja;Inne;Inne;;Kolimator Veber RM132RG WEAVER;szt.;1,0000;SC | SG
14.01.2025 13:30:00;Do RP;przejście;Warmińsko-Mazurski;PSG w Grzechotkach;Grzechotki - Mamonowo II;Rosja;Inne;Inne;;Dźwignie zrzutu zamka ;szt.;4,0000;SC | SG
14.01.2025 13:30:00;Do RP;przejście;Warmińsko-Mazurski;PSG w Grzechotkach;Grzechotki - Mamonowo II;Rosja;Inne;Inne;;Przełącznik rodzaju ognia;szt.;2,0000;SC | SG
14.01.2025 17:00:00;Do RP;strefa;Nadodrzański;PSG w Kłodzku;;Czechy;Broń;Gazowa;600,00;;szt.;1,0000;Straż Graniczna
14.01.2025 18:15:00;wewnątrz kraju;kraj;Morski;PSG w Kołobrzegu;;wewnątrz kraju;Narkotyki;Marihuana;46,80;woreczek foliowy z zawartością suszu roślinnego;kg;0,0010;Straż Graniczna
15.01.2025 07:10:00;Do RP;przejście;Bieszczadzki;PSG w Korczowej;Korczowa - Krakowiec;Ukraina;Pojazdy;Ciężarowy;60000,00;;szt.;1,0000;Straż Graniczna
15.01.2025 10:30:00;Z RP;przejście;Bieszczadzki;PSG w Rzeszowie–Jasionce;Rzeszów-Jasionka;lotnicza;Amunicja;Ostra;3,00;5.45x39mm;szt.;2,0000;Straż Graniczna
15.01.2025 09:26:00;wewnątrz kraju;strefa;Bieszczadzki;PSG w Korczowej;;Ukraina;Papierosy;Papierosy;70,30;;szt.;80,0000;Straż Graniczna
15.01.2025 09:10:00;wewnątrz kraju;strefa;Bieszczadzki;PSG w Korczowej;;Ukraina;Papierosy;Papierosy;52,72;marki COMPLIMENT;szt.;60,0000;Straż Graniczna
15.01.2025 17:03:00;Z RP;przejście;Bieszczadzki;PSG w Medyce;Medyka - Szeginie;Ukraina;Pojazdy;Osobowy;40000,00;Pojazd marki MERCEDES typu bus.;szt.;1,0000;Straż Graniczna
16.01.2025 11:10:00;Do RP;przejście;Nadbużański;PSG w Terespolu;Terespol - Brześć;Białoruś;Alkohol;Wódka;12,50;;litr;0,5000;Straż Graniczna
16.01.2025 17:20:00;Do RP;przejście;Nadbużański;PSG w Lublinie;Świdnik k/Lublina;lotnicza;Płyn do e-papierosów;Płyn do e-papierosów;70,00;;litr;0,0700;SC | SG
16.01.2025 19:17:00;wewnątrz kraju;kraj;Karpacki;PSG w Kielcach;;wewnątrz kraju;Papierosy;Papierosy;7029,52;;szt.;8000,0000;Straż Graniczna
16.01.2025 22:22:00;Z RP;przejście;Nadwiślański;PSG w Warszawie-Okęciu;Warszawa-Okęcie;lotnicza;Broń;Inna;;przedmiot przypominający broń.;szt.;1,0000;Straż Graniczna
16.01.2025 22:22:00;Z RP;przejście;Nadwiślański;PSG w Warszawie-Okęciu;Warszawa-Okęcie;lotnicza;Inne;Inne;;czarne etui;szt.;1,0000;Straż Graniczna
16.01.2025 22:22:00;Z RP;przejście;Nadwiślański;PSG w Warszawie-Okęciu;Warszawa-Okęcie;lotnicza;Inne;Inne;;drewniane pudełko;szt.;1,0000;Straż Graniczna
16.01.2025 21:30:00;Z RP;przejście;Bieszczadzki;PSG w Rzeszowie–Jasionce;Rzeszów-Jasionka;lotnicza;Amunicja;Ostra;1,50;;szt.;1,0000;Straż Graniczna
16.01.2025 20:05:00;wewnątrz kraju;kraj;Warmińsko-Mazurski;PSG w Olsztynie;;wewnątrz kraju;Tytoń;krajanka tytoniowa;11355,00;worki plastikowe;kg;15,0000;Straż Graniczna
16.01.2025 20:05:00;wewnątrz kraju;kraj;Warmińsko-Mazurski;PSG w Olsztynie;;wewnątrz kraju;Papierosy;Papierosy;1405,90;MINSK SUPERSLIMS - 40 paczek po 20 sztuk (białoruska akcyza), MARLBORO (czerwone) 20 paczek po 20 sztuk (bez znaków akcyzy), RICHMOND KING SIZE - 20 paczek po 20 sztuk (bez znaków akcyzy);szt.;1600,0000;Straż Graniczna
16.01.2025 20:05:00;wewnątrz kraju;kraj;Warmińsko-Mazurski;PSG w Olsztynie;;wewnątrz kraju;Alkohol;Spirytus;1997,75;25 butelek plastokowych o pojemnoości 1 litra;litr;25,0000;Straż Graniczna
16.01.2025 19:00:00;wewnątrz kraju;kraj;Bieszczadzki;PSG w Korczowej;;wewnątrz kraju;Papierosy;Papierosy;90557,79;;szt.;103060,0000;Straż Graniczna
16.01.2025 19:00:00;wewnątrz kraju;kraj;Bieszczadzki;PSG w Korczowej;;wewnątrz kraju;Alkohol;Inne;7155,00;wyroby alkoholowe powyżej 20%;litr;159,0000;Straż Graniczna
17.01.2025 00:00:00;Do RP;przejście;Nadbużański;PSG w Hrebennem;Hrebenne - Rawa Ruska;Ukraina;Papierosy;Papierosy;105,44;uszczuplenia celne 173 zł.;szt.;120,0000;KAS | SG
17.01.2025 05:45:00;wewnątrz kraju;strefa;Podlaski;PSG w Rutce-Tartak;;Litwa;Papierosy;Papierosy;1054428,00;Mentol, Minsk niebieskie, Minsk czerwone, NZ;szt.;1200000,0000;Straż Graniczna
17.01.2025 03:05:00;Do RP;przejście;Warmińsko-Mazurski;PSG w Grzechotkach;Grzechotki - Mamonowo II;Rosja;Papierosy;Papierosy;4217,71;;szt.;4800,0000;Straż Graniczna
17.01.2025 11:00:00;Z RP;przejście;Nadbużański;PSG w Terespolu;Terespol - Brześć;Białoruś;Pojazdy;Osobowy;34000,00;FORD SMAX nr rej. MSTI7777, rok produkcji 2010, kolor biały , nr VIN – WF0SXXGBWSAB74232;szt.;1,0000;Straż Graniczna
17.01.2025 12:50:00;Do RP;przejście;Bieszczadzki;PSG w Medyce;Przemyśl - Mościska;Ukraina;Tytoń;Tytoń do palenia (wkłady);445,20;Wyroby nowatorskie.;kg;0,1484;KAS | SG
17.01.2025 14:44:00;Z RP;strefa;Śląski;PSG w Katowicach-Pyrzowicach;;lotnicza;Broń;Inna;50,00;Przedmiot przypominający kastet;szt.;1,0000;Straż Graniczna
17.01.2025 14:02:00;wewnątrz kraju;kraj;Podlaski;Podlaski;;wewnątrz kraju;Papierosy;Papierosy;95583,90;;szt.;108780,0000;Straż Graniczna
17.01.2025 19:00:00;Z RP;przejście;Bieszczadzki;PSG w Korczowej;Korczowa - Krakowiec;Ukraina;Inne;Podzespoły samochodowe;1000,00;Skrzynia Biegów;szt.;1,0000;Straż Graniczna
18.01.2025 12:28:00;Do RP;przejście;Nadbużański;PSG w Dołhobyczowie;Dołhobyczów - Uhrynów;Ukraina;Inne;Inne;94,50;produkty pochodzenia zwierzęcego;kg;6,3000;SC
18.01.2025 12:28:00;Do RP;przejście;Nadbużański;PSG w Dołhobyczowie;Dołhobyczów - Uhrynów;Ukraina;Inne;Inne;162,00;produkty pochodzenia zwierzęcego;kg;10,8000;SC
18.01.2025 15:30:00;wewnątrz kraju;kraj;Podlaski;PSG w Bobrownikach;;wewnątrz kraju;Pojazdy;Osobowy;70000,00;;szt.;1,0000;Straż Graniczna
19.01.2025 07:25:00;wewnątrz kraju;kraj;Nadodrzański;PSG we Wrocławiu-Strachowicach;;wewnątrz kraju;Papierosy;Papierosy;41983,81;;szt.;47780,0000;Straż Graniczna
19.01.2025 07:25:00;wewnątrz kraju;kraj;Nadodrzański;PSG we Wrocławiu-Strachowicach;;wewnątrz kraju;Tytoń;krajanka tytoniowa;18938,22;;kg;26,8000;Straż Graniczna
19.01.2025 07:25:00;wewnątrz kraju;kraj;Nadodrzański;PSG we Wrocławiu-Strachowicach;;wewnątrz kraju;Narkotyki;Inne;525,00;MDMA;szt.;15,0000;Straż Graniczna
19.01.2025 07:25:00;wewnątrz kraju;kraj;Nadodrzański;PSG we Wrocławiu-Strachowicach;;wewnątrz kraju;Narkotyki;Inne;1080,00;"Kryształ ""PIKO""";kg;0,0060;Straż Graniczna
19.01.2025 11:50:00;wewnątrz kraju;strefa;Podlaski;PSG w Szudziałowie;;Białoruś;Papierosy;Papierosy;26009,22;"Nazwa ""NZ"", papierosy białoruskie. Informacja od KPP Sokółka, informacja od mieszkańca m. Horczaki Dolne.";szt.;29600,0000;Straż Graniczna
19.01.2025 16:47:00;Z RP;przejście;Bieszczadzki;PSG w Rzeszowie–Jasionce;Rzeszów-Jasionka;lotnicza;Amunicja;Ostra;3,00;kaliber 5.45x39mm z oznaczeniem na dnie łuski  pierwszej sztuki: „270 78”, drugiej sztuki: „270 82”;szt.;2,0000;Straż Graniczna
19.01.2025 15:45:00;wewnątrz kraju;kraj;Morski;PSG w Elblągu;;wewnątrz kraju;Papierosy;Papierosy;175,74;Marlboro;szt.;200,0000;Straż Graniczna
19.01.2025 22:00:00;Do RP;przejście;Nadbużański;PSG w Dołhobyczowie;Dołhobyczów - Uhrynów;Ukraina;Alkohol;Wódka;17,50;wyrób alkocholowy powyżej 22 %;litr;0,5000;Straż Graniczna
15.01.2025 09:00:00;wewnątrz kraju;kraj;Nadbużański;PSG w Hrubieszowie;;wewnątrz kraju;Pojazdy;Osobowy;200000,00;Audi a7;szt.;1,0000;Policja | SG
15.01.2025 09:00:00;wewnątrz kraju;kraj;Nadbużański;PSG w Hrubieszowie;;wewnątrz kraju;Narkotyki;Marihuana;72,00;;kg;0,0016;Policja | SG
14.01.2025 18:10:00;Z RP;przejście;Nadwiślański;PSG w Warszawie-Okęciu;Warszawa-Okęcie;lotnicza;Narkotyki;Inne;;kostka koloru brązowego - żywica konopii indyjskiej;kg;0,0466;Straż Graniczna
17.01.2025 12:30:00;wewnątrz kraju;kraj;Nadbużański;Nadbużański;;wewnątrz kraju;Tytoń;krajanka tytoniowa;821820,00;;kg;1007,7000;SC | SG
17.01.2025 12:30:00;wewnątrz kraju;kraj;Nadbużański;Nadbużański;;wewnątrz kraju;Tytoń;susz tytoniowy;69257,00;;kg;113,4500;SC | SG
20.01.2025 15:50:00;Z RP;przejście;Bieszczadzki;PSG w Rzeszowie–Jasionce;Rzeszów-Jasionka;lotnicza;Amunicja;Ostra;1,50;9x19;szt.;1,0000;Straż Graniczna
21.01.2025 00:00:00;Do RP;przejście;Nadbużański;PSG w Terespolu;Kukuryki - Kozłowiczy;Białoruś;Papierosy;Papierosy;351,48;;szt.;400,0000;Straż Graniczna
20.01.2025 09:35:00;Do RP;przejście;Bieszczadzki;PSG w Hermanowicach;Malhowice - Niżankowice;Ukraina;Inne;Inne;328,00;termowizor - celownik optyczny;szt.;1,0000;Straż Graniczna
20.01.2025 09:35:00;Do RP;przejście;Bieszczadzki;PSG w Hermanowicach;Malhowice - Niżankowice;Ukraina;Inne;Inne;1585,00;luneta celownicza optyczna;szt.;1,0000;Straż Graniczna
20.01.2025 09:35:00;Do RP;przejście;Bieszczadzki;PSG w Hermanowicach;Malhowice - Niżankowice;Ukraina;Inne;Inne;12474,00;luneta snajperska optyczna wraz z montażem do bronii snajperskiej;szt.;1,0000;Straż Graniczna
20.01.2025 09:35:00;Do RP;przejście;Bieszczadzki;PSG w Hermanowicach;Malhowice - Niżankowice;Ukraina;Inne;Inne;7083,23;kolimator optyczny ;szt.;1,0000;Straż Graniczna
20.01.2025 09:35:00;Do RP;przejście;Bieszczadzki;PSG w Hermanowicach;Malhowice - Niżankowice;Ukraina;Inne;Inne;6736,73;dron DJIMini3;szt.;1,0000;Straż Graniczna
14.01.2025 10:05:00;wewnątrz kraju;kraj;Podlaski;PSG w Augustowie;;wewnątrz kraju;Papierosy;Papierosy;8488,15;Minsk, akcyza białoruska;szt.;9660,0000;Straż Graniczna
21.01.2025 11:16:00;wewnątrz kraju;kraj;Podlaski;PSG w Augustowie;;wewnątrz kraju;Papierosy;Papierosy;8488,15;Minsk, akcyza białoruska;szt.;9660,0000;Straż Graniczna
21.01.2025 10:30:00;wewnątrz kraju;kraj;Warmińsko-Mazurski;PSG w Węgorzewie;;wewnątrz kraju;Papierosy;Papierosy;2706,37;;szt.;3080,0000;Straż Graniczna
21.01.2025 11:50:00;Do RP;przejście;Nadbużański;PSG w Terespolu;Terespol - Brześć;Białoruś;Płyn do e-papierosów;Płyn do e-papierosów;390,00;;litr;0,3000;Straż Graniczna
21.01.2025 15:50:00;Z RP;przejście;Karpacki;PSG w Krakowie-Balicach;Kraków-Balice;lotnicza;Amunicja;Ostra;9,00;oznaczenie na denku: WIN 9mm LUGER;szt.;1,0000;Straż Graniczna
21.01.2025 16:30:00;Z RP;przejście;Nadodrzański;PSG w Zielonej Górze-Babimoście;Zielona Góra-Babimost;lotnicza;Inne;Inne;50,00;KASTET;szt.;1,0000;Straż Graniczna
21.01.2025 14:30:00;Do RP;strefa;Nadodrzański;PSG w Świecku;;Niemcy;Narkotyki;Kokaina;315000,00;;kg;1,0500;KAS | SG | Policja
21.01.2025 21:30:00;Do RP;strefa;Morski;PSG w Świnoujściu;;morska;Pojazdy;Inny;55000,00;skuter wodny marki BRP;szt.;1,0000;Straż Graniczna
22.01.2025 01:30:00;Do RP;przejście;Nadbużański;PSG w Dołhobyczowie;Dołhobyczów - Uhrynów;Ukraina;Papierosy;Papierosy;35,15;40 sztuk papierosów marki ROTHMANS;szt.;40,0000;Straż Graniczna
22.01.2025 05:30:00;Z RP;przejście;Nadbużański;PSG w Hrubieszowie;Zosin - Ustiług;Ukraina;Pojazdy;Osobowy;60000,00;Mercedes nr VIN WDDNG86X68A197675;szt.;1,0000;Straż Graniczna
22.01.2025 07:15:00;Do RP;przejście;Nadbużański;PSG w Dołhobyczowie;Dołhobyczów - Uhrynów;Ukraina;Papierosy;Papierosy;35,15;40 sztuk papierosów marki DAVIDOFF;szt.;40,0000;Straż Graniczna
22.01.2025 10:50:00;Do RP;przejście;Nadbużański;PSG w Dorohusku;Dorohusk - Jagodzin;Ukraina;Papierosy;Papierosy;52,72;;szt.;60,0000;Straż Graniczna
22.01.2025 10:50:00;Do RP;przejście;Nadbużański;PSG w Dorohusku;Dorohusk - Jagodzin;Ukraina;Papierosy;Papierosy;49,21;;szt.;56,0000;Straż Graniczna
22.01.2025 11:15:00;Do RP;przejście;Nadbużański;PSG w Hrebennem;Hrebenne - Rawa Ruska;Ukraina;Alkohol;Wódka;200,00;uszczuplenia celne 212.00 zł.;litr;5,0000;Straż Graniczna
22.01.2025 10:50:00;Do RP;przejście;Nadbużański;PSG w Dorohusku;Dorohusk - Jagodzin;Ukraina;Papierosy;Papierosy;46,57;;szt.;53,0000;Straż Graniczna
22.01.2025 10:50:00;Do RP;przejście;Nadbużański;PSG w Dorohusku;Dorohusk - Jagodzin;Ukraina;Papierosy;Papierosy;55,36;;szt.;63,0000;Straż Graniczna
22.01.2025 09:20:00;wewnątrz kraju;kraj;Bieszczadzki;PSG w Rzeszowie–Jasionce;;wewnątrz kraju;Papierosy;Papierosy;8716,60;różne marki;szt.;9920,0000;Straż Graniczna
22.01.2025 10:50:00;Do RP;przejście;Nadbużański;PSG w Dorohusku;Dorohusk - Jagodzin;Ukraina;Papierosy;Papierosy;35,15;;szt.;40,0000;Straż Graniczna
22.01.2025 08:35:00;Z RP;przejście;Bieszczadzki;PSG w Medyce;Medyka - Szeginie;Ukraina;Narkotyki;Marihuana;92,40;W słoiku owinięta taśmą izolacyjną. ;kg;0,0013;Straż Graniczna
22.01.2025 11:30:00;wewnątrz kraju;kraj;Nadbużański;Nadbużański;;wewnątrz kraju;Papierosy;Papierosy;7029,52;;szt.;8000,0000;SC
22.01.2025 13:00:00;wewnątrz kraju;strefa;Nadbużański;PSG w Białej Podlaskiej;;Białoruś;Narkotyki;Extasy;595,00;;tabletka;17,0000;Straż Graniczna
22.01.2025 10:45:00;wewnątrz kraju;kraj;Nadodrzański;PSG w Poznaniu-Ławicy;;wewnątrz kraju;Tytoń;krajanka tytoniowa;363513,69;;kg;544,0600;Policja | SG
22.01.2025 10:45:00;wewnątrz kraju;kraj;Nadodrzański;PSG w Poznaniu-Ławicy;;wewnątrz kraju;Narkotyki;Marihuana;252,00;;kg;0,0053;Policja | SG
22.01.2025 16:30:00;wewnątrz kraju;kraj;Śląski;Śląski;;wewnątrz kraju;Narkotyki;Amfetamina;327382,50;;kg;4,3651;Straż Graniczna
22.01.2025 12:00:00;Do RP;przejście;Nadbużański;PSG w Dołhobyczowie;Dołhobyczów - Uhrynów;Ukraina;Papierosy;Papierosy;105,44;;szt.;120,0000;SC
23.01.2025 02:10:00;Z RP;przejście;Bieszczadzki;PSG w Korczowej;Korczowa - Krakowiec;Ukraina;Pojazdy;Inny;120000,00;MERCEDES SPRINTER (rok produkcji 2013) - autokar (o ustalonym nr VIN WDB9066351S417048) figurujący w bazie SIS-R oraz INTERPOL.;szt.;1,0000;Straż Graniczna
23.01.2025 08:21:00;Z RP;przejście;Nadwiślański;PSG w Warszawie-Modlinie;Warszawa/Modlin;lotnicza;Amunicja;Ostra;;S&B 9x19;szt.;1,0000;Straż Graniczna
23.01.2025 09:35:00;Z RP;przejście;Bieszczadzki;PSG w Korczowej;Korczowa - Krakowiec;Ukraina;Odpady i materiały szkodliwe bądź promieniotwórcze;Inne;1900,00;Pocięta karaseria samochodowa;szt.;1,0000;Straż Graniczna
22.01.2025 16:50:00;wewnątrz kraju;kraj;Śląski;Śląski;;wewnątrz kraju;Narkotyki;Inne;215010,00;Mefedron;kg;3,5835;Policja | SG
22.01.2025 16:50:00;wewnątrz kraju;kraj;Śląski;Śląski;;wewnątrz kraju;Narkotyki;Marihuana;700,00;;kg;0,0140;Policja | SG
22.01.2025 16:50:00;wewnątrz kraju;kraj;Śląski;Śląski;;wewnątrz kraju;Narkotyki;Amfetamina;684157,50;;kg;9,1221;Policja | SG
22.01.2025 16:50:00;wewnątrz kraju;kraj;Śląski;Śląski;;wewnątrz kraju;Narkotyki;Inne;181374,00;Mefedron;kg;3,0229;Policja | SG
22.01.2025 16:50:00;wewnątrz kraju;kraj;Śląski;Śląski;;wewnątrz kraju;Narkotyki;Extasy;402,00;MDMA;kg;0,0067;Policja | SG
22.01.2025 16:50:00;wewnątrz kraju;kraj;Śląski;Śląski;;wewnątrz kraju;Narkotyki;Kokaina;8085,00;;kg;0,0231;Policja | SG
23.01.2025 11:20:00;wewnątrz kraju;kraj;Karpacki;PSG w Tarnowie;;wewnątrz kraju;Tytoń;krajanka tytoniowa;149816,65;;kg;170,5000;Straż Graniczna
23.01.2025 11:20:00;wewnątrz kraju;kraj;Karpacki;PSG w Tarnowie;;wewnątrz kraju;Papierosy;Papierosy;14164,48;;szt.;16120,0000;Straż Graniczna
23.01.2025 11:20:00;wewnątrz kraju;kraj;Karpacki;PSG w Tarnowie;;wewnątrz kraju;Tytoń;krajanka tytoniowa;3075,42;;kg;3,5000;Straż Graniczna
23.01.2025 09:45:00;wewnątrz kraju;kraj;Śląski;Śląski;;wewnątrz kraju;Narkotyki;Kokaina;160286,00;;kg;0,4580;Straż Graniczna
23.01.2025 09:45:00;wewnątrz kraju;kraj;Śląski;Śląski;;wewnątrz kraju;Narkotyki;Amfetamina;570000,00;;kg;7,6000;Straż Graniczna
23.01.2025 09:45:00;wewnątrz kraju;kraj;Śląski;Śląski;;wewnątrz kraju;Inne;Inne;150,00;Kwas Siarkowy do wytrącania substancji 1255,24 grama;szt.;1,0000;Straż Graniczna
23.01.2025 09:45:00;wewnątrz kraju;kraj;Śląski;Śląski;;wewnątrz kraju;Narkotyki;Inne;55994,40;Amina płynna;kg;9,0900;Straż Graniczna
23.01.2025 21:10:00;Z RP;przejście;Bieszczadzki;PSG w Korczowej;Korczowa - Krakowiec;Ukraina;Pojazdy;Osobowy;45000,00;pojazd osobowy marki BMW;szt.;1,0000;Straż Graniczna
23.01.2025 23:00:00;Do RP;strefa;Nadodrzański;PSG w Świecku;;Niemcy;Narkotyki;Marihuana;93,60;3 skręty papierosowe;kg;0,0021;Straż Graniczna
23.01.2025 23:00:00;Do RP;strefa;Nadodrzański;PSG w Świecku;;Niemcy;Narkotyki;Marihuana;50,40;1 skręt papierosowy;kg;0,0011;Straż Graniczna
24.01.2025 06:09:00;wewnątrz kraju;strefa;Bieszczadzki;PSG w Krościenku;;Ukraina;Alkohol;Wódka;240,00;;litr;6,0000;Straż Graniczna
24.01.2025 06:09:00;wewnątrz kraju;strefa;Bieszczadzki;PSG w Krościenku;;Ukraina;Papierosy;Papierosy;70,30;;szt.;80,0000;Straż Graniczna
11.01.2025 07:15:00;wewnątrz kraju;strefa;Nadbużański;PSG w Białej Podlaskiej;;Białoruś;Narkotyki;Amfetamina;;;kg;0,0002;Straż Graniczna
24.01.2025 12:56:00;wewnątrz kraju;kraj;Morski;PSG w Świnoujściu;;wewnątrz kraju;Pojazdy;Osobowy;65000,00;Mazda 3;szt.;1,0000;Straż Graniczna
17.01.2025 19:15:00;wewnątrz kraju;strefa;Nadbużański;PSG w Białej Podlaskiej;;Białoruś;Narkotyki;Marihuana;;;kg;0,0018;Straż Graniczna
24.01.2025 12:00:00;wewnątrz kraju;kraj;Nadodrzański;PSG w Świecku;;wewnątrz kraju;Pojazdy;Osobowy;40000,00;Hyundai IX35;szt.;1,0000;Straż Graniczna
24.01.2025 14:30:00;Z RP;przejście;Nadbużański;PSG w Terespolu;Terespol - Brześć;Białoruś;Pojazdy;Osobowy;67000,00;BMW X6 ROK PRODUKCJI 2009;szt.;1,0000;Straż Graniczna
24.01.2025 16:16:00;Do RP;przejście;Nadbużański;PSG w Dołhobyczowie;Dołhobyczów - Uhrynów;Ukraina;Papierosy;Papierosy;52,72;40 szt. papierosów m-ki CHESTERFIELD, 20 szt. papierosów m-ki CAMEL;szt.;60,0000;Straż Graniczna
24.01.2025 19:30:00;wewnątrz kraju;kraj;Warmińsko-Mazurski;PSG w Bezledach;;wewnątrz kraju;Papierosy;Papierosy;35147,60;;szt.;40000,0000;Policja | SG
24.01.2025 19:30:00;Do RP;przejście;Nadodrzański;PSG w Poznaniu-Ławicy;Poznań-Ławica;lotnicza;Broń;Inna;20,00;Kastet;szt.;1,0000;Straż Graniczna
24.01.2025 20:45:00;Z RP;przejście;Bieszczadzki;PSG w Korczowej;Korczowa - Krakowiec;Ukraina;Pojazdy;Osobowy;50000,00;Mercedes Sprinter;szt.;1,0000;Straż Graniczna
25.01.2025 03:00:00;Z RP;przejście;Nadbużański;PSG w Hrebennem;Hrebenne - Rawa Ruska;Ukraina;Inne;Podzespoły samochodowe;6000,00;Skrzynia biegów;szt.;2,0000;Straż Graniczna
25.01.2025 03:00:00;Z RP;przejście;Nadbużański;PSG w Hrebennem;Hrebenne - Rawa Ruska;Ukraina;Inne;Podzespoły samochodowe;2000,00;Drzwi przednie ;szt.;2,0000;Straż Graniczna
25.01.2025 10:02:00;wewnątrz kraju;strefa;Podlaski;PSG w Szudziałowie;;Białoruś;Papierosy;Papierosy;25341,42;;szt.;28840,0000;Straż Graniczna
23.01.2025 13:40:00;Do RP;przejście;Nadbużański;PSG w Dorohusku;Dorohusk - Jagodzin;Ukraina;Papierosy;Papierosy;105,44;;szt.;120,0000;Straż Graniczna
24.01.2025 21:00:00;Do RP;przejście;Nadbużański;PSG w Dorohusku;Dorohusk - Jagodzin;Ukraina;Papierosy;Papierosy;128,29;;szt.;146,0000;Straż Graniczna
25.01.2025 22:40:00;Do RP;przejście;Nadbużański;PSG w Dorohusku;Dorohusk - Jagodzin;Ukraina;Papierosy;Papierosy;263,61;;szt.;300,0000;Straż Graniczna
25.01.2025 22:40:00;Do RP;przejście;Nadbużański;PSG w Dorohusku;Dorohusk - Jagodzin;Ukraina;Tytoń;Tytoń do palenia;140,71;wyroby nowatorskie Tera Blossom Wave (aromatyzowane) bez wyceny;kg;0,2106;Straż Graniczna
26.01.2025 02:20:00;Z RP;przejście;Nadbużański;PSG w Hrebennem;Hrebenne - Rawa Ruska;Ukraina;Narkotyki;Marihuana;28,50;;kg;0,0006;Straż Graniczna
26.01.2025 12:13:00;Do RP;przejście;Nadbużański;PSG w Terespolu;Kukuryki - Kozłowiczy;Białoruś;Papierosy;Papierosy;1230,17;;szt.;1400,0000;Straż Graniczna
26.01.2025 16:41:00;Do RP;przejście;Bieszczadzki;PSG w Medyce;Medyka - Szeginie;Ukraina;Papierosy;Papierosy;70,30;Marka: SOBRANIE;szt.;80,0000;Straż Graniczna
26.01.2025 22:05:00;Z RP;przejście;Nadbużański;PSG w Hrebennem;Hrebenne - Rawa Ruska;Ukraina;Narkotyki;Marihuana;174,50;;kg;0,0035;Straż Graniczna
27.01.2025 01:25:00;Do RP;przejście;Nadbużański;PSG w Dołhobyczowie;Dołhobyczów - Uhrynów;Ukraina;Papierosy;Papierosy;52,72;60 sztuk (3 paczki) papierosów marki COMPLIMENT;szt.;60,0000;Straż Graniczna
27.01.2025 06:35:00;Z RP;przejście;Bieszczadzki;PSG w Korczowej;Korczowa - Krakowiec;Ukraina;Pojazdy;Osobowy;70000,00;Mercedes Benz;szt.;1,0000;Straż Graniczna
24.01.2025 11:00:00;wewnątrz kraju;kraj;Nadwiślański;PSG w Warszawie-Okęciu;;wewnątrz kraju;Narkotyki;Marihuana;5594,85;dwie paczki ;kg;0,1243;inny
27.01.2025 17:04:00;Z RP;przejście;Bieszczadzki;PSG w Rzeszowie–Jasionce;Rzeszów-Jasionka;lotnicza;Amunicja;Ostra;3,00;7,62x25;szt.;2,0000;Straż Graniczna
27.01.2025 22:50:00;Do RP;przejście;Nadbużański;PSG w Dorohusku;Dorohusk - Jagodzin;Ukraina;Papierosy;Papierosy;69,42;WNIOSEK NR 26;szt.;79,0000;Straż Graniczna
27.01.2025 23:00:00;Do RP;przejście;Nadbużański;PSG w Dorohusku;Dorohusk - Jagodzin;Ukraina;Papierosy;Papierosy;246,03;WNIOSEK NR 27;szt.;280,0000;Straż Graniczna
27.01.2025 14:30:00;wewnątrz kraju;kraj;Bieszczadzki;Bieszczadzki;;wewnątrz kraju;Papierosy;Papierosy;175738,00;Regina;szt.;200000,0000;Straż Graniczna
27.01.2025 23:15:00;Do RP;przejście;Nadbużański;PSG w Dorohusku;Dorohusk - Jagodzin;Ukraina;Tytoń;susz tytoniowy;;WNIOSEK NR 28;kg;0,2010;Straż Graniczna
27.01.2025 20:00:00;wewnątrz kraju;kraj;Śląski;PSG w Katowicach-Pyrzowicach;;wewnątrz kraju;Narkotyki;Marihuana;29,28;susz roślinny z obecnością THC;kg;0,0006;Straż Graniczna
27.01.2025 18:30:00;wewnątrz kraju;kraj;Morski;PSG we Władysławowie;;wewnątrz kraju;Pojazdy;Osobowy;50000,00;Pojazd osobowy JEEP RENEGADE (niemieckie nr. rej.);szt.;1,0000;Straż Graniczna
27.01.2025 18:30:00;wewnątrz kraju;kraj;Morski;PSG we Władysławowie;;wewnątrz kraju;Narkotyki;Amfetamina;;;kg;0,0100;Straż Graniczna
27.01.2025 18:30:00;wewnątrz kraju;kraj;Morski;PSG we Władysławowie;;wewnątrz kraju;Narkotyki;Extasy;;;tabletka;5,0000;Straż Graniczna
28.01.2025 05:25:00;Z RP;strefa;Śląski;PSG w Katowicach-Pyrzowicach;;lotnicza;Amunicja;Ostra;1,10;Amunicja koloru żółtego z wygrawerowanym na spodzie napisem LUGER;szt.;1,0000;Straż Graniczna
28.01.2025 10:00:00;Do RP;przejście;Nadbużański;PSG w Terespolu;Terespol - Brześć;Białoruś;Papierosy;Papierosy;2477,91;;szt.;2820,0000;KAS | SG
08.01.2025 19:00:00;wewnątrz kraju;strefa;Bieszczadzki;PSG w Korczowej;;Ukraina;Inne;Inne;45000,20;części samochopdowe;szt.;28,0000;Straż Graniczna
08.01.2025 19:00:00;wewnątrz kraju;strefa;Bieszczadzki;PSG w Korczowej;;Ukraina;Alkohol;Wino;30756,00;;litr;2563,0000;Straż Graniczna
28.01.2025 13:35:00;wewnątrz kraju;kraj;Bieszczadzki;Bieszczadzki;;wewnątrz kraju;Pojazdy;Osobowy;40000,00;;szt.;1,0000;Policja | SG
28.01.2025 13:35:00;wewnątrz kraju;kraj;Bieszczadzki;Bieszczadzki;;wewnątrz kraju;Pojazdy;Osobowy;80000,00;;szt.;1,0000;Policja | SG
28.01.2025 13:35:00;wewnątrz kraju;kraj;Bieszczadzki;Bieszczadzki;;wewnątrz kraju;Pojazdy;Osobowy;80000,00;;szt.;1,0000;Policja | SG
28.01.2025 13:35:00;wewnątrz kraju;kraj;Bieszczadzki;Bieszczadzki;;wewnątrz kraju;Inne;Inne;5000,00;podzespoły pojazdów marek Hyundai i Renault ;szt.;5,0000;Policja | SG
28.01.2025 11:55:00;wewnątrz kraju;kraj;Nadbużański;PSG w Lublinie;;wewnątrz kraju;Papierosy;Papierosy;8048,80;Różne marki;szt.;9160,0000;Straż Graniczna
28.01.2025 20:00:00;Z RP;przejście;Warmińsko-Mazurski;PSG w Bezledach;Bezledy - Bagrationowsk;Rosja;Inne;Podzespoły samochodowe;20000,00;silnik;szt.;1,0000;Straż Graniczna
28.01.2025 20:00:00;Z RP;przejście;Warmińsko-Mazurski;PSG w Bezledach;Bezledy - Bagrationowsk;Rosja;Inne;Podzespoły samochodowe;5000,00;skrzynia biegów do pojazdu marki Mercedes E 350;szt.;1,0000;Straż Graniczna
28.01.2025 20:00:00;Z RP;przejście;Warmińsko-Mazurski;PSG w Bezledach;Bezledy - Bagrationowsk;Rosja;Inne;Podzespoły samochodowe;5000,00;skrzynia biegów do pojazdu marki BMW 420D;szt.;1,0000;Straż Graniczna
28.01.2025 06:48:00;wewnątrz kraju;strefa;Podlaski;PSG w Białowieży;;Białoruś;Inne;Inne;1111,44;Turinabol;szt.;6,0000;Straż Graniczna
28.01.2025 06:48:00;wewnątrz kraju;strefa;Podlaski;PSG w Białowieży;;Białoruś;Inne;Inne;606,24;Methanon;szt.;6,0000;Straż Graniczna
28.01.2025 06:48:00;wewnątrz kraju;strefa;Podlaski;PSG w Białowieży;;Białoruś;Inne;Inne;471,52;Stanon;szt.;4,0000;Straż Graniczna
28.01.2025 06:48:00;wewnątrz kraju;strefa;Podlaski;PSG w Białowieży;;Białoruś;Inne;Inne;315,75;Anastron;szt.;3,0000;Straż Graniczna
28.01.2025 06:48:00;wewnątrz kraju;strefa;Podlaski;PSG w Białowieży;;Białoruś;Inne;Inne;200,00;Clonon;szt.;2,0000;Straż Graniczna
28.01.2025 06:48:00;wewnątrz kraju;strefa;Podlaski;PSG w Białowieży;;Białoruś;Inne;Inne;2408,12;Testonon;szt.;26,0000;Straż Graniczna
28.01.2025 06:48:00;wewnątrz kraju;strefa;Podlaski;PSG w Białowieży;;Białoruś;Inne;Inne;1237,74;Trenbonon E;szt.;6,0000;Straż Graniczna
28.01.2025 06:48:00;wewnątrz kraju;strefa;Podlaski;PSG w Białowieży;;Białoruś;Inne;Inne;1305,10;Testonon E;szt.;10,0000;Straż Graniczna
28.01.2025 06:48:00;wewnątrz kraju;strefa;Podlaski;PSG w Białowieży;;Białoruś;Inne;Inne;732,54;Testonon C;szt.;6,0000;Straż Graniczna
28.01.2025 06:48:00;wewnątrz kraju;strefa;Podlaski;PSG w Białowieży;;Białoruś;Inne;Inne;757,80;Nandron D;szt.;5,0000;Straż Graniczna
28.01.2025 06:48:00;wewnątrz kraju;strefa;Podlaski;PSG w Białowieży;;Białoruś;Inne;Inne;820,95;Drostanon E;szt.;5,0000;Straż Graniczna
28.01.2025 06:48:00;wewnątrz kraju;strefa;Podlaski;PSG w Białowieży;;Białoruś;Inne;Inne;842,00;Drostanon P;szt.;5,0000;Straż Graniczna
28.01.2025 06:48:00;wewnątrz kraju;strefa;Podlaski;PSG w Białowieży;;Białoruś;Inne;Inne;555,72;Sustonon;szt.;4,0000;Straż Graniczna
28.01.2025 06:48:00;wewnątrz kraju;strefa;Podlaski;PSG w Białowieży;;Białoruś;Inne;Inne;842,00;Trenbonon A;szt.;5,0000;Straż Graniczna
29.01.2025 08:00:00;wewnątrz kraju;kraj;Nadbużański;PSG w Terespolu;;wewnątrz kraju;Pojazdy;Osobowy;170000,00;TOYOTA;szt.;1,0000;Policja | SG
29.01.2025 13:58:00;wewnątrz kraju;kraj;Morski;PSG w Ustce;;wewnątrz kraju;Narkotyki;Amfetamina;91,50;;kg;0,0037;Straż Graniczna
29.01.2025 13:58:00;wewnątrz kraju;kraj;Morski;PSG w Ustce;;wewnątrz kraju;Narkotyki;Marihuana;1044,00;;kg;0,0209;Straż Graniczna
29.01.2025 13:58:00;wewnątrz kraju;kraj;Morski;PSG w Ustce;;wewnątrz kraju;Papierosy;Papierosy;562,36;;szt.;640,0000;Straż Graniczna
29.01.2025 14:45:00;wewnątrz kraju;kraj;Podlaski;PSG w Kuźnicy;;wewnątrz kraju;Papierosy;Papierosy;1845,25;MARLBORO;szt.;2100,0000;Policja
29.01.2025 16:00:00;wewnątrz kraju;strefa;Nadbużański;PSG w Woli Uhruskiej;;Ukraina;Inne;Inne;96000,00;Automaty do gier hazardowych;szt.;8,0000;KAS | SG | Policja
29.01.2025 15:00:00;wewnątrz kraju;kraj;Nadodrzański;PSG w Jeleniej Górze;;wewnątrz kraju;Tytoń;Tytoń do palenia;1013149,25;;kg;1516,3500;KAS | SG
29.01.2025 15:00:00;wewnątrz kraju;kraj;Nadodrzański;PSG w Jeleniej Górze;;wewnątrz kraju;Tytoń;Tytoń do palenia;1024808,47;;kg;1533,8000;KAS | SG
27.01.2025 22:40:00;Do RP;przejście;Nadbużański;PSG w Dorohusku;Dorohusk - Jagodzin;Ukraina;Papierosy;Papierosy;193,31;;szt.;220,0000;Straż Graniczna
28.01.2025 00:40:00;Do RP;przejście;Nadbużański;PSG w Dorohusku;Dorohusk - Jagodzin;Ukraina;Papierosy;Papierosy;210,89;;szt.;240,0000;Straż Graniczna
28.01.2025 13:30:00;Do RP;przejście;Nadbużański;PSG w Dorohusku;Dorohusk - Jagodzin;Ukraina;Papierosy;Papierosy;123,02;;szt.;140,0000;Straż Graniczna
30.01.2025 02:00:00;Do RP;przejście;Nadbużański;PSG w Hrubieszowie;Zosin - Ustiług;Ukraina;Inne;Inne;1652,49;Nadwyżka paliwa (Diesel) w ilości 183 l o wartości celnej 1652.49 zł.;litr;183,0000;SC | SG
30.01.2025 01:00:00;Do RP;przejście;Nadbużański;PSG w Terespolu;Terespol - Brześć;Białoruś;Alkohol;Wódka;80,00;;litr;2,0000;KAS | SG
30.01.2025 00:10:00;wewnątrz kraju;strefa;Podlaski;PSG w Rutce-Tartak;;Litwa;Pojazdy;Inny;25000,00;Ford Transit;szt.;1,0000;Straż Graniczna
30.01.2025 07:28:00;Z RP;przejście;Śląski;PSG w Katowicach-Pyrzowicach;Katowice-Pyrzowice;lotnicza;Amunicja;Ostra;3,30;amunicja koloru żółtego z napisem na spodzie łuski S&B 9x19 21;szt.;3,0000;Straż Graniczna
30.01.2025 11:30:00;Do RP;strefa;Nadodrzański;PSG w Świecku;;Niemcy;Pojazdy;Osobowy;150000,00;Toyota RAV 4;szt.;1,0000;Straż Graniczna
30.01.2025 11:30:00;Do RP;strefa;Nadodrzański;PSG w Świecku;;Niemcy;Narkotyki;Amfetamina;346,50;;kg;0,0050;Straż Graniczna
30.01.2025 13:10:00;Do RP;przejście;Nadbużański;PSG w Dołhobyczowie;Dołhobyczów - Uhrynów;Ukraina;Papierosy;Papierosy;87,87;100 sztuk papierosów marki COMPLIMENT;szt.;100,0000;Straż Graniczna
30.01.2025 13:00:00;Do RP;przejście;Nadbużański;PSG w Hrubieszowie;Zosin - Ustiług;Ukraina;Alkohol;Wódka;35,00;alkohol różnych marek o łącznej ilości 1 litra powyżej 22%;litr;1,0000;Straż Graniczna
30.01.2025 14:20:00;Do RP;przejście;Nadbużański;PSG w Dołhobyczowie;Dołhobyczów - Uhrynów;Ukraina;Papierosy;Papierosy;70,30;80 sztuk papierosów marki MONTE CARLO;szt.;80,0000;Straż Graniczna
30.01.2025 16:40:00;Do RP;przejście;Nadbużański;PSG w Dołhobyczowie;Dołhobyczów - Uhrynów;Ukraina;Papierosy;Papierosy;105,44;120 sztuk papierosów marki BOND;szt.;120,0000;Straż Graniczna
30.01.2025 19:00:00;wewnątrz kraju;kraj;Bieszczadzki;Bieszczadzki;;wewnątrz kraju;Pojazdy;Osobowy;180000,00;Nissan Qashqai;szt.;1,0000;Policja | Policja | SG
30.01.2025 12:30:00;wewnątrz kraju;kraj;Śląski;PSG w Katowicach-Pyrzowicach;;wewnątrz kraju;Narkotyki;Marihuana;6,49;susz roślinny;kg;0,0001;Straż Graniczna
30.01.2025 20:40:00;Do RP;przejście;Nadbużański;PSG w Dołhobyczowie;Dołhobyczów - Uhrynów;Ukraina;Papierosy;Papierosy;159,04;172 szt. papierosów marki Winston i 9 szt. papierosów marki LM ;szt.;181,0000;Straż Graniczna
30.01.2025 22:14:00;Do RP;przejście;Nadbużański;PSG w Dołhobyczowie;Dołhobyczów - Uhrynów;Ukraina;Papierosy;Papierosy;52,72;60 sztuk papierosów marki TEMP;szt.;60,0000;Straż Graniczna
31.01.2025 09:45:00;Do RP;przejście;Nadbużański;PSG w Dorohusku;Dorohusk - Jagodzin;Ukraina;Papierosy;Papierosy;93,14;WNIOSEK NR 10;szt.;106,0000;Straż Graniczna
31.01.2025 10:00:00;Do RP;przejście;Nadbużański;PSG w Dorohusku;Dorohusk - Jagodzin;Ukraina;Papierosy;Papierosy;130,05;WNIOSEK NR 34;szt.;148,0000;Straż Graniczna
31.01.2025 10:10:00;Do RP;przejście;Nadbużański;PSG w Dorohusku;Dorohusk - Jagodzin;Ukraina;Papierosy;Papierosy;41,30;WNIOSEK NR 33;szt.;47,0000;Straż Graniczna
31.01.2025 10:20:00;Do RP;przejście;Nadbużański;PSG w Dorohusku;Dorohusk - Jagodzin;Ukraina;Papierosy;Papierosy;35,15;WNIOSEK NR 32;szt.;40,0000;Straż Graniczna
31.01.2025 10:55:00;Z RP;przejście;Bieszczadzki;PSG w Rzeszowie–Jasionce;Rzeszów-Jasionka;lotnicza;Amunicja;Ostra;1,50;5.45x39mm ;szt.;1,0000;Straż Graniczna
01.02.2025 08:10:00;Do RP;przejście;Bieszczadzki;PSG w Korczowej;Korczowa - Krakowiec;Ukraina;Amunicja;Ostra;1,49;kaliber 7,62 x 39mm;szt.;1,0000;Straż Graniczna
01.02.2025 08:30:00;Z RP;przejście;Śląski;PSG w Katowicach-Pyrzowicach;Katowice-Pyrzowice;lotnicza;Narkotyki;Marihuana;9,65;;kg;0,0002;Straż Graniczna
01.02.2025 14:39:00;Do RP;przejście;Nadbużański;PSG w Dorohusku;Dorohusk - Jagodzin;Ukraina;Papierosy;Papierosy;148,50;wniosek nr 35;szt.;169,0000;Straż Graniczna
01.02.2025 14:53:00;Do RP;przejście;Nadbużański;PSG w Dorohusku;Dorohusk - Jagodzin;Ukraina;Papierosy;Papierosy;105,44;WNIOSEK NR 36;szt.;120,0000;Straż Graniczna
01.02.2025 14:21:00;Z RP;przejście;Śląski;PSG w Katowicach-Pyrzowicach;Katowice-Pyrzowice;lotnicza;Amunicja;Ostra;2,00;STV 9mm LUGER;szt.;1,0000;Straż Graniczna
01.02.2025 19:00:00;Do RP;przejście;Nadbużański;PSG w Hrebennem;Hrebenne - Rawa Ruska;Ukraina;Tytoń;Tytoń do palenia;42,63;Wyroby nowatorskie;kg;0,0638;Straż Graniczna
01.02.2025 19:13:00;Do RP;przejście;Nadbużański;PSG w Terespolu;Terespol - Brześć;Białoruś;Papierosy;Papierosy;755,67;;szt.;860,0000;Straż Graniczna
01.02.2025 22:10:00;Do RP;przejście;Nadbużański;PSG w Dorohusku;Dorohusk - Jagodzin;Ukraina;Papierosy;Papierosy;47,45;WNIOSEK NR 38;szt.;54,0000;Straż Graniczna
01.02.2025 23:15:00;Z RP;przejście;Nadbużański;PSG w Terespolu;Terespol - Brześć;Białoruś;Pojazdy;Osobowy;65000,00;BMW X6M, nr rej. 4999MH1, nr VIN: WBSGZ01030LM11306, rok produkcji: 2010;szt.;1,0000;Straż Graniczna
02.02.2025 05:04:00;Z RP;przejście;Nadwiślański;PSG w Warszawie-Modlinie;Warszawa/Modlin;lotnicza;Amunicja;Ostra;;LUGER 9mm STV;szt.;1,0000;Straż Graniczna
02.02.2025 10:00:00;Z RP;przejście;Nadbużański;PSG w Dołhobyczowie;Dołhobyczów - Uhrynów;Ukraina;Pojazdy;Osobowy;50000,00;Mazda CX 5, rok. prod. 2013;szt.;1,0000;Straż Graniczna
02.02.2025 11:15:00;Z RP;przejście;Bieszczadzki;PSG w Rzeszowie–Jasionce;Rzeszów-Jasionka;lotnicza;Amunicja;Ostra;2,00;;szt.;1,0000;Straż Graniczna
02.02.2025 12:50:00;Z RP;przejście;Karpacki;PSG w Krakowie-Balicach;Kraków-Balice;lotnicza;Amunicja;Ostra;10,00;7,62 z oznaczeniem na denku 21 62;szt.;1,0000;Straż Graniczna
02.02.2025 09:18:00;Do RP;przejście;Nadbużański;PSG w Dorohusku;Dorohusk - Jagodzin;Ukraina;Amunicja;Ostra;;pociski dł. 57mm, średnica pociski 10mm, o znaczeniach przy spłonce 73   3;szt.;3,0000;SC | SG
02.02.2025 13:35:00;wewnątrz kraju;strefa;Bieszczadzki;PSG w Huwnikach;;Ukraina;Amunicja;Ostra;2,00;;szt.;1,0000;Straż Graniczna
03.02.2025 00:00:00;Z RP;przejście;Warmińsko-Mazurski;PSG w Grzechotkach;Grzechotki - Mamonowo II;Rosja;Amunicja;Inna;;łuski mogące służyć do elaboracji amunicji.;szt.;31,0000;SC
03.02.2025 03:19:00;Do RP;przejście;Nadbużański;PSG w Terespolu;Terespol - Brześć;Białoruś;Papierosy;Papierosy;105442,80;;szt.;120000,0000;KAS | SG
03.02.2025 10:10:00;wewnątrz kraju;kraj;Nadwiślański;PSG w Warszawie-Okęciu;Warszawa-Okęcie;wewnątrz kraju;Amunicja;Ostra;;ostra;szt.;1,0000;Straż Graniczna
27.01.2025 13:30:00;Do RP;przejście;Śląski;PSG w Katowicach-Pyrzowicach;Katowice-Pyrzowice;lotnicza;Narkotyki;Inne;187500,00;50 szt. fiolek z kolorową grafiką;szt.;50,0000;Straż Graniczna
03.02.2025 13:30:00;Do RP;przejście;Bieszczadzki;PSG w Korczowej;Korczowa - Krakowiec;Ukraina;Papierosy;Papierosy;140,59;;szt.;160,0000;Straż Graniczna
03.02.2025 12:10:00;Z RP;przejście;Bieszczadzki;PSG w Rzeszowie–Jasionce;Rzeszów-Jasionka;lotnicza;Amunicja;Ostra;4,50;kaliber 5,45 x39 mm;szt.;3,0000;Straż Graniczna
03.02.2025 16:30:00;Do RP;przejście;Nadbużański;PSG w Dołhobyczowie;Dołhobyczów - Uhrynów;Ukraina;Papierosy;Papierosy;105,44;papierosy marki Winston;szt.;120,0000;Straż Graniczna
03.02.2025 15:15:00;wewnątrz kraju;strefa;Podlaski;PSG w Sejnach;;Litwa;Papierosy;Papierosy;46166,37;;szt.;52540,0000;Straż Graniczna
03.02.2025 12:00:00;Do RP;przejście;Nadbużański;PSG w Terespolu;Terespol - Brześć;Białoruś;Alkohol;Wódka;51,00;;litr;1,7000;Straż Graniczna
03.02.2025 10:40:00;Do RP;strefa;Nadodrzański;PSG w Kłodzku;;Czechy;Narkotyki;Marihuana;17950,50;;kg;0,3989;Straż Graniczna
03.02.2025 10:40:00;Do RP;strefa;Nadodrzański;PSG w Kłodzku;;Czechy;Narkotyki;Haszysz;555,00;;kg;0,0111;Straż Graniczna
03.02.2025 10:40:00;Do RP;strefa;Nadodrzański;PSG w Kłodzku;;Czechy;Waluta;Złoty - PLN;2200,00;;szt.;2200,0000;Straż Graniczna
03.02.2025 06:20:00;wewnątrz kraju;kraj;Nadodrzański;PSG w Kaliszu;;wewnątrz kraju;Papierosy;Papierosy;322725,26;;szt.;367280,0000;Policja | SC | SG | SG
03.02.2025 06:20:00;wewnątrz kraju;kraj;Nadodrzański;PSG w Kaliszu;;wewnątrz kraju;Tytoń;krajanka tytoniowa;181937,25;;kg;272,3000;Policja | SC | SG | SG
04.02.2025 07:00:00;wewnątrz kraju;kraj;Nadbużański;PSG w Terespolu;;wewnątrz kraju;Pojazdy;Osobowy;110000,00;TOYOTA CHR, KOLOR CZARNY, NR REJ. WL3021V, ROK PRODUKCJI 2022;szt.;1,0000;Policja | SG
04.02.2025 07:00:00;wewnątrz kraju;kraj;Nadbużański;PSG w Terespolu;;wewnątrz kraju;Pojazdy;Osobowy;90000,00;KIA SPORTAGE, KOLOR CZARNY, NR REJ. WF3867Y, ROK PRODUKCJI: 2019.;szt.;1,0000;Policja | SG
02.02.2025 08:30:00;Do RP;przejście;Nadbużański;PSG w Dorohusku;Dorohusk - Jagodzin;Ukraina;Papierosy;Papierosy;52,72;;szt.;60,0000;Straż Graniczna
02.02.2025 09:42:00;Do RP;przejście;Nadbużański;PSG w Dorohusku;Dorohusk - Jagodzin;Ukraina;Papierosy;Papierosy;140,59;;szt.;160,0000;Straż Graniczna
02.02.2025 22:12:00;Do RP;przejście;Nadbużański;PSG w Dorohusku;Dorohusk - Jagodzin;Ukraina;Papierosy;Papierosy;43,06;;szt.;49,0000;Straż Graniczna
03.02.2025 21:13:00;Do RP;przejście;Nadbużański;PSG w Dorohusku;Dorohusk - Jagodzin;Ukraina;Papierosy;Papierosy;91,38;;szt.;104,0000;Straż Graniczna
03.02.2025 23:19:00;Do RP;przejście;Nadbużański;PSG w Dorohusku;Dorohusk - Jagodzin;Ukraina;Papierosy;Papierosy;94,90;;szt.;108,0000;Straż Graniczna
05.02.2025 09:19:00;wewnątrz kraju;kraj;Nadbużański;PSG w Białej Podlaskiej;;wewnątrz kraju;Papierosy;Papierosy;24743,91;;szt.;28160,0000;KAS | SG
05.02.2025 14:30:00;Do RP;przejście;Nadbużański;PSG w Dołhobyczowie;Dołhobyczów - Uhrynów;Ukraina;Papierosy;Papierosy;57,99;;szt.;66,0000;Straż Graniczna
05.02.2025 14:01:00;wewnątrz kraju;kraj;Podlaski;PSG w Bobrownikach;;wewnątrz kraju;Papierosy;Papierosy;26343,13;NZ GOLD;szt.;29980,0000;Straż Graniczna
05.02.2025 14:01:00;wewnątrz kraju;kraj;Podlaski;PSG w Bobrownikach;;wewnątrz kraju;Papierosy;Papierosy;14,06;RICHMOND;szt.;16,0000;Straż Graniczna
05.02.2025 22:45:00;Do RP;przejście;Nadbużański;PSG w Dołhobyczowie;Dołhobyczów - Uhrynów;Ukraina;Papierosy;Papierosy;36,03;41 sztuk papierosów;szt.;41,0000;Straż Graniczna
05.02.2025 23:20:00;Z RP;przejście;Nadbużański;PSG w Hrebennem;Hrebenne - Rawa Ruska;Ukraina;Pojazdy;Osobowy;90000,00;Mercedes rok prod.2018;szt.;1,0000;Straż Graniczna
05.02.2025 14:30:00;Z RP;przejście;Bieszczadzki;PSG w Medyce;Medyka - Szeginie;Ukraina;Pojazdy;Osobowy;300000,00;land rover;szt.;1,0000;Straż Graniczna
06.02.2025 07:45:00;Do RP;strefa;Nadodrzański;PSG w Świecku;;Niemcy;Pojazdy;Osobowy;210000,00;Poessl;szt.;1,0000;Straż Graniczna
06.02.2025 13:30:00;Do RP;przejście;Nadbużański;PSG w Dorohusku;Dorohusk - Jagodzin;Ukraina;Papierosy;Papierosy;35,15;WNIOSEK NR 47;szt.;40,0000;Straż Graniczna
06.02.2025 13:40:00;Do RP;przejście;Nadbużański;PSG w Dorohusku;Dorohusk - Jagodzin;Ukraina;Papierosy;Papierosy;70,30;WNIOSEK NR 46;szt.;80,0000;Straż Graniczna
06.02.2025 13:50:00;Do RP;przejście;Nadbużański;PSG w Dorohusku;Dorohusk - Jagodzin;Ukraina;Papierosy;Papierosy;35,15;WNIOSEK NR 45;szt.;40,0000;Straż Graniczna
06.02.2025 14:00:00;Do RP;przejście;Nadbużański;PSG w Dorohusku;Dorohusk - Jagodzin;Ukraina;Papierosy;Papierosy;52,72;WNIOSEK NR 44;szt.;60,0000;Straż Graniczna
06.02.2025 09:30:00;Do RP;przejście;Bieszczadzki;PSG w Korczowej;Korczowa - Krakowiec;Ukraina;Inne;Inne;;442 szt. przedmiotów z oznaczeniami ZSRR (statuetka, pieczęć, medale, dokumenty oraz odznaki) - zajęty przez KAS;szt.;442,0000;Straż Graniczna
06.02.2025 12:13:00;Do RP;przejście;Nadbużański;PSG w Hrebennem;Hrebenne - Rawa Ruska;Ukraina;Papierosy;Papierosy;246,03;Uszczuplenia celne 401 zł.;szt.;280,0000;Straż Graniczna
06.02.2025 15:20:00;Z RP;przejście;Bieszczadzki;PSG w Korczowej;Korczowa - Krakowiec;Ukraina;Inne;Inne;3500,00;Rower marki CUBE (koloru srebrnego) o nr ramy WOW34066XSEV;szt.;1,0000;Straż Graniczna
06.02.2025 15:20:00;Z RP;przejście;Bieszczadzki;PSG w Korczowej;Korczowa - Krakowiec;Ukraina;Inne;Inne;4000,00;Rower marki STEVENS SUPREME PRO (koloru szarego) o nr seryjny S20CDEKKK0276;szt.;1,0000;Straż Graniczna
06.02.2025 14:20:00;Z RP;przejście;Śląski;PSG w Katowicach-Pyrzowicach;Katowice-Pyrzowice;lotnicza;Amunicja;Ostra;1,60;"1 szt. amunicji koloru brązowego z wygrawerowanym na spodzie łuski napisem ""21 87""";szt.;1,0000;Straż Graniczna
06.02.2025 17:00:00;wewnątrz kraju;kraj;Nadbużański;PSG w Dołhobyczowie;;wewnątrz kraju;Papierosy;Papierosy;75,57;;szt.;86,0000;SC | SG
06.02.2025 06:00:00;wewnątrz kraju;kraj;Nadbużański;PSG w Dołhobyczowie;;wewnątrz kraju;Papierosy;Papierosy;29024,01;;szt.;33031,0000;SC | SG
06.02.2025 21:45:00;Do RP;przejście;Nadbużański;PSG w Dorohusku;Dorohusk - Jagodzin;Ukraina;Papierosy;Papierosy;35,15;WNIOSEK NR 48;szt.;40,0000;Straż Graniczna
06.02.2025 18:40:00;Do RP;strefa;Podlaski;PSG w Michałowie;;Białoruś;Papierosy;Papierosy;17573,80;Minsk;szt.;20000,0000;Straż Graniczna
07.02.2025 11:20:00;Do RP;przejście;Bieszczadzki;PSG w Medyce;Medyka - Szeginie;Ukraina;Amunicja;Inna;87,50;Przedmiot przypominający amunicję z zakończeniem z tworzywa sztucznego;szt.;35,0000;SC | SG
07.02.2025 10:38:00;wewnątrz kraju;strefa;Bieszczadzki;PSG w Hermanowicach;;Ukraina;Papierosy;Papierosy;70,30;;szt.;80,0000;Straż Graniczna
07.02.2025 10:38:00;wewnątrz kraju;strefa;Bieszczadzki;PSG w Hermanowicach;;Ukraina;Alkohol;Wódka;130,00;;litr;2,0000;Straż Graniczna
07.02.2025 09:00:00;wewnątrz kraju;strefa;Podlaski;PSG w Nowym Dworze;;Białoruś;Papierosy;Papierosy;14937,73;Queen Menthol;szt.;17000,0000;Straż Graniczna
07.02.2025 09:00:00;wewnątrz kraju;strefa;Podlaski;PSG w Nowym Dworze;;Białoruś;Papierosy;Papierosy;8786,90;Minsk Super Slim;szt.;10000,0000;Straż Graniczna
07.02.2025 14:50:00;Z RP;przejście;Karpacki;PSG w Krakowie-Balicach;Kraków-Balice;lotnicza;Amunicja;Ostra;8,00;9mm oznaczenie na denku TC A A F;szt.;1,0000;Straż Graniczna
07.02.2025 15:30:00;wewnątrz kraju;kraj;Podlaski;PSG w Kuźnicy;;wewnątrz kraju;Papierosy;Papierosy;23724,63;;szt.;27000,0000;Straż Graniczna
09.02.2025 00:30:00;Do RP;strefa;Nadodrzański;PSG w Świecku;;Niemcy;Pojazdy;Inny;180000,00;pojazd kempingowy m-ki Citroen;szt.;1,0000;Straż Graniczna
09.02.2025 10:45:00;Do RP;przejście;Nadbużański;PSG w Dołhobyczowie;Dołhobyczów - Uhrynów;Ukraina;Papierosy;Papierosy;86,11;1 paczka LUCKY STRIKE (40 szt. papierosów), 2 paczki CAMEL (40 szt. papierosów), 1 paczka CAMEL (18 szt. papierosów);szt.;98,0000;Straż Graniczna
09.02.2025 10:15:00;Do RP;strefa;Nadodrzański;PSG w Świecku;;Niemcy;Narkotyki;Marihuana;340,20;;kg;0,0076;Straż Graniczna
09.02.2025 11:20:00;Do RP;przejście;Nadbużański;PSG w Dorohusku;Dorohusk - Jagodzin;Ukraina;Papierosy;Papierosy;52,72;;szt.;60,0000;Straż Graniczna
09.02.2025 11:20:00;Do RP;przejście;Nadbużański;PSG w Dorohusku;Dorohusk - Jagodzin;Ukraina;Papierosy;Papierosy;140,59;;szt.;160,0000;Straż Graniczna
09.02.2025 14:46:00;Z RP;przejście;Bieszczadzki;PSG w Medyce;Medyka - Szeginie;Ukraina;Pojazdy;Inny;22000,00;Rowery elektryczny;szt.;2,0000;Straż Graniczna
09.02.2025 21:30:00;Do RP;przejście;Nadbużański;PSG w Terespolu;Terespol - Brześć;Białoruś;Papierosy;Papierosy;52721,40;;szt.;60000,0000;KAS | SG
09.02.2025 22:15:00;wewnątrz kraju;strefa;Podlaski;PSG w Nowym Dworze;;Białoruś;Papierosy;Papierosy;10544,28;;szt.;12000,0000;Straż Graniczna
10.02.2025 13:30:00;Do RP;przejście;Nadbużański;PSG w Dorohusku;Dorohusk - Jagodzin;Ukraina;Narkotyki;Amfetamina;50,40;;kg;0,0007;Straż Graniczna
11.02.2025 00:10:00;Do RP;przejście;Nadbużański;PSG w Dorohusku;Dorohusk - Jagodzin;Ukraina;Papierosy;Papierosy;87,87;;szt.;100,0000;Straż Graniczna
11.02.2025 00:04:00;wewnątrz kraju;strefa;Podlaski;PSG w Nowym Dworze;;Białoruś;Papierosy;Papierosy;26360,70;;szt.;30000,0000;Straż Graniczna
10.02.2025 23:55:00;Do RP;przejście;Nadbużański;PSG w Dołhobyczowie;Dołhobyczów - Uhrynów;Ukraina;Papierosy;Papierosy;172,22;1 paczka (20 szt) papierosów marki CHESTERFIELD, 9 paczek papierosów marki DAVIDOF (8 paczek po 20 szt., 1 paczka 16 szt.;szt.;196,0000;Straż Graniczna
10.02.2025 20:00:00;Do RP;przejście;Nadbużański;PSG w Terespolu;Terespol - Brześć;Białoruś;Inne;Inne;75,00;produkty pochodzenia roślinnego;kg;7,5000;KAS | SG
10.02.2025 20:00:00;Do RP;przejście;Nadbużański;PSG w Terespolu;Terespol - Brześć;Białoruś;Inne;Inne;1700,00;elementy prawdopodobnie kła mamuta;szt.;8,0000;KAS | SG
11.02.2025 05:40:00;Do RP;przejście;Nadbużański;PSG w Dołhobyczowie;Dołhobyczów - Uhrynów;Ukraina;Papierosy;Papierosy;127,41;5 paczek papierosów marki LD po 25szt w paczce i 1 paczka marki LD po 20 szt. papierosów;szt.;145,0000;Straż Graniczna
11.02.2025 05:40:00;Do RP;przejście;Nadbużański;PSG w Dołhobyczowie;Dołhobyczów - Uhrynów;Ukraina;Tytoń;Tytoń do palenia;10,02;tytoń do palenia marli LD 15 g;kg;0,0150;Straż Graniczna
11.02.2025 09:30:00;Z RP;przejście;Bieszczadzki;PSG w Medyce;Medyka - Szeginie;Ukraina;Inne;Inne;2900,00;Rower Górski Marki Cube 2014r. ;szt.;1,0000;Straż Graniczna
11.02.2025 17:05:00;wewnątrz kraju;kraj;Morski;Morski;;wewnątrz kraju;Narkotyki;Kokaina;38100000,00;;kg;127,0000;Straż Graniczna
11.02.2025 15:00:00;Do RP;strefa;Nadodrzański;PSG w Świecku;;Niemcy;Pojazdy;Osobowy;110000,00;HYUNDAI IONIQ5;szt.;1,0000;Straż Graniczna
11.02.2025 10:30:00;wewnątrz kraju;kraj;Nadbużański;PSG w Dorohusku;;wewnątrz kraju;Pojazdy;Naczepa;210000,00;Schmitz;szt.;1,0000;Policja
11.02.2025 21:32:00;wewnątrz kraju;kraj;Bieszczadzki;Bieszczadzki;;wewnątrz kraju;Pojazdy;Osobowy;79000,00;KIA XCeed;szt.;1,0000;Policja
11.02.2025 21:32:00;wewnątrz kraju;kraj;Bieszczadzki;Bieszczadzki;;wewnątrz kraju;Pojazdy;Osobowy;60000,00;Subaru Impreza;szt.;1,0000;Policja
12.02.2025 01:30:00;Z RP;przejście;Nadbużański;PSG w Hrubieszowie;Zosin - Ustiług;Ukraina;Inne;Podzespoły samochodowe;10000,00;;szt.;1,0000;Straż Graniczna
12.02.2025 11:19:00;wewnątrz kraju;strefa;Bieszczadzki;PSG w Medyce;;Ukraina;Pojazdy;Osobowy;250000,00;Mercedes klasy X;szt.;1,0000;Policja | SG
29.01.2025 16:00:00;wewnątrz kraju;strefa;Nadbużański;PSG w Woli Uhruskiej;;Ukraina;Narkotyki;Marihuana;36,90;;kg;0,0008;KAS | SG | Policja
12.02.2025 12:00:00;Do RP;strefa;Podlaski;PSG w Czeremsze;;Białoruś;Papierosy;Papierosy;17573,80;QUEEN MENTHOL ;szt.;20000,0000;Straż Graniczna
12.02.2025 12:00:00;Do RP;strefa;Podlaski;PSG w Czeremsze;;Białoruś;Papierosy;Papierosy;8786,90;MIŃSK;szt.;10000,0000;Straż Graniczna
12.02.2025 19:30:00;wewnątrz kraju;kraj;Bieszczadzki;Bieszczadzki;;wewnątrz kraju;Pojazdy;Osobowy;84000,00;Seat Arona;szt.;1,0000;Policja | Policja | SG
12.02.2025 14:15:00;wewnątrz kraju;strefa;Podlaski;PSG w Lipsku;;Białoruś;Papierosy;Papierosy;26360,70;;szt.;30000,0000;Straż Graniczna
12.02.2025 21:40:00;wewnątrz kraju;strefa;Nadbużański;PSG w Terespolu;;Białoruś;Papierosy;Papierosy;5272,14;120 paczek papierosów marki „NZ” oraz 180 paczek papierosów marki „Mińsk”.;szt.;6000,0000;Straż Graniczna
13.02.2025 23:10:00;Do RP;przejście;Nadbużański;PSG w Dorohusku;Dorohusk - Jagodzin;Ukraina;Amunicja;Ostra;;"amunicja dł. 56mm, średnica łuski 11 mm, o oznaczeniach przy spłonce ""60"" oraz ""69""";szt.;1,0000;Straż Graniczna
12.02.2025 17:00:00;Do RP;przejście;Nadbużański;PSG w Terespolu;Terespol - Brześć;Białoruś;Papierosy;Papierosy;1230,17;;szt.;1400,0000;KAS | SG
12.02.2025 17:00:00;Do RP;przejście;Nadbużański;PSG w Terespolu;Terespol - Brześć;Białoruś;Papierosy;Papierosy;2179,15;;szt.;2480,0000;KAS | SG
12.02.2025 17:00:00;Do RP;przejście;Nadbużański;PSG w Terespolu;Terespol - Brześć;Białoruś;Papierosy;Papierosy;4534,04;;szt.;5160,0000;KAS | SG
13.02.2025 04:45:00;Z RP;przejście;Morski;PSG w Gdańsku;Gdańsk-Port;lotnicza;Amunicja;Ostra;4,00;9x19mm Parabelum;szt.;4,0000;Straż Graniczna
13.02.2025 07:15:00;wewnątrz kraju;strefa;Bieszczadzki;PSG w Hermanowicach;;Ukraina;Alkohol;Wódka;504,00;;litr;12,0000;Straż Graniczna
13.02.2025 07:15:00;wewnątrz kraju;strefa;Bieszczadzki;PSG w Hermanowicach;;Ukraina;Papierosy;Papierosy;2442,76;;szt.;2780,0000;Straż Graniczna
13.02.2025 06:57:00;Z RP;przejście;Bieszczadzki;PSG w Lubaczowie;Budomierz - Hruszew;Ukraina;Pojazdy;Osobowy;140000,00;Kia Niro r. prod. 2022;szt.;1,0000;Straż Graniczna
13.02.2025 10:15:00;wewnątrz kraju;strefa;Bieszczadzki;PSG w Hermanowicach;;Ukraina;Papierosy;Papierosy;105,44;;szt.;120,0000;Straż Graniczna
13.02.2025 10:15:00;wewnątrz kraju;strefa;Bieszczadzki;PSG w Hermanowicach;;Ukraina;Alkohol;Wódka;84,00;;litr;2,0000;Straż Graniczna
13.02.2025 11:30:00;Do RP;przejście;Nadbużański;PSG w Hrebennem;Hrebenne - Rawa Ruska;Ukraina;Alkohol;Wódka;44,20;;litr;3,4000;Straż Graniczna
12.02.2025 19:55:00;wewnątrz kraju;kraj;Podlaski;PSG w Augustowie;;wewnątrz kraju;Papierosy;Papierosy;26360,70;Papierosy marki NZ Gold bez polskich znaków akcyzy skarbowej, papierosy posiadaja banderole oraz znaki skarbowe akcyzy białoruskiej.;szt.;30000,0000;Policja
13.02.2025 09:25:00;wewnątrz kraju;kraj;Warmińsko-Mazurski;PSG w Bezledach;;wewnątrz kraju;Pojazdy;Inny;300000,00;KAMPER;szt.;1,0000;Policja | SG
13.02.2025 17:00:00;Z RP;przejście;Bieszczadzki;PSG w Korczowej;Korczowa - Krakowiec;Ukraina;Pojazdy;Osobowy;80000,00;Volkswagen transporter;szt.;1,0000;Straż Graniczna
13.02.2025 12:25:00;wewnątrz kraju;kraj;Nadbużański;PSG w Terespolu;;wewnątrz kraju;Inne;Podzespoły samochodowe;5000,00;SKRZYNIA BIEGÓW;szt.;1,0000;Policja | SG
13.02.2025 13:02:00;Z RP;przejście;Bieszczadzki;PSG w Rzeszowie–Jasionce;Rzeszów-Jasionka;lotnicza;Amunicja;Ostra;5,00;oznaczenie N70 5,45x39;szt.;2,0000;Straż Graniczna
14.02.2025 00:00:00;Do RP;przejście;Nadbużański;PSG w Terespolu;Terespol - Brześć;Białoruś;Papierosy;Papierosy;87,87;;szt.;100,0000;Straż Graniczna
14.02.2025 11:30:00;wewnątrz kraju;strefa;Nadbużański;PSG w Dorohusku;;Ukraina;Papierosy;Papierosy;96655,90;;szt.;110000,0000;Straż Graniczna
14.02.2025 11:30:00;wewnątrz kraju;strefa;Nadbużański;PSG w Dorohusku;;Ukraina;Papierosy;Papierosy;702,95;;szt.;800,0000;Straż Graniczna
14.02.2025 11:30:00;wewnątrz kraju;strefa;Nadbużański;PSG w Dorohusku;;Ukraina;Papierosy;Papierosy;175,74;;szt.;200,0000;Straż Graniczna
14.02.2025 09:00:00;wewnątrz kraju;strefa;Nadbużański;PSG w Sławatyczach;;Białoruś;Narkotyki;Marihuana;153,00;;kg;0,0034;Policja | SG
14.02.2025 09:00:00;wewnątrz kraju;strefa;Nadbużański;PSG w Sławatyczach;;Białoruś;Narkotyki;Marihuana;35,55;;kg;0,0008;Policja | SG
14.02.2025 15:34:00;Z RP;przejście;Bieszczadzki;PSG w Rzeszowie–Jasionce;Rzeszów-Jasionka;lotnicza;Amunicja;Ostra;2,00;kal. 7.62;szt.;1,0000;Straż Graniczna
14.02.2025 15:34:00;Z RP;przejście;Bieszczadzki;PSG w Rzeszowie–Jasionce;Rzeszów-Jasionka;lotnicza;Amunicja;Ostra;2,00;kal. 5.56x4mm.;szt.;1,0000;Straż Graniczna
14.02.2025 18:00:00;Z RP;przejście;Bieszczadzki;PSG w Korczowej;Korczowa - Krakowiec;Ukraina;Pojazdy;Osobowy;35000,00;Pojazd osobowy marki MECEDES-BENZ Sprinter - kolor czarny - rok produkcji 2009.;szt.;1,0000;Straż Graniczna
15.02.2025 06:56:00;Z RP;przejście;Bieszczadzki;PSG w Korczowej;Korczowa - Krakowiec;Ukraina;Pojazdy;Osobowy;140000,00;TOYOTA RAV 4;szt.;1,0000;Straż Graniczna
15.02.2025 13:55:00;Do RP;strefa;Nadodrzański;PSG w Świecku;;Niemcy;Pojazdy;Osobowy;100000,00;Hyundai Tucson ;szt.;1,0000;Straż Graniczna
15.02.2025 17:15:00;Z RP;przejście;Nadbużański;PSG w Terespolu;Terespol - Brześć;Białoruś;Pojazdy;Osobowy;270000,00;BMW X7 M50D;szt.;1,0000;Straż Graniczna
15.02.2025 18:15:00;Z RP;przejście;Karpacki;PSG w Krakowie-Balicach;Kraków-Balice;lotnicza;Amunicja;Ostra;2,00;oznaczeniem na denku 60/68;szt.;1,0000;Straż Graniczna
15.02.2025 18:09:00;Z RP;przejście;Bieszczadzki;PSG w Medyce;Medyka - Szeginie;Ukraina;Pojazdy;Osobowy;110000,00;Mercedes E220;szt.;1,0000;Straż Graniczna
15.02.2025 22:07:00;wewnątrz kraju;kraj;Bieszczadzki;Bieszczadzki;;wewnątrz kraju;Pojazdy;Osobowy;90000,00;Peugeot 3008;szt.;1,0000;Policja | SG
15.02.2025 23:30:00;Do RP;przejście;Nadbużański;PSG w Dołhobyczowie;Dołhobyczów - Uhrynów;Ukraina;Papierosy;Papierosy;105,44;;szt.;120,0000;Straż Graniczna
16.02.2025 09:20:00;Do RP;przejście;Nadbużański;PSG w Dorohusku;Dorohusk - Jagodzin;Ukraina;Amunicja;Ostra;;1 szt amunicji 7,62x39 mm;szt.;1,0000;Straż Graniczna
16.02.2025 12:50:00;Do RP;przejście;Bieszczadzki;PSG w Korczowej;Korczowa - Krakowiec;Ukraina;Amunicja;Ostra;4,17;kaliber ;szt.;3,0000;Straż Graniczna
17.02.2025 01:10:00;Do RP;przejście;Nadbużański;PSG w Terespolu;Kukuryki - Kozłowiczy;Białoruś;Papierosy;Papierosy;175,74;;szt.;200,0000;Straż Graniczna
17.02.2025 01:10:00;Do RP;przejście;Nadbużański;PSG w Terespolu;Kukuryki - Kozłowiczy;Białoruś;Alkohol;Wódka;60,00;;litr;1,0000;Straż Graniczna
16.02.2025 16:35:00;Z RP;strefa;Śląski;PSG w Katowicach-Pyrzowicach;Katowice-Pyrzowice;lotnicza;Amunicja;Ostra;1,50;BB88;szt.;1,0000;Straż Graniczna
13.02.2025 23:03:00;wewnątrz kraju;kraj;Nadwiślański;PSG w Bydgoszczy;;wewnątrz kraju;Narkotyki;Marihuana;;;kg;0,0100;Straż Graniczna
17.02.2025 12:00:00;Do RP;przejście;Nadbużański;PSG w Dołhobyczowie;Dołhobyczów - Uhrynów;Ukraina;Papierosy;Papierosy;508,76;;szt.;579,0000;Straż Graniczna
17.02.2025 16:10:00;Do RP;przejście;Nadbużański;PSG w Dołhobyczowie;Dołhobyczów - Uhrynów;Ukraina;Papierosy;Papierosy;87,87;;szt.;100,0000;Straż Graniczna
17.02.2025 18:05:00;Do RP;przejście;Nadbużański;PSG w Dołhobyczowie;Dołhobyczów - Uhrynów;Ukraina;Papierosy;Papierosy;158,16;;szt.;180,0000;Straż Graniczna
18.02.2025 09:10:00;wewnątrz kraju;strefa;Nadbużański;PSG w Dorohusku;;Ukraina;Narkotyki;Marihuana;;;kg;0,0001;Policja
18.02.2025 13:50:00;Do RP;przejście;Nadbużański;PSG w Terespolu;Terespol - Brześć;Białoruś;Papierosy;Papierosy;966,56;;szt.;1100,0000;Straż Graniczna
18.02.2025 14:13:00;Do RP;przejście;Nadbużański;PSG w Terespolu;Terespol - Brześć;Białoruś;Inne;Podzespoły samochodowe;1700,00;CZĘŚCI SAMOCHODOWE;szt.;17,0000;Straż Graniczna
18.02.2025 08:30:00;wewnątrz kraju;kraj;Warmińsko-Mazurski;PSG w Braniewie;;wewnątrz kraju;Papierosy;Papierosy;351,48;papierosów marki Marlboro bez wymaganych znaków akcyzy;szt.;400,0000;Straż Graniczna
17.02.2025 05:15:00;wewnątrz kraju;kraj;Nadbużański;PSG w Hrebennem;;wewnątrz kraju;Papierosy;Papierosy;6327868,46;;szt.;7201480,0000;KAS | SG | Policja
17.02.2025 05:15:00;wewnątrz kraju;kraj;Nadbużański;PSG w Hrebennem;;wewnątrz kraju;Tytoń;Tytoń do palenia;1191979,60;;kg;1784,0000;KAS | SG | Policja
17.02.2025 05:15:00;wewnątrz kraju;kraj;Nadbużański;PSG w Hrebennem;;wewnątrz kraju;Tytoń;susz tytoniowy;5317800,00;;kg;8863,0000;KAS | SG | Policja
05.02.2025 08:30:00;wewnątrz kraju;kraj;Morski;PSG w Gdyni;;wewnątrz kraju;Narkotyki;Marihuana;201275,50;;kg;4,0255;Straż Graniczna
05.02.2025 08:30:00;wewnątrz kraju;kraj;Morski;PSG w Gdyni;;wewnątrz kraju;Narkotyki;Kokaina;20426,00;;kg;0,0584;Straż Graniczna
05.02.2025 08:30:00;wewnątrz kraju;kraj;Morski;PSG w Gdyni;;wewnątrz kraju;Narkotyki;Amfetamina;447676,50;;kg;8,9535;Straż Graniczna
05.02.2025 08:30:00;wewnątrz kraju;kraj;Morski;PSG w Gdyni;;wewnątrz kraju;Narkotyki;Inne;321769,80;Klefedron;kg;5,3628;Straż Graniczna
18.02.2025 10:00:00;wewnątrz kraju;kraj;Nadodrzański;PSG w Jeleniej Górze;;wewnątrz kraju;Tytoń;krajanka tytoniowa;61469,80;;kg;92,0000;Straż Graniczna
18.02.2025 10:00:00;wewnątrz kraju;kraj;Nadodrzański;PSG w Jeleniej Górze;;wewnątrz kraju;Narkotyki;Marihuana;139,95;Waga netto 3,11 gram ( po pobraniu próbki 3,09 grama ) wynik próbki – THC marihuana;kg;0,0031;Straż Graniczna
18.02.2025 18:00:00;wewnątrz kraju;kraj;Bieszczadzki;Bieszczadzki;;wewnątrz kraju;Pojazdy;Osobowy;70000,00;Peugeot 208;szt.;1,0000;Policja | Policja | SG
19.02.2025 01:20:00;Do RP;przejście;Nadbużański;PSG w Terespolu;Terespol - Brześć;Białoruś;Papierosy;Papierosy;8786,90;;szt.;10000,0000;KAS | SG
19.02.2025 10:00:00;Do RP;przejście;Nadbużański;PSG w Dorohusku;Dorohusk - Jagodzin;Ukraina;Papierosy;Papierosy;35,15;wniosek nr 52;szt.;40,0000;Straż Graniczna
19.02.2025 10:10:00;Do RP;przejście;Nadbużański;PSG w Dorohusku;Dorohusk - Jagodzin;Ukraina;Papierosy;Papierosy;25,48;VWNIOSEK NR 53;szt.;29,0000;Straż Graniczna
19.02.2025 10:20:00;Do RP;przejście;Nadbużański;PSG w Dorohusku;Dorohusk - Jagodzin;Ukraina;Papierosy;Papierosy;15,82;WNIOSEK NR 54;szt.;18,0000;Straż Graniczna
19.02.2025 10:30:00;Do RP;przejście;Nadbużański;PSG w Dorohusku;Dorohusk - Jagodzin;Ukraina;Papierosy;Papierosy;70,30;WNIOSEK NR 55;szt.;80,0000;Straż Graniczna
19.02.2025 10:35:00;Do RP;przejście;Nadbużański;PSG w Dorohusku;Dorohusk - Jagodzin;Ukraina;Papierosy;Papierosy;70,30;WNIOSEK NR 56;szt.;80,0000;Straż Graniczna
19.02.2025 10:45:00;Do RP;przejście;Nadbużański;PSG w Dorohusku;Dorohusk - Jagodzin;Ukraina;Papierosy;Papierosy;74,69;WNIOSEK NR 57;szt.;85,0000;Straż Graniczna
19.02.2025 10:55:00;Do RP;przejście;Nadbużański;PSG w Dorohusku;Dorohusk - Jagodzin;Ukraina;Papierosy;Papierosy;22,85;WNIOSEK NR 58;szt.;26,0000;Straż Graniczna
19.02.2025 11:05:00;Do RP;przejście;Nadbużański;PSG w Dorohusku;Dorohusk - Jagodzin;Ukraina;Papierosy;Papierosy;43,93;WNIOSEK NR 59;szt.;50,0000;Straż Graniczna
19.02.2025 11:15:00;Do RP;przejście;Nadbużański;PSG w Dorohusku;Dorohusk - Jagodzin;Ukraina;Papierosy;Papierosy;160,80;WNIOSEK NR 60;szt.;183,0000;Straż Graniczna
19.02.2025 09:00:00;wewnątrz kraju;kraj;Nadbużański;PSG w Terespolu;;wewnątrz kraju;Pojazdy;Inny;450000,00;Manitou rok produkcji 2024;szt.;1,0000;Policja | SG
19.02.2025 09:00:00;wewnątrz kraju;kraj;Nadbużański;PSG w Terespolu;;wewnątrz kraju;Pojazdy;Inny;550000,00;Manitou rok produkcji 2025;szt.;1,0000;Policja | SG
19.02.2025 09:15:00;Do RP;strefa;Śląski;PSG w Katowicach-Pyrzowicach;;lotnicza;Narkotyki;Marihuana;22352,50;susz roślinny koloru zielonego i brązowego o silnym zapachu;kg;0,4471;Straż Graniczna
19.02.2025 09:15:00;Do RP;strefa;Śląski;PSG w Katowicach-Pyrzowicach;;lotnicza;Narkotyki;Marihuana;23198,50;susz roślinny koloru zielonego i brązowego o silnym zapachu;kg;0,4640;Straż Graniczna
19.02.2025 09:15:00;Do RP;strefa;Śląski;PSG w Katowicach-Pyrzowicach;;lotnicza;Narkotyki;Marihuana;20655,50;susz roślinny koloru zielonego i brązowego o silnym zapachu;kg;0,4131;Straż Graniczna
19.02.2025 08:30:00;Do RP;przejście;Nadbużański;PSG w Terespolu;Terespol - Brześć;Białoruś;Tytoń;Tytoń do palenia;14,16;wyroby nowatorskie;kg;0,0212;Straż Graniczna
19.02.2025 14:20:00;Do RP;przejście;Nadbużański;PSG w Hrebennem;Hrebenne - Rawa Ruska;Ukraina;Papierosy;Papierosy;281,18; uszczuplenia celne  459,00 zł. ;szt.;320,0000;Straż Graniczna
19.02.2025 10:55:00;wewnątrz kraju;przejście;Nadodrzański;PSG w Zielonej Górze-Babimoście;Zielona Góra-Babimost;lotnicza;Amunicja;Ostra;0,70;5,56 kbks /22;szt.;1,0000;Straż Graniczna
19.02.2025 11:45:00;wewnątrz kraju;kraj;Warmińsko-Mazurski;PSG w Braniewie;;wewnątrz kraju;Papierosy;Papierosy;5113,98;;szt.;5820,0000;Straż Graniczna
19.02.2025 11:45:00;wewnątrz kraju;kraj;Warmińsko-Mazurski;PSG w Braniewie;;wewnątrz kraju;Tytoń;krajanka tytoniowa;9314,15;;kg;10,6000;Straż Graniczna
19.02.2025 14:30:00;Do RP;przejście;Nadbużański;PSG w Terespolu;Kukuryki - Kozłowiczy;Białoruś;Alkohol;Wódka;180,00;;litr;3,0000;Straż Graniczna
19.02.2025 14:30:00;Do RP;przejście;Nadbużański;PSG w Terespolu;Kukuryki - Kozłowiczy;Białoruś;Papierosy;Papierosy;316,33;;szt.;360,0000;Straż Graniczna
20.02.2025 09:10:00;wewnątrz kraju;strefa;Nadbużański;PSG w Hrubieszowie;;Ukraina;Pojazdy;Inny;70000,00;Samochód Kempingowy;szt.;1,0000;Policja | SG
20.02.2025 09:00:00;wewnątrz kraju;kraj;Nadbużański;PSG w Terespolu;;wewnątrz kraju;Pojazdy;Osobowy;400000,00;KIA EV 6 ;szt.;1,0000;Policja | SG
20.02.2025 09:00:00;wewnątrz kraju;kraj;Nadbużański;PSG w Terespolu;;wewnątrz kraju;Pojazdy;Osobowy;170000,00;TOYOTA;szt.;1,0000;Policja | SG
20.02.2025 09:00:00;wewnątrz kraju;kraj;Nadbużański;PSG w Terespolu;;wewnątrz kraju;Pojazdy;Osobowy;130000,00;TOYOTA CHR;szt.;1,0000;Policja | SG
20.02.2025 09:00:00;wewnątrz kraju;kraj;Nadbużański;PSG w Terespolu;;wewnątrz kraju;Pojazdy;Osobowy;150000,00;LEXUS;szt.;1,0000;Policja | SG
20.02.2025 17:10:00;Z RP;przejście;Nadbużański;PSG w Dołhobyczowie;Dołhobyczów - Uhrynów;Ukraina;Pojazdy;Osobowy;10000,00;Mercedes;szt.;1,0000;Straż Graniczna
20.02.2025 16:03:00;wewnątrz kraju;kraj;Morski;PSG w Kołobrzegu;;wewnątrz kraju;Papierosy;Papierosy;61508,30;Malboro Gold Original  (PACZKI KOLORU BIAŁEGO);szt.;70000,0000;Straż Graniczna
20.02.2025 16:03:00;wewnątrz kraju;kraj;Morski;PSG w Kołobrzegu;;wewnątrz kraju;Papierosy;Papierosy;61508,30;MALBORO (PACZKI KOLORU CZERWONEGO) ;szt.;70000,0000;Straż Graniczna
20.02.2025 19:30:00;wewnątrz kraju;strefa;Warmińsko-Mazurski;PSG w Braniewie;;Rosja;Papierosy;Papierosy;33899,86;;szt.;38580,0000;Straż Graniczna
20.02.2025 19:30:00;wewnątrz kraju;strefa;Warmińsko-Mazurski;PSG w Braniewie;;Rosja;Tytoń;krajanka tytoniowa;4631,97;;kg;4,0600;Straż Graniczna
20.02.2025 21:15:00;wewnątrz kraju;strefa;Podlaski;PSG w Kuźnicy;;Białoruś;Papierosy;Papierosy;26360,70;Mińsk;szt.;30000,0000;Straż Graniczna
21.02.2025 07:00:00;wewnątrz kraju;kraj;Śląski;PSG w Katowicach-Pyrzowicach;;wewnątrz kraju;Narkotyki;Inne;190400,00;pseudoefedryna;kg;11,2000;KAS | SG
21.02.2025 09:30:00;wewnątrz kraju;strefa;Bieszczadzki;Bieszczadzki;;Ukraina;Pojazdy;Inny;280000,00;Ładowarka kołowa marki KRAMER;szt.;1,0000;Policja | SG
21.02.2025 09:30:00;wewnątrz kraju;strefa;Bieszczadzki;Bieszczadzki;;Ukraina;Pojazdy;Inny;280000,00;Ładowarka kołowa marki KRAMER;szt.;1,0000;Policja | SG
21.02.2025 08:15:00;Do RP;przejście;Nadbużański;PSG w Terespolu;Terespol - Brześć;Białoruś;Papierosy;Papierosy;10544,28;;szt.;12000,0000;KAS | SG
21.02.2025 02:40:00;wewnątrz kraju;kraj;Podlaski;Podlaski;;wewnątrz kraju;Papierosy;Papierosy;52703,83;białoruska akcyza;szt.;59980,0000;Straż Graniczna
21.02.2025 13:00:00;wewnątrz kraju;strefa;Bieszczadzki;PSG w Korczowej;;Ukraina;Papierosy;Papierosy;87,87;;szt.;100,0000;Straż Graniczna
21.02.2025 13:00:00;wewnątrz kraju;strefa;Bieszczadzki;PSG w Korczowej;;Ukraina;Papierosy;Papierosy;52,72;;szt.;60,0000;Straż Graniczna
21.02.2025 12:00:00;wewnątrz kraju;strefa;Podlaski;PSG w Lipsku;;Białoruś;Papierosy;Papierosy;23724,63;;szt.;27000,0000;Straż Graniczna
21.02.2025 08:00:00;wewnątrz kraju;strefa;Podlaski;PSG w Bobrownikach;;Białoruś;Papierosy;Papierosy;21967,25;NZ GOLD;szt.;25000,0000;Straż Graniczna
21.02.2025 10:00:00;wewnątrz kraju;strefa;Podlaski;PSG w Bobrownikach;;Białoruś;Papierosy;Papierosy;26360,70;;szt.;30000,0000;Straż Graniczna
21.02.2025 15:30:00;Do RP;przejście;Nadbużański;PSG w Hrubieszowie;Zosin - Ustiług;Ukraina;Broń;Inna;60,00;Imitacja kija bejsbolowqego;szt.;1,0000;Straż Graniczna
21.02.2025 18:00:00;Do RP;przejście;Nadbużański;PSG w Terespolu;Kukuryki - Kozłowiczy;Białoruś;Papierosy;Papierosy;2636,07;;szt.;3000,0000;Straż Graniczna
22.02.2025 04:45:00;Do RP;przejście;Nadbużański;PSG w Dołhobyczowie;Dołhobyczów - Uhrynów;Ukraina;Amunicja;Ostra;3,00;;szt.;1,0000;Straż Graniczna
22.02.2025 10:20:00;Z RP;przejście;Bieszczadzki;PSG w Rzeszowie–Jasionce;Rzeszów-Jasionka;lotnicza;Amunicja;Ostra;4,00;kal. 7.62x39 ;szt.;1,0000;Straż Graniczna
22.02.2025 11:05:00;Z RP;przejście;Bieszczadzki;PSG w Rzeszowie–Jasionce;Rzeszów-Jasionka;lotnicza;Amunicja;Ostra;3,00;kal. 5.56 z oznaczeniem na dnie łuski „LG” i „24”;szt.;1,0000;Straż Graniczna
22.02.2025 11:05:00;Z RP;przejście;Bieszczadzki;PSG w Rzeszowie–Jasionce;Rzeszów-Jasionka;lotnicza;Amunicja;Ostra;3,00;"kal. 5.56 z oznaczeniem na dnie łuski „GGG” ""5.56"" i „24”";szt.;1,0000;Straż Graniczna
22.02.2025 13:17:00;Do RP;przejście;Nadbużański;PSG w Hrebennem;Hrebenne - Rawa Ruska;Ukraina;Papierosy;Papierosy;439,35;uszczuplenia celne 716 zł;szt.;500,0000;Straż Graniczna
22.02.2025 12:00:00;wewnątrz kraju;strefa;Nadbużański;PSG w Dołhobyczowie;;Ukraina;Alkohol;Wódka;447,02;Nemiroff Vodka - 9 szt. ,  Green Day Classic - 7 szt., Green Day Lemon - 3 szt., Prime World Class - 2 szt., Chorticia - 2 szt., Prime Evo - 2 szt., Karganoff - 1 szt., Lviv Kniazhi - 2 szt., ;litr;14,0000;Straż Graniczna
22.02.2025 17:15:00;Z RP;przejście;Bieszczadzki;PSG w Korczowej;Korczowa - Krakowiec;Ukraina;Inne;Inne;26000,00;Rower elektryczny marki RIESE MULLER model CHARGER4 GT TOURING (koloru niebieskiego) o nr seryjnym WRJ2CH4M4RD001320;szt.;1,0000;Straż Graniczna
22.02.2025 21:20:00;Do RP;przejście;Karpacki;PSG w Krakowie-Balicach;Kraków-Balice;lotnicza;Narkotyki;Inne;;;kg;10,6380;KAS | SG
22.02.2025 23:15:00;wewnątrz kraju;strefa;Podlaski;PSG w Nowym Dworze;;Białoruś;Papierosy;Papierosy;23689,48;Mińsk SUPERSLIMS;szt.;26960,0000;Straż Graniczna
23.02.2025 01:04:00;Z RP;przejście;Bieszczadzki;PSG w Lubaczowie;Budomierz - Hruszew;Ukraina;Pojazdy;Osobowy;85000,00;Golf 2018 r.;szt.;1,0000;Straż Graniczna
22.02.2025 21:40:00;Do RP;przejście;Nadbużański;PSG w Hrebennem;Hrebenne - Rawa Ruska;Ukraina;Broń;Inna;40,00;broń białą w postaci kastetu;szt.;1,0000;SC | SG
23.02.2025 14:40:00;Do RP;przejście;Nadbużański;PSG w Terespolu;Terespol - Brześć;Białoruś;Alkohol;Koniak;15,00;;litr;0,5000;Straż Graniczna
23.02.2025 14:40:00;Do RP;przejście;Nadbużański;PSG w Terespolu;Terespol - Brześć;Białoruś;Alkohol;Inne;21,00;BRANDY ;litr;0,7000;Straż Graniczna
23.02.2025 13:00:00;Z RP;przejście;Bieszczadzki;PSG w Rzeszowie–Jasionce;Rzeszów-Jasionka;lotnicza;Amunicja;Ostra;90,00;kal. 5.56 z oznaczeniem łuski L15A2 RG20 ;szt.;30,0000;Straż Graniczna
24.02.2025 05:00:00;Do RP;przejście;Nadbużański;PSG w Terespolu;Terespol - Brześć;Białoruś;Papierosy;Papierosy;6931,99;;szt.;7889,0000;SC | SG
24.02.2025 05:00:00;Do RP;przejście;Nadbużański;PSG w Terespolu;Terespol - Brześć;Białoruś;Papierosy;Papierosy;913,84;;szt.;1040,0000;SC | SG
24.02.2025 14:45:00;Do RP;przejście;Nadbużański;PSG w Dołhobyczowie;Dołhobyczów - Uhrynów;Ukraina;Papierosy;Papierosy;123,02;7 paczek po 20 szt. w każdej papierosów;szt.;140,0000;Straż Graniczna
24.02.2025 06:00:00;wewnątrz kraju;strefa;Nadbużański;PSG w Terespolu;;Białoruś;Papierosy;Papierosy;773,25;;szt.;880,0000;SC | SG
24.02.2025 06:00:00;wewnątrz kraju;strefa;Nadbużański;PSG w Terespolu;;Białoruś;Alkohol;Wódka;300,00;;litr;5,0000;SC | SG
24.02.2025 06:00:00;wewnątrz kraju;strefa;Nadbużański;PSG w Terespolu;;Białoruś;Inne;Inne;;leki 1109 opakowań;szt.;1109,0000;SC | SG
24.02.2025 14:39:00;wewnątrz kraju;strefa;Nadbużański;PSG w Dołhobrodach;;Białoruś;Papierosy;Papierosy;1739,81;"Papierosy bez polskich znaków akcyzy skarbowej marki ,,MIŃSK""";szt.;1980,0000;Straż Graniczna
24.02.2025 17:49:00;Do RP;przejście;Nadwiślański;PSG w Warszawie-Modlinie;Warszawa/Modlin;lotnicza;Narkotyki;Marihuana;;;kg;0,0004;Straż Graniczna
24.02.2025 13:30:00;Do RP;strefa;Nadodrzański;PSG w Świecku;;Niemcy;Pojazdy;Osobowy;90000,00;Audi A4;szt.;1,0000;Straż Graniczna
24.02.2025 18:06:00;Z RP;przejście;Nadwiślański;PSG w Warszawie-Okęciu;Warszawa-Okęcie;lotnicza;Amunicja;Ostra;;;szt.;1,0000;Straż Graniczna
24.02.2025 19:50:00;Do RP;przejście;Bieszczadzki;PSG w Medyce;Medyka - Szeginie;Ukraina;Papierosy;Papierosy;44,81;40 sztuk papierosów marki KENT i 11 sztuk papierosów marki WINSTON;szt.;51,0000;Straż Graniczna
24.02.2025 22:15:00;Z RP;przejście;Nadwiślański;PSG w Warszawie-Modlinie;Warszawa/Modlin;lotnicza;Amunicja;Ostra;;Springfield 7,62 x 63mm;szt.;1,0000;Straż Graniczna
24.02.2025 23:30:00;wewnątrz kraju;strefa;Podlaski;PSG w Kuźnicy;;Białoruś;Papierosy;Papierosy;15095,89;NZ;szt.;17180,0000;Straż Graniczna
24.02.2025 23:30:00;wewnątrz kraju;strefa;Podlaski;PSG w Kuźnicy;;Białoruś;Papierosy;Papierosy;8628,74;MINSK;szt.;9820,0000;Straż Graniczna
24.02.2025 21:20:00;wewnątrz kraju;strefa;Podlaski;PSG w Szudziałowie;;Białoruś;Papierosy;Papierosy;26360,70;Minsk;szt.;30000,0000;Straż Graniczna
24.02.2025 20:49:00;wewnątrz kraju;strefa;Podlaski;PSG w Nowym Dworze;;Białoruś;Papierosy;Papierosy;9665,59;NZ BLACK;szt.;11000,0000;Straż Graniczna
24.02.2025 20:49:00;wewnątrz kraju;strefa;Podlaski;PSG w Nowym Dworze;;Białoruś;Papierosy;Papierosy;9665,59;NZ GOLD;szt.;11000,0000;Straż Graniczna
24.02.2025 20:49:00;wewnątrz kraju;strefa;Podlaski;PSG w Nowym Dworze;;Białoruś;Papierosy;Papierosy;7029,52;MIŃSK SUPERSLIM;szt.;8000,0000;Straż Graniczna
25.02.2025 07:01:00;wewnątrz kraju;strefa;Bieszczadzki;PSG w Krościenku;;Ukraina;Papierosy;Papierosy;878,69;;szt.;1000,0000;Straż Graniczna
24.02.2025 06:06:00;Z RP;przejście;Śląski;PSG w Katowicach-Pyrzowicach;Katowice-Pyrzowice;lotnicza;Broń;Inna;50,00;Przedmiot przypominający pałkę teleskopową;szt.;1,0000;Straż Graniczna
25.02.2025 13:20:00;Do RP;przejście;Nadbużański;PSG w Terespolu;Terespol - Brześć;Białoruś;Alkohol;Wódka;30,00;;litr;1,0000;Straż Graniczna
25.02.2025 13:40:00;wewnątrz kraju;strefa;Podlaski;PSG w Kuźnicy;;Białoruś;Papierosy;Papierosy;8786,90;;szt.;10000,0000;Straż Graniczna
25.02.2025 13:40:00;wewnątrz kraju;strefa;Podlaski;PSG w Kuźnicy;;Białoruś;Papierosy;Papierosy;8435,42;;szt.;9600,0000;Straż Graniczna
25.02.2025 12:00:00;wewnątrz kraju;strefa;Podlaski;PSG w Szudziałowie;;Białoruś;Papierosy;Papierosy;26360,70;MINSK;szt.;30000,0000;Straż Graniczna
25.02.2025 11:55:00;wewnątrz kraju;strefa;Podlaski;PSG w Kuźnicy;;Białoruś;Papierosy;Papierosy;26360,70;;szt.;30000,0000;Straż Graniczna
25.02.2025 22:20:00;wewnątrz kraju;kraj;Morski;PSG we Władysławowie;;wewnątrz kraju;Tytoń;krajanka tytoniowa;6157,75;worek ;kg;5,0000;Straż Graniczna
25.02.2025 14:30:00;wewnątrz kraju;kraj;Morski;PSG w Elblągu;;wewnątrz kraju;Narkotyki;Kokaina;;;kg;0,0100;Policja | SG
25.02.2025 14:30:00;wewnątrz kraju;kraj;Morski;PSG w Elblągu;;wewnątrz kraju;Waluta;Złoty - PLN;25000,00;;szt.;250,0000;Policja | SG
25.02.2025 14:30:00;wewnątrz kraju;kraj;Morski;PSG w Elblągu;;wewnątrz kraju;Narkotyki;Inne;;plastikowy pojemnik w kształcie walca z białym proszkiem;kg;0,0030;Policja | SG
25.02.2025 14:30:00;wewnątrz kraju;kraj;Morski;PSG w Elblągu;;wewnątrz kraju;Narkotyki;Inne;;plastikowy pojemnik z zielonym suszem roślinnym ;kg;0,0040;Policja | SG
25.02.2025 14:30:00;wewnątrz kraju;kraj;Morski;PSG w Elblągu;;wewnątrz kraju;Narkotyki;Inne;;plastikowy pojemnik z zawartością 4 tabletek MDMA;kg;0,0000;Policja | SG
25.02.2025 14:30:00;wewnątrz kraju;kraj;Morski;PSG w Elblągu;;wewnątrz kraju;Inne;Inne;;wagi elektroniczne;szt.;3,0000;Policja | SG
25.02.2025 14:30:00;wewnątrz kraju;kraj;Morski;PSG w Elblągu;;wewnątrz kraju;Inne;Inne;;młynek do rozdrabniania marihuany;szt.;1,0000;Policja | SG
25.02.2025 14:30:00;wewnątrz kraju;kraj;Morski;PSG w Elblągu;;wewnątrz kraju;Narkotyki;Inne;;słoik  szklany z zawartością suszu roślinnego, jeden worek strunowy z zawartością substancji szarej (kryształy);kg;0,0000;Policja | SG
26.02.2025 08:23:00;wewnątrz kraju;strefa;Bieszczadzki;PSG w Lubaczowie;;Ukraina;Papierosy;Papierosy;70,30;Compliment ;szt.;80,0000;Straż Graniczna
26.02.2025 08:23:00;wewnątrz kraju;strefa;Bieszczadzki;PSG w Lubaczowie;;Ukraina;Alkohol;Wódka;40,00;Hlibny Dar i  Kozacka Rada;litr;1,0000;Straż Graniczna
26.02.2025 10:50:00;wewnątrz kraju;kraj;Morski;PSG we Władysławowie;;wewnątrz kraju;Tytoń;krajanka tytoniowa;189166,08;10 worków;kg;153,6000;Straż Graniczna
26.02.2025 08:30:00;wewnątrz kraju;strefa;Nadbużański;PSG w Terespolu;;Białoruś;Pojazdy;Osobowy;130000,00;pojazd osobowy marki TOYOTA, model C-HR GR, rok produkcji 2022, nr rej. ZSO 9TU8;szt.;1,0000;Policja | SG
26.02.2025 09:52:00;Do RP;strefa;Podlaski;PSG w Szudziałowie;;Białoruś;Papierosy;Papierosy;22371,45;;szt.;25460,0000;Straż Graniczna
26.02.2025 11:50:00;wewnątrz kraju;strefa;Bieszczadzki;PSG w Medyce;;Ukraina;Papierosy;Papierosy;105,44;;szt.;120,0000;Straż Graniczna
26.02.2025 11:50:00;wewnątrz kraju;strefa;Bieszczadzki;PSG w Medyce;;Ukraina;Papierosy;Papierosy;105,44;marki Parker&Simpson;szt.;120,0000;Straż Graniczna
26.02.2025 11:16:00;wewnątrz kraju;strefa;Bieszczadzki;PSG w Medyce;;Ukraina;Papierosy;Papierosy;87,87;marki COMPLIMENT;szt.;100,0000;Straż Graniczna
26.02.2025 11:16:00;wewnątrz kraju;strefa;Bieszczadzki;PSG w Medyce;;Ukraina;Alkohol;Inne;40,00;marki KREMENCZUCKA;litr;1,0000;Straż Graniczna
26.02.2025 12:36:00;Z RP;przejście;Nadbużański;PSG w Dołhobyczowie;Dołhobyczów - Uhrynów;Ukraina;Pojazdy;Ciężarowy;20000,00;Fiat Scudo;szt.;1,0000;Straż Graniczna
26.02.2025 10:14:00;Do RP;przejście;Nadbużański;PSG w Hrebennem;Hrebenne - Rawa Ruska;Ukraina;Papierosy;Papierosy;158,16;Uszczuplenia celne 202 zł.;szt.;180,0000;Straż Graniczna
26.02.2025 18:50:00;Do RP;przejście;Nadbużański;PSG w Terespolu;Terespol - Brześć;Białoruś;Papierosy;Papierosy;6572,60;;szt.;7480,0000;SC | SG
27.02.2025 00:12:00;Do RP;przejście;Nadbużański;PSG w Terespolu;Terespol - Brześć;Białoruś;Papierosy;Papierosy;386,62;;szt.;440,0000;Straż Graniczna
26.02.2025 20:25:00;Do RP;przejście;Nadbużański;PSG w Terespolu;Terespol - Brześć;Białoruś;Alkohol;Wódka;280,00;;litr;7,0000;KAS | SG
26.02.2025 20:25:00;Do RP;przejście;Nadbużański;PSG w Terespolu;Terespol - Brześć;Białoruś;Inne;Inne;378,00;PALIWO;litr;45,0000;KAS | SG
27.02.2025 01:10:00;Do RP;przejście;Nadbużański;PSG w Terespolu;Kukuryki - Kozłowiczy;Białoruś;Pojazdy;Naczepa;75000,00;NACZEPA;szt.;1,0000;Straż Graniczna
27.02.2025 08:35:00;wewnątrz kraju;strefa;Nadbużański;PSG w Hrubieszowie;;Ukraina;Papierosy;Papierosy;281,18;;szt.;320,0000;Straż Graniczna
27.02.2025 08:00:00;Do RP;przejście;Bieszczadzki;PSG w Medyce;Przemyśl - Mościska;Ukraina;Tytoń;Tytoń do palenia (wkłady);320,70;Wyroby nowatorskie (wkłady tytoniowe);kg;0,1069;SC | SG
27.02.2025 08:50:00;Z RP;przejście;Bieszczadzki;PSG w Rzeszowie–Jasionce;Rzeszów-Jasionka;lotnicza;Amunicja;Ostra;20,00;"kaliber 9x19 mm z oznaczeniem na dnie łuski ""20"" i ""IVI""";szt.;20,0000;inny | SG
27.02.2025 08:50:00;Z RP;przejście;Bieszczadzki;PSG w Rzeszowie–Jasionce;Rzeszów-Jasionka;lotnicza;Amunicja;Ostra;20,00;"kaliber 9x19mm z oznaczeniem na dnie łuski ""15"" i ""IVI""";szt.;20,0000;inny | SG
28.02.2025 02:11:00;Do RP;przejście;Bieszczadzki;PSG w Korczowej;Korczowa - Krakowiec;Ukraina;Papierosy;Papierosy;738,10;Papierosy marki KENT oraz Camel;szt.;840,0000;Straż Graniczna
28.02.2025 08:20:00;Do RP;strefa;Nadodrzański;PSG w Świecku;;Niemcy;Pojazdy;Osobowy;83000,00;BMW X3;szt.;1,0000;Straż Graniczna
28.02.2025 07:50:00;Do RP;przejście;Nadbużański;PSG w Terespolu;Terespol - Brześć;Białoruś;Papierosy;Papierosy;351,48;wyroby tytoniowe bez polskich znaków skarbowych akcyzy w postaci papierosów w ilości 400 sztuk o wartości 351,48 zł.;szt.;400,0000;Straż Graniczna
28.02.2025 05:00:00;wewnątrz kraju;kraj;Śląski;PSG w Katowicach-Pyrzowicach;;wewnątrz kraju;Narkotyki;Marihuana;669,30;;kg;0,0134;Policja | SG
28.02.2025 13:50:00;Z RP;przejście;Bieszczadzki;PSG w Hermanowicach;Malhowice - Niżankowice;Ukraina;Pojazdy;Osobowy;60000,00;Nissan Navara;szt.;1,0000;Straż Graniczna
28.02.2025 17:35:00;Do RP;przejście;Nadbużański;PSG w Hrebennem;Hrebenne - Rawa Ruska;Ukraina;Narkotyki;Marihuana;96,75;;kg;0,0022;Straż Graniczna
28.02.2025 15:35:00;wewnątrz kraju;kraj;Bieszczadzki;PSG w Rzeszowie–Jasionce;;wewnątrz kraju;Pojazdy;Osobowy;65000,00;Volkswagen Passat plug in, rok pr. 2017;szt.;1,0000;Policja | SG
28.02.2025 18:30:00;wewnątrz kraju;kraj;Bieszczadzki;Bieszczadzki;;wewnątrz kraju;Pojazdy;Osobowy;150000,00;Mercedes A200;szt.;1,0000;Policja | Policja | SG
28.02.2025 15:25:00;wewnątrz kraju;kraj;Śląski;PSG w Katowicach-Pyrzowicach;;wewnątrz kraju;Narkotyki;Inne;10429,50;metaamfetamina;kg;0,1227;Policja | SG
28.02.2025 23:29:00;Do RP;strefa;Morski;PSG w Szczecinie;;Niemcy;Pojazdy;Inny;190000,00;kamper;szt.;1,0000;Straż Graniczna
01.03.2025 03:15:00;Z RP;przejście;Nadbużański;PSG w Hrebennem;Hrebenne - Rawa Ruska;Ukraina;Pojazdy;Inny;4000,00;rower marki SPECIALIZED RUMOR kolor szary;szt.;1,0000;Straż Graniczna
01.03.2025 09:20:00;Z RP;przejście;Bieszczadzki;PSG w Rzeszowie–Jasionce;Rzeszów-Jasionka;lotnicza;Amunicja;Ostra;2,50;"1 sztuka  kal. 5.56x45 z oznaczeniem na dnie łuski „GGG”, ""5.56""";szt.;1,0000;Straż Graniczna
01.03.2025 09:20:00;Z RP;przejście;Bieszczadzki;PSG w Rzeszowie–Jasionce;Rzeszów-Jasionka;lotnicza;Amunicja;Ostra;4,50;9x19 mm z oznaczeniami na dnie łuski: „ 80” „070”, „83” „070”, „79” „070”;szt.;3,0000;Straż Graniczna
01.03.2025 12:30:00;Do RP;przejście;Nadbużański;PSG w Dołhobyczowie;Dołhobyczów - Uhrynów;Ukraina;Papierosy;Papierosy;87,87;5 paczek po 20 szt w każdej papierosów marki KENT;szt.;100,0000;Straż Graniczna
01.03.2025 12:30:00;Do RP;przejście;Nadbużański;PSG w Dołhobyczowie;Dołhobyczów - Uhrynów;Ukraina;Tytoń;Tytoń do palenia;3,61;1 paczka wyrobów nowatorskich marki TEREA;kg;0,0054;Straż Graniczna
01.03.2025 08:30:00;Do RP;przejście;Nadbużański;PSG w Hrebennem;Hrebenne - Rawa Ruska;Ukraina;Amunicja;Ostra;1,80;Amunicja myśliwska śrutowa 16mm;szt.;1,0000;KAS | SG
01.03.2025 20:30:00;wewnątrz kraju;strefa;Nadbużański;PSG w Terespolu;;Białoruś;Papierosy;Papierosy;5447,88;;szt.;6200,0000;Straż Graniczna
01.03.2025 22:54:00;wewnątrz kraju;strefa;Podlaski;PSG w Szudziałowie;;Białoruś;Papierosy;Papierosy;26360,70;;szt.;30000,0000;Straż Graniczna
02.03.2025 10:58:00;Do RP;przejście;Nadbużański;PSG w Terespolu;Terespol - Brześć;Białoruś;Papierosy;Papierosy;2460,33;;szt.;2800,0000;SC
02.03.2025 17:30:00;Do RP;przejście;Nadbużański;PSG w Dołhobyczowie;Dołhobyczów - Uhrynów;Ukraina;Papierosy;Papierosy;70,30;;szt.;80,0000;Straż Graniczna
02.03.2025 18:15:00;Do RP;przejście;Nadbużański;PSG w Hrubieszowie;Zosin - Ustiług;Ukraina;Papierosy;Papierosy;158,16;;szt.;180,0000;Straż Graniczna
03.03.2025 11:00:00;Do RP;przejście;Nadbużański;PSG w Dorohusku;Dorohusk - Jagodzin;Ukraina;Papierosy;Papierosy;171,34;wniosek nr 68;szt.;195,0000;Straż Graniczna
03.03.2025 11:10:00;Do RP;przejście;Nadbużański;PSG w Dorohusku;Dorohusk - Jagodzin;Ukraina;Papierosy;Papierosy;140,59;WNIOSEK NR 67;szt.;160,0000;Straż Graniczna
03.03.2025 11:20:00;Do RP;przejście;Nadbużański;PSG w Dorohusku;Dorohusk - Jagodzin;Ukraina;Papierosy;Papierosy;35,15;wniosek nr 66;szt.;40,0000;Straż Graniczna
03.03.2025 11:30:00;Do RP;przejście;Nadbużański;PSG w Dorohusku;Dorohusk - Jagodzin;Ukraina;Papierosy;Papierosy;116,87;WNIOSEK NR 65;szt.;133,0000;Straż Graniczna
03.03.2025 11:35:00;Do RP;przejście;Nadbużański;PSG w Dorohusku;Dorohusk - Jagodzin;Ukraina;Papierosy;Papierosy;44,81;WNIOSEK NR 64;szt.;51,0000;Straż Graniczna
03.03.2025 11:40:00;Do RP;przejście;Nadbużański;PSG w Dorohusku;Dorohusk - Jagodzin;Ukraina;Papierosy;Papierosy;35,15;WNIOSEK NR 63;szt.;40,0000;Straż Graniczna
03.03.2025 12:00:00;Do RP;przejście;Nadbużański;PSG w Dorohusku;Dorohusk - Jagodzin;Ukraina;Papierosy;Papierosy;87,87;WNIOSEK NR 62;szt.;100,0000;Straż Graniczna
03.03.2025 12:10:00;Do RP;przejście;Nadbużański;PSG w Dorohusku;Dorohusk - Jagodzin;Ukraina;Papierosy;Papierosy;103,69;WNIOSEK NR 61;szt.;118,0000;Straż Graniczna
03.03.2025 12:15:00;Do RP;przejście;Nadbużański;PSG w Dorohusku;Dorohusk - Jagodzin;Ukraina;Papierosy;Papierosy;52,72;WNIOSEK NR 69;szt.;60,0000;Straż Graniczna
03.03.2025 12:25:00;Do RP;przejście;Nadbużański;PSG w Dorohusku;Dorohusk - Jagodzin;Ukraina;Papierosy;Papierosy;46,57;WNIOSEK NR 70;szt.;53,0000;Straż Graniczna
03.03.2025 13:40:00;Do RP;przejście;Nadbużański;PSG w Hrebennem;Hrebenne - Rawa Ruska;Ukraina;Narkotyki;Marihuana;6,75;;kg;0,0002;Straż Graniczna
03.03.2025 11:30:00;Do RP;przejście;Nadbużański;PSG w Dołhobyczowie;Dołhobyczów - Uhrynów;Ukraina;Alkohol;Wódka;10,00;Nemiroff;litr;0,5000;Straż Graniczna
03.03.2025 11:30:00;Do RP;przejście;Nadbużański;PSG w Dołhobyczowie;Dołhobyczów - Uhrynów;Ukraina;Papierosy;Papierosy;70,30;Monte Carlo;szt.;80,0000;Straż Graniczna
03.03.2025 09:30:00;Do RP;przejście;Nadbużański;PSG w Terespolu;Terespol - Brześć;Białoruś;Inne;Inne;606,00;produkty pochodzenia zwierzęcego;kg;30,3000;Straż Graniczna
03.03.2025 09:30:00;Do RP;przejście;Nadbużański;PSG w Terespolu;Terespol - Brześć;Białoruś;Tytoń;Tytoń do palenia;501,11;tytoń do fajki wodnej;kg;0,7500;Straż Graniczna
02.03.2025 09:40:00;wewnątrz kraju;strefa;Podlaski;PSG w Bobrownikach;;Białoruś;Papierosy;Papierosy;8786,90;NZ Black;szt.;10000,0000;Straż Graniczna
02.03.2025 09:40:00;wewnątrz kraju;strefa;Podlaski;PSG w Bobrownikach;;Białoruś;Papierosy;Papierosy;8786,90;NZ Gold;szt.;10000,0000;Straż Graniczna
02.03.2025 09:40:00;wewnątrz kraju;strefa;Podlaski;PSG w Bobrownikach;;Białoruś;Papierosy;Papierosy;8769,33;Mińsk Super Slims;szt.;9980,0000;Straż Graniczna
03.03.2025 09:45:00;wewnątrz kraju;kraj;Podlaski;PSG w Augustowie;;wewnątrz kraju;Papierosy;Papierosy;35,15;;szt.;40,0000;Straż Graniczna
03.03.2025 13:26:00;Z RP;przejście;Nadwiślański;PSG w Warszawie-Okęciu;Warszawa-Okęcie;lotnicza;Amunicja;Ostra;;skorodowanej amunicji do karabinu prawdopodobnie z okresu II wojny światowej o kalibrze prawdopodobnie 7,62 mm;szt.;16,0000;Straż Graniczna
03.03.2025 13:26:00;Z RP;przejście;Nadwiślański;PSG w Warszawie-Okęciu;Warszawa-Okęcie;lotnicza;Amunicja;Ostra;; puste łuski bez pocisków;szt.;6,0000;Straż Graniczna
03.03.2025 13:26:00;Z RP;przejście;Nadwiślański;PSG w Warszawie-Okęciu;Warszawa-Okęcie;lotnicza;Amunicja;Ostra;;skorodowana skorupa pocisku moździerzowego;szt.;1,0000;Straż Graniczna
03.03.2025 13:26:00;Z RP;przejście;Nadwiślański;PSG w Warszawie-Okęciu;Warszawa-Okęcie;lotnicza;Amunicja;Ostra;;rozkręcony skorodowany zapalnik do pocisku moździerzowego;szt.;1,0000;Straż Graniczna
03.03.2025 13:26:00;Z RP;przejście;Nadwiślański;PSG w Warszawie-Okęciu;Warszawa-Okęcie;lotnicza;Amunicja;Ostra;; metalowe skorodowane części składowe pocisku;szt.;2,0000;Straż Graniczna
03.03.2025 09:54:00;wewnątrz kraju;kraj;Podlaski;PSG w Augustowie;;wewnątrz kraju;Papierosy;Papierosy;35,15;;szt.;40,0000;Straż Graniczna
03.03.2025 09:45:00;wewnątrz kraju;kraj;Podlaski;PSG w Augustowie;;wewnątrz kraju;Papierosy;Papierosy;35,15;;szt.;40,0000;Straż Graniczna
03.03.2025 18:00:00;Do RP;przejście;Nadbużański;PSG w Hrebennem;Hrebenne - Rawa Ruska;Ukraina;Alkohol;Wódka;30,00;Uszczuplenia celne 32 zł.;litr;1,0000;KAS | SG
04.03.2025 00:10:00;Do RP;przejście;Bieszczadzki;PSG w Korczowej;Korczowa - Krakowiec;Ukraina;Papierosy;Papierosy;878,69;50 paczek (1000 szt.) papierosów marki COMPLIMENT - bez znaków akcyzy skarbowej MF RP (wynik samodzielny w ramach wniosku RUC do OC w Korczowej).;szt.;1000,0000;Straż Graniczna
04.03.2025 02:00:00;Z RP;przejście;Bieszczadzki;PSG w Korczowej;Korczowa - Krakowiec;Ukraina;Pojazdy;Osobowy;60000,00;MERCEDES-BENZ C CLASS 220 o ustalonym nr VIN WDD2050041F001853, który figuruje w bazie INTERPOL jako skradziony na terytorium Danii;szt.;1,0000;Straż Graniczna
04.03.2025 06:15:00;Do RP;przejście;Nadbużański;PSG w Terespolu;Terespol - Brześć;Białoruś;Papierosy;Papierosy;3514,76;przemyt wyrobów tytoniowych, które nie posiadały polskich znaków akcyzy w postaci 4000 sztuk papierosów o wartości 3514,76 zł.;szt.;4000,0000;KAS | SG
04.03.2025 10:25:00;Z RP;przejście;Nadwiślański;PSG w Warszawie-Okęciu;Warszawa-Okęcie;lotnicza;Amunicja;Ostra;;o oznaczeniach „S&B 9x19 24” ;szt.;1,0000;Straż Graniczna
04.03.2025 09:15:00;Do RP;strefa;Nadodrzański;PSG w Świecku;;Niemcy;Pojazdy;Osobowy;120000,00;HYUNDAI TUCSON;szt.;1,0000;Straż Graniczna
04.03.2025 19:25:00;wewnątrz kraju;strefa;Podlaski;PSG w Bobrownikach;;Białoruś;Alkohol;Inne;;;litr;2,8000;Straż Graniczna
04.03.2025 20:20:00;Do RP;przejście;Bieszczadzki;PSG w Medyce;Medyka - Szeginie;Ukraina;Papierosy;Papierosy;52,72;3 paczki papierosów (1 marki SOBRANIE i 2 marki WINSTON) ;szt.;60,0000;Straż Graniczna
04.03.2025 20:20:00;Do RP;przejście;Bieszczadzki;PSG w Medyce;Medyka - Szeginie;Ukraina;Papierosy;Papierosy;35,15;marki KENT;szt.;40,0000;Straż Graniczna
05.03.2025 00:00:00;Do RP;przejście;Nadbużański;PSG w Terespolu;Kukuryki - Kozłowiczy;Białoruś;Papierosy;Papierosy;351,48;;szt.;400,0000;Straż Graniczna
05.03.2025 09:00:00;wewnątrz kraju;strefa;Bieszczadzki;PSG w Medyce;;Ukraina;Alkohol;Wódka;40,00;Dwie butelki wódki po 0,5 l (Hlibny Dar i Nemirow);litr;1,0000;Straż Graniczna
05.03.2025 11:20:00;wewnątrz kraju;strefa;Nadbużański;PSG w Bohukałach;;Białoruś;Papierosy;Papierosy;26360,70;przy użyciu balonu meteorologicznego;szt.;30000,0000;Straż Graniczna
05.03.2025 06:00:00;wewnątrz kraju;kraj;Śląski;PSG w Katowicach-Pyrzowicach;;wewnątrz kraju;Narkotyki;Amfetamina;15,75;;kg;0,0005;Policja | SG
05.03.2025 06:00:00;wewnątrz kraju;kraj;Śląski;PSG w Katowicach-Pyrzowicach;;wewnątrz kraju;Narkotyki;Marihuana;2153,50;;kg;0,0431;Policja | SG
05.03.2025 06:00:00;wewnątrz kraju;kraj;Śląski;PSG w Katowicach-Pyrzowicach;;wewnątrz kraju;Narkotyki;Haszysz;72,00;;kg;0,0012;Policja | SG
05.03.2025 06:00:00;wewnątrz kraju;kraj;Śląski;PSG w Katowicach-Pyrzowicach;;wewnątrz kraju;Narkotyki;Marihuana;26,50;;kg;0,0005;Policja | SG
05.03.2025 12:40:00;wewnątrz kraju;strefa;Podlaski;PSG w Kuźnicy;;Białoruś;Papierosy;Papierosy;1687,08;;szt.;1920,0000;Straż Graniczna
05.03.2025 15:30:00;wewnątrz kraju;strefa;Nadbużański;PSG w Chłopiatynie;;Ukraina;Narkotyki;Marihuana;882,90;;kg;0,0196;Policja
05.03.2025 15:30:00;wewnątrz kraju;strefa;Nadbużański;PSG w Chłopiatynie;;Ukraina;Narkotyki;Haszysz;505,50;;kg;0,0101;Policja
05.03.2025 08:03:00;wewnątrz kraju;kraj;Warmińsko-Mazurski;PSG w Bezledach;;wewnątrz kraju;Pojazdy;Osobowy;150000,00;Pojazd osobowy marki Hyundai;szt.;1,0000;Straż Graniczna
05.03.2025 09:30:00;wewnątrz kraju;kraj;Podlaski;PSG w Bobrownikach;;wewnątrz kraju;Papierosy;Papierosy;8417,85;;szt.;9580,0000;Straż Graniczna
05.03.2025 09:30:00;wewnątrz kraju;kraj;Podlaski;PSG w Bobrownikach;;wewnątrz kraju;Papierosy;Papierosy;4736,14;;szt.;5390,0000;Straż Graniczna
05.03.2025 09:30:00;wewnątrz kraju;kraj;Podlaski;PSG w Bobrownikach;;wewnątrz kraju;Papierosy;Papierosy;4736,14;;szt.;5390,0000;Straż Graniczna
05.03.2025 09:30:00;wewnątrz kraju;kraj;Podlaski;PSG w Bobrownikach;;wewnątrz kraju;Papierosy;Papierosy;4736,14;;szt.;5390,0000;Straż Graniczna
04.03.2025 17:20:00;wewnątrz kraju;kraj;Morski;PSG w Kołobrzegu;;wewnątrz kraju;Narkotyki;Marihuana;3584,00;;kg;0,0717;Straż Graniczna
04.03.2025 17:20:00;wewnątrz kraju;kraj;Morski;PSG w Kołobrzegu;;wewnątrz kraju;Narkotyki;Inne;10848,80;MEFEDRON;kg;0,1356;Straż Graniczna
05.03.2025 14:00:00;wewnątrz kraju;kraj;Warmińsko-Mazurski;PSG w Braniewie;;wewnątrz kraju;Alkohol;Wódka;;JELZIN;litr;32,0000;Policja
05.03.2025 14:00:00;wewnątrz kraju;kraj;Warmińsko-Mazurski;PSG w Braniewie;;wewnątrz kraju;Alkohol;Wódka;;SMIRNOFF;litr;9,0000;Policja
05.03.2025 14:00:00;wewnątrz kraju;kraj;Warmińsko-Mazurski;PSG w Braniewie;;wewnątrz kraju;Waluta;Euro - EUR;125258,18;;szt.;30150,0000;Policja
05.03.2025 14:00:00;wewnątrz kraju;kraj;Warmińsko-Mazurski;PSG w Braniewie;;wewnątrz kraju;Waluta;Dolar amerykański - USD;399,49;;szt.;103,0000;Policja
05.03.2025 14:00:00;wewnątrz kraju;kraj;Warmińsko-Mazurski;PSG w Braniewie;;wewnątrz kraju;Waluta;Złoty - PLN;1370,00;;szt.;1370,0000;Policja
05.03.2025 14:00:00;wewnątrz kraju;kraj;Warmińsko-Mazurski;PSG w Braniewie;;wewnątrz kraju;Waluta;Złoty - PLN;28800,00;;szt.;28800,0000;Policja
05.03.2025 14:00:00;wewnątrz kraju;kraj;Warmińsko-Mazurski;PSG w Braniewie;;wewnątrz kraju;Tytoń;krajanka tytoniowa;;;kg;3,8300;Policja
05.03.2025 14:00:00;wewnątrz kraju;kraj;Warmińsko-Mazurski;PSG w Braniewie;;wewnątrz kraju;Tytoń;susz tytoniowy;;;kg;2,4500;Policja
05.03.2025 14:00:00;wewnątrz kraju;kraj;Warmińsko-Mazurski;PSG w Braniewie;;wewnątrz kraju;Papierosy;Papierosy;140,59;LM;szt.;160,0000;Policja
05.03.2025 14:00:00;wewnątrz kraju;kraj;Warmińsko-Mazurski;PSG w Braniewie;;wewnątrz kraju;Papierosy;Papierosy;70,30;JIN LING;szt.;80,0000;Policja
05.03.2025 14:00:00;wewnątrz kraju;kraj;Warmińsko-Mazurski;PSG w Braniewie;;wewnątrz kraju;Papierosy;Papierosy;94,90;;szt.;108,0000;Policja
05.03.2025 14:00:00;wewnątrz kraju;kraj;Warmińsko-Mazurski;PSG w Braniewie;;wewnątrz kraju;Inne;Inne;;waga;szt.;2,0000;Policja
05.03.2025 14:00:00;wewnątrz kraju;kraj;Warmińsko-Mazurski;PSG w Braniewie;;wewnątrz kraju;Inne;Inne;;telefony;szt.;2,0000;Policja
05.03.2025 14:00:00;wewnątrz kraju;kraj;Warmińsko-Mazurski;PSG w Braniewie;;wewnątrz kraju;Inne;Inne;;segregator;szt.;1,0000;Policja
05.03.2025 14:00:00;wewnątrz kraju;kraj;Warmińsko-Mazurski;PSG w Braniewie;;wewnątrz kraju;Inne;Inne;;przedmiot o nieregularnych kształatach koloru żółto-brazowego;szt.;2,0000;Policja
05.03.2025 14:00:00;wewnątrz kraju;kraj;Warmińsko-Mazurski;PSG w Braniewie;;wewnątrz kraju;Inne;Inne;;kartony z tablatkami psisane jako witaminy;szt.;25,0000;Policja
05.03.2025 14:00:00;wewnątrz kraju;kraj;Warmińsko-Mazurski;PSG w Braniewie;;wewnątrz kraju;Inne;Inne;;kartonów z zawartością pojemników z suplementami;szt.;12,0000;Policja
05.03.2025 14:00:00;wewnątrz kraju;kraj;Warmińsko-Mazurski;PSG w Braniewie;;wewnątrz kraju;Inne;Inne;;maszynkę do produkcji papierosów;szt.;1,0000;Policja
05.03.2025 14:00:00;wewnątrz kraju;kraj;Warmińsko-Mazurski;PSG w Braniewie;;wewnątrz kraju;Inne;Inne;;maszynkę do krojenia tytoniu;szt.;1,0000;Policja
05.03.2025 23:45:00;Do RP;przejście;Nadbużański;PSG w Hrubieszowie;Zosin - Ustiług;Ukraina;Papierosy;Papierosy;105,44;SOBRANIE;szt.;120,0000;Straż Graniczna
05.03.2025 23:45:00;Do RP;przejście;Nadbużański;PSG w Hrubieszowie;Zosin - Ustiług;Ukraina;Alkohol;Inne;320,00;Płyn o stężeniu alkoholu powyżej 22%;litr;4,0000;Straż Graniczna
06.03.2025 06:00:00;Z RP;przejście;Bieszczadzki;PSG w Korczowej;Korczowa - Krakowiec;Ukraina;Inne;Inne;4500,00;ROWER MARKI CUBE;szt.;1,0000;Straż Graniczna
05.03.2025 18:00:00;wewnątrz kraju;kraj;Warmińsko-Mazurski;PSG w Bezledach;;wewnątrz kraju;Pojazdy;Osobowy;100000,00;TOYOTA C-HR;szt.;1,0000;Straż Graniczna
05.03.2025 11:10:00;wewnątrz kraju;kraj;Nadbużański;Nadbużański;;wewnątrz kraju;Tytoń;krajanka tytoniowa;544787,80;;kg;620,0000;KAS
06.03.2025 10:00:00;Z RP;przejście;Nadbużański;PSG w Hrebennem;Hrebenne - Rawa Ruska;Ukraina;Inne;Inne;99715,20;Jednorazowe e-papierosy;szt.;15980,0000;Straż Graniczna
06.03.2025 11:00:00;wewnątrz kraju;strefa;Nadbużański;PSG w Hrebennem;;Ukraina;Inne;Inne;35616,00;Jednorazowe e-papierosy LIQUID ;szt.;1400,0000;Straż Graniczna
06.03.2025 11:00:00;wewnątrz kraju;strefa;Nadbużański;PSG w Hrebennem;;Ukraina;Inne;Inne;46026,00;Jednorazowe e-papierosy LIQUID ;szt.;1800,0000;Straż Graniczna
05.03.2025 22:08:00;Do RP;strefa;Morski;PSG w Szczecinie;;Niemcy;Pojazdy;Inny;190000,00;Kamper;szt.;1,0000;Straż Graniczna
06.03.2025 18:15:00;Z RP;przejście;Nadbużański;PSG w Dołhobyczowie;Dołhobyczów - Uhrynów;Ukraina;Pojazdy;Motocykl;20000,00;YAMAHA TRACER 900 GT nr VIN JYARN575000022564, rok produkcji 2021, szacunkowa wartość pojazdu 20000,00 pln;szt.;1,0000;Straż Graniczna
06.03.2025 11:25:00;wewnątrz kraju;strefa;Nadodrzański;PSG w Tuplicach;;Niemcy;Inne;Inne;293400,00;buty;szt.;978,0000;Straż Graniczna
06.03.2025 11:25:00;wewnątrz kraju;strefa;Nadodrzański;PSG w Tuplicach;;Niemcy;Inne;Inne;6500,00;kurtki;szt.;13,0000;Straż Graniczna
06.03.2025 07:48:00;wewnątrz kraju;kraj;Nadbużański;PSG w Hrubieszowie;;wewnątrz kraju;Amunicja;Ostra;;250 (dwieście pięćdziesiąt) sztuk amunicji sportowej bocznego zapłonu kalibru .22RL;szt.;250,0000;Straż Graniczna
06.03.2025 07:48:00;wewnątrz kraju;kraj;Nadbużański;PSG w Hrubieszowie;;wewnątrz kraju;Amunicja;Ostra;;jedna sztuka amunicji o kalibrze 8x50R LEBEL o oznaczeniach Remington ART;szt.;1,0000;Straż Graniczna
06.03.2025 07:48:00;wewnątrz kraju;kraj;Nadbużański;PSG w Hrubieszowie;;wewnątrz kraju;Amunicja;Ostra;;55  (pięćdziesiąt pięć) sztuk amunicji o kalibrze 7,92x57IS;szt.;55,0000;Straż Graniczna
06.03.2025 07:48:00;wewnątrz kraju;kraj;Nadbużański;PSG w Hrubieszowie;;wewnątrz kraju;Amunicja;Ostra;;jedna sztuka amunicji o kalibrze 7,62x51;szt.;1,0000;Straż Graniczna
06.03.2025 07:48:00;wewnątrz kraju;kraj;Nadbużański;PSG w Hrubieszowie;;wewnątrz kraju;Amunicja;Ostra;;65 (sześćdziesiąt pięć) sztuk amunicji o kalibrze 7,62x54R;szt.;65,0000;Straż Graniczna
06.03.2025 07:48:00;wewnątrz kraju;kraj;Nadbużański;PSG w Hrubieszowie;;wewnątrz kraju;Broń;Palna;;pistolet samopowtarzalny Glock 17 bez magazynka o jednakowych oznaczeniach lufy i zamka BPVK060, natomiast szkielet oznaczony jest numerem G133206;szt.;1,0000;Straż Graniczna
06.03.2025 07:48:00;wewnątrz kraju;kraj;Nadbużański;PSG w Hrubieszowie;;wewnątrz kraju;Broń;Inna;;szkielet pistoletu nieznanej produkcji oznaczony numerem 181615;szt.;1,0000;Straż Graniczna
06.03.2025 07:48:00;wewnątrz kraju;kraj;Nadbużański;PSG w Hrubieszowie;;wewnątrz kraju;Broń;Inna;;trzon zamka karabinu nieznanej produkcji;szt.;1,0000;Straż Graniczna
06.03.2025 07:48:00;wewnątrz kraju;kraj;Nadbużański;PSG w Hrubieszowie;;wewnątrz kraju;Broń;Inna;;kompletny chwyt przedni pistoletu maszynowego UZI, składający się z dwóch połówek;szt.;1,0000;Straż Graniczna
06.03.2025 07:48:00;wewnątrz kraju;kraj;Nadbużański;PSG w Hrubieszowie;;wewnątrz kraju;Broń;Inna;;4 (cztery) szkielety pistoletu Walter P38;szt.;4,0000;Straż Graniczna
06.03.2025 07:48:00;wewnątrz kraju;kraj;Nadbużański;PSG w Hrubieszowie;;wewnątrz kraju;Broń;Inna;;2 sztuki przełącznika rodzaju ognia  pistoletu HKMP5, jeden tłumik płomienia HKG3.308, dwa czpienie, sprężyna, oraz trzy elementy nierozpoznane;szt.;9,0000;Straż Graniczna
06.03.2025 07:48:00;wewnątrz kraju;kraj;Nadbużański;PSG w Hrubieszowie;;wewnątrz kraju;Broń;Inna;;element rewolweru o kalibrze 6 mm;szt.;1,0000;Straż Graniczna
06.03.2025 07:48:00;wewnątrz kraju;kraj;Nadbużański;PSG w Hrubieszowie;;wewnątrz kraju;Amunicja;Ostra;;250 (dwieście pięćdziesiąt) sztuk amunicji pistoletowej o kalibrze 9x19;szt.;250,0000;Straż Graniczna
06.03.2025 07:48:00;wewnątrz kraju;kraj;Nadbużański;PSG w Hrubieszowie;;wewnątrz kraju;Amunicja;Ostra;;40 (czterdzieści) sztuk amunicji o kalibrze 7.62x39;szt.;40,0000;Straż Graniczna
06.03.2025 07:48:00;wewnątrz kraju;kraj;Nadbużański;PSG w Hrubieszowie;;wewnątrz kraju;Amunicja;Ostra;;100 (sto) sztuk amunicji o kalibrze 9x18 Makarov różnych producentów;szt.;100,0000;Straż Graniczna
06.03.2025 07:48:00;wewnątrz kraju;kraj;Nadbużański;PSG w Hrubieszowie;;wewnątrz kraju;Broń;Inna;;3 (trzy) komplety nakładek chwytu pistoletu Glock;szt.;3,0000;Straż Graniczna
06.03.2025 07:48:00;wewnątrz kraju;kraj;Nadbużański;PSG w Hrubieszowie;;wewnątrz kraju;Broń;Inna;;szkielety pistoletów Glock 19 o oznaczeniach: G136361, G137435, G137439, G137441;szt.;4,0000;Straż Graniczna
06.03.2025 07:48:00;wewnątrz kraju;kraj;Nadbużański;PSG w Hrubieszowie;;wewnątrz kraju;Broń;Inna;;luneta oznaczona napisem TACTEDGE, oraz kolimator oznaczony napisami „AIMPOINT” oraz „CompM2 4MOA 10338#240944”;szt.;3,0000;Straż Graniczna
06.03.2025 07:48:00;wewnątrz kraju;kraj;Nadbużański;PSG w Hrubieszowie;;wewnątrz kraju;Amunicja;Ostra;;18 (osiemnaście) sztuk amunicji o kalibrze 6,5x52 ;szt.;18,0000;Straż Graniczna
06.03.2025 07:48:00;wewnątrz kraju;kraj;Nadbużański;PSG w Hrubieszowie;;wewnątrz kraju;Broń;Inna;;części do broni krótkiej w postaci: lufa z zamkiem do pistoletu CZ27 kalibru 7,65, sprężyna powrotna, tulejka regulująca, oraz urządzenie do wyciągania zerwanych łusek BROWNING   ;szt.;4,0000;Straż Graniczna
06.03.2025 07:48:00;wewnątrz kraju;kraj;Nadbużański;PSG w Hrubieszowie;;wewnątrz kraju;Broń;Inna;;dwa trzony zamka do karabinu maszynowego PK, jeden o oznaczeniu X1556 drugi o oznaczeniu DD221, trzy kompletne dźwignie do wymiany luf;szt.;5,0000;Straż Graniczna
06.03.2025 07:48:00;wewnątrz kraju;kraj;Nadbużański;PSG w Hrubieszowie;;wewnątrz kraju;Broń;Inna;;dwie niekompletne dźwignie do wymiany luf, ukompletowanie wyposażenia karabinu maszynowego PK (do luf), ;szt.;3,0000;Straż Graniczna
06.03.2025 07:48:00;wewnątrz kraju;kraj;Nadbużański;PSG w Hrubieszowie;;wewnątrz kraju;Broń;Inna;;pięć sztuk ekstraktorów do łusek, pięć sztuk ramek do strzelania ślepą amunicją;szt.;10,0000;Straż Graniczna
06.03.2025 07:48:00;wewnątrz kraju;kraj;Nadbużański;PSG w Hrubieszowie;;wewnątrz kraju;Inne;Inne;;dwa przyborniki do broni;szt.;2,0000;Straż Graniczna
06.03.2025 07:48:00;wewnątrz kraju;kraj;Nadbużański;PSG w Hrubieszowie;;wewnątrz kraju;Broń;Inna;;sześć sztuk iglic do zamka;szt.;6,0000;Straż Graniczna
06.03.2025 07:48:00;wewnątrz kraju;kraj;Nadbużański;PSG w Hrubieszowie;;wewnątrz kraju;Broń;Inna;;nasadka karabinu M1 Garand;szt.;1,0000;Straż Graniczna
06.03.2025 07:48:00;wewnątrz kraju;kraj;Nadbużański;PSG w Hrubieszowie;;wewnątrz kraju;Broń;Inna;;zamek wraz z lufą oznaczoną numerem 1110 do pistoletu P38 kalibru .22RL;szt.;1,0000;Straż Graniczna
06.03.2025 07:48:00;wewnątrz kraju;kraj;Nadbużański;PSG w Hrubieszowie;;wewnątrz kraju;Broń;Palna;;pistolet FEG P9R wraz z magazynkiem,  zamek oraz lufa oznaczone są numerem 37060, natomiast szkielet oznaczony jest numerem R83547;szt.;1,0000;Straż Graniczna
06.03.2025 07:48:00;wewnątrz kraju;kraj;Nadbużański;PSG w Hrubieszowie;;wewnątrz kraju;Broń;Palna;;pistolet TT produkcji rumuńskiej o kalibrze 7.62x25 o numerze 5653639 data produkcji 1959 rok, bez magazynka;szt.;1,0000;Straż Graniczna
06.03.2025 07:48:00;wewnątrz kraju;kraj;Nadbużański;PSG w Hrubieszowie;;wewnątrz kraju;Broń;Palna;;pistolet TT o kalibrze 7.62x25 wraz dwoma magazynkami o numerze szkieletu 237270 oraz numerze lufy 44970;szt.;1,0000;Straż Graniczna
06.03.2025 07:48:00;wewnątrz kraju;kraj;Nadbużański;PSG w Hrubieszowie;;wewnątrz kraju;Broń;Palna;;pistolet TT o kalibrze 7.62x25 wraz z kaburą oraz jednym magazynkiem o numerze szkieletu 38035 oraz numerze lufy i zamka 41881;szt.;1,0000;Straż Graniczna
06.03.2025 07:48:00;wewnątrz kraju;kraj;Nadbużański;PSG w Hrubieszowie;;wewnątrz kraju;Broń;Inna;;szkielet pistoletu maszynowego FBP M/48 oznaczony numerem 18241;szt.;1,0000;Straż Graniczna
06.03.2025 07:48:00;wewnątrz kraju;kraj;Nadbużański;PSG w Hrubieszowie;;wewnątrz kraju;Broń;Inna;; cztery lufy owinięte w papier opisane jako „UZI plus nakrętka”;szt.;4,0000;Straż Graniczna
06.03.2025 07:48:00;wewnątrz kraju;kraj;Nadbużański;PSG w Hrubieszowie;;wewnątrz kraju;Broń;Inna;;pięć kompletnych zamków do pistoletu maszynowego PPS43 o numerach: MA06691, KT3500 H22480, AM16349, H25099;szt.;5,0000;Straż Graniczna
06.03.2025 07:48:00;wewnątrz kraju;kraj;Nadbużański;PSG w Hrubieszowie;;wewnątrz kraju;Broń;Inna;;zamek do karabinu MG42-53;szt.;1,0000;Straż Graniczna
06.03.2025 07:48:00;wewnątrz kraju;kraj;Nadbużański;PSG w Hrubieszowie;;wewnątrz kraju;Broń;Inna;;lufa pistoletu maszynowego o kalibrze 9mm bez oznaczenia numerowego;szt.;1,0000;Straż Graniczna
06.03.2025 07:48:00;wewnątrz kraju;kraj;Nadbużański;PSG w Hrubieszowie;;wewnątrz kraju;Broń;Inna;;szkielet karabinu HK G3 oznaczony numerem 397506;szt.;1,0000;Straż Graniczna
06.03.2025 07:48:00;wewnątrz kraju;kraj;Nadbużański;PSG w Hrubieszowie;;wewnątrz kraju;Broń;Inna;;dwie lufy do karabinu maszynowego PK, jedna oznaczona numerem 0890, druga lufa nie posiada oznaczenia numerowego;szt.;2,0000;Straż Graniczna
06.03.2025 07:48:00;wewnątrz kraju;kraj;Nadbużański;PSG w Hrubieszowie;;wewnątrz kraju;Broń;Inna;;kolba składana do karabinu maszynowego HK G3 wraz z mechanizmem powrotnym;szt.;1,0000;Straż Graniczna
06.03.2025 07:48:00;wewnątrz kraju;kraj;Nadbużański;PSG w Hrubieszowie;;wewnątrz kraju;Broń;Inna;;lufa karabinu posiadająca widoczne oznaki korozji;szt.;1,0000;Straż Graniczna
06.03.2025 07:48:00;wewnątrz kraju;kraj;Nadbużański;PSG w Hrubieszowie;;wewnątrz kraju;Broń;Inna;;trzy kolby kompozytowe karabinu maszynowego HK G3 wraz z mechanizmami powrotnymi;szt.;3,0000;Straż Graniczna
06.03.2025 07:48:00;wewnątrz kraju;kraj;Nadbużański;PSG w Hrubieszowie;;wewnątrz kraju;Broń;Palna;;karabin automatyczny AK 74 o numerze 331289 wraz z przybornikiem – bez chwytu oraz magazynka;szt.;1,0000;Straż Graniczna
06.03.2025 07:48:00;wewnątrz kraju;kraj;Nadbużański;PSG w Hrubieszowie;;wewnątrz kraju;Broń;Inna;;chwyt karabinu HK G3 z bezpiecznikiem i selektorem rodzaju ognia;szt.;1,0000;Straż Graniczna
06.03.2025 07:48:00;wewnątrz kraju;kraj;Nadbużański;PSG w Hrubieszowie;;wewnątrz kraju;Broń;Inna;;suwadło do karabinu HK G3 oznaczone numerami FMP10/75 oraz 506;szt.;1,0000;Straż Graniczna
06.03.2025 07:48:00;wewnątrz kraju;kraj;Nadbużański;PSG w Hrubieszowie;;wewnątrz kraju;Broń;Inna;;lufa karabinowa;szt.;1,0000;Straż Graniczna
06.03.2025 07:48:00;wewnątrz kraju;kraj;Nadbużański;PSG w Hrubieszowie;;wewnątrz kraju;Broń;Inna;;lufa do karabinu maszynowego oznaczona numerem AF0609372370;szt.;1,0000;Straż Graniczna
06.03.2025 07:48:00;wewnątrz kraju;kraj;Nadbużański;PSG w Hrubieszowie;;wewnątrz kraju;Broń;Inna;;chwyt karabinu HK G3 z bezpiecznikiem i selektorem rodzaju ognia;szt.;1,0000;Straż Graniczna
06.03.2025 07:48:00;wewnątrz kraju;kraj;Nadbużański;PSG w Hrubieszowie;;wewnątrz kraju;Broń;Inna;; korpus broni z suwadłem zamka z oznaczeniem 5004 ZTD tgf;szt.;1,0000;Straż Graniczna
06.03.2025 07:48:00;wewnątrz kraju;kraj;Nadbużański;PSG w Hrubieszowie;;wewnątrz kraju;Broń;Inna;;szkielet wraz z lufa pistoletu maszynowego Thomson o kalibrze .45 oznaczony numerem 40231;szt.;1,0000;Straż Graniczna
06.03.2025 07:48:00;wewnątrz kraju;kraj;Nadbużański;PSG w Hrubieszowie;;wewnątrz kraju;Broń;Inna;;szkielet karabinu HK G3 wraz z lufą;szt.;1,0000;Straż Graniczna
06.03.2025 07:48:00;wewnątrz kraju;kraj;Nadbużański;PSG w Hrubieszowie;;wewnątrz kraju;Broń;Inna;;lufa do karabinu maszynowego oznaczona numerem A8333;szt.;1,0000;Straż Graniczna
06.03.2025 07:48:00;wewnątrz kraju;kraj;Nadbużański;PSG w Hrubieszowie;;wewnątrz kraju;Broń;Inna;;suwadło do karabinu maszynowego PK oznaczone numerem 226;szt.;1,0000;Straż Graniczna
06.03.2025 07:48:00;wewnątrz kraju;kraj;Nadbużański;PSG w Hrubieszowie;;wewnątrz kraju;Broń;Inna;;suwadło wraz z zamkiem do karabinu maszynowego PK oznaczone numerem 94107;szt.;1,0000;Straż Graniczna
06.03.2025 07:48:00;wewnątrz kraju;kraj;Nadbużański;PSG w Hrubieszowie;;wewnątrz kraju;Broń;Inna;;korpus pistoletu maszynowego UZI oznaczony numerem 6506119;szt.;1,0000;Straż Graniczna
06.03.2025 07:48:00;wewnątrz kraju;kraj;Nadbużański;PSG w Hrubieszowie;;wewnątrz kraju;Broń;Inna;;suwadło wraz z zamkiem do karabinu maszynowego PK oznaczone numerem JK173;szt.;1,0000;Straż Graniczna
06.03.2025 07:48:00;wewnątrz kraju;kraj;Nadbużański;PSG w Hrubieszowie;;wewnątrz kraju;Broń;Inna;;urządzenie wylotowe do karabinu maszynowego M1919A6;szt.;1,0000;Straż Graniczna
06.03.2025 07:48:00;wewnątrz kraju;kraj;Nadbużański;PSG w Hrubieszowie;;wewnątrz kraju;Broń;Inna;;suwadło RKMDP wzór WZ28 oznaczone numerem 3951;szt.;1,0000;Straż Graniczna
06.03.2025 07:48:00;wewnątrz kraju;kraj;Nadbużański;PSG w Hrubieszowie;;wewnątrz kraju;Broń;Inna;;lufa karabinu maszynowego z oznaczeniem 9A;szt.;1,0000;Straż Graniczna
06.03.2025 07:48:00;wewnątrz kraju;kraj;Nadbużański;PSG w Hrubieszowie;;wewnątrz kraju;Broń;Inna;;mechanizm powrotny broni bez iglicy z oznaczeniem 18241;szt.;1,0000;Straż Graniczna
06.03.2025 07:48:00;wewnątrz kraju;kraj;Nadbużański;PSG w Hrubieszowie;;wewnątrz kraju;Broń;Inna;;szkielet pistoletu Walter P38 wraz z mechanizmem spustowo-uderzeniowym oznaczony numerem 40TRA ;szt.;1,0000;Straż Graniczna
06.03.2025 07:48:00;wewnątrz kraju;kraj;Nadbużański;PSG w Hrubieszowie;;wewnątrz kraju;Broń;Palna;;karabin AKM 47 bez łoża i magazynku oznaczony numerem ACM 2068;szt.;1,0000;Straż Graniczna
06.03.2025 07:48:00;wewnątrz kraju;kraj;Nadbużański;PSG w Hrubieszowie;;wewnątrz kraju;Broń;Inna;; korpus pistoletu maszynowego UZI oznaczony numerem 092810;szt.;1,0000;Straż Graniczna
06.03.2025 07:48:00;wewnątrz kraju;kraj;Nadbużański;PSG w Hrubieszowie;;wewnątrz kraju;Broń;Inna;;mechanizm powrotny ze sprężyna do broni palnej, magazynek pistoletu Walther P38 kalibru 5.6, komora zamkowa karabinu 7.62 mm o numerze 26454;szt.;3,0000;Straż Graniczna
06.03.2025 07:48:00;wewnątrz kraju;kraj;Nadbużański;PSG w Hrubieszowie;;wewnątrz kraju;Broń;Inna;;dwójnóg do karabinu maszynowego, mechanizm spustowo uderzeniowy oznaczony numerem PBBM59, urządzenie wylotowe wraz z podzespołami montażowymi;szt.;3,0000;Straż Graniczna
06.03.2025 07:48:00;wewnątrz kraju;kraj;Nadbużański;PSG w Hrubieszowie;;wewnątrz kraju;Broń;Inna;;lufa do karabinu maszynowego oznaczona numerem AU4452;szt.;1,0000;Straż Graniczna
06.03.2025 07:48:00;wewnątrz kraju;kraj;Nadbużański;PSG w Hrubieszowie;;wewnątrz kraju;Broń;Inna;;korpus broni z oznaczeniem 3951 ZTD tgf;szt.;1,0000;Straż Graniczna
06.03.2025 07:48:00;wewnątrz kraju;kraj;Nadbużański;PSG w Hrubieszowie;;wewnątrz kraju;Broń;Inna;;osłona lufy karabinu maszynowego oznaczona numerem 9212 oraz datą produkcji 1943;szt.;1,0000;Straż Graniczna
06.03.2025 07:48:00;wewnątrz kraju;kraj;Nadbużański;PSG w Hrubieszowie;;wewnątrz kraju;Broń;Inna;;zamek pistoletu Walther P38 o kalibrze 5.6 oznaczony numerem 951, zamek pistoletu Walther P1 o kalibrze 9x19 oznaczony numerem 111;szt.;2,0000;Straż Graniczna
06.03.2025 07:48:00;wewnątrz kraju;kraj;Nadbużański;PSG w Hrubieszowie;;wewnątrz kraju;Broń;Inna;;, zamek pistoletu Walther P1 o kalibrze 9x19 oznaczony numerem 721, zamek pistoletu Walther P38 o kalibrze 5.6 bez oznaczenia numerowego;szt.;2,0000;Straż Graniczna
06.03.2025 07:48:00;wewnątrz kraju;kraj;Nadbużański;PSG w Hrubieszowie;;wewnątrz kraju;Broń;Inna;;lufa do pistoletu Walther P1 o kalibrze 9x19 oznaczona numerem 721, lufa do pistoletu Walther P1 o kalibrze 9x19 oznaczona numerem 629;szt.;2,0000;Straż Graniczna
06.03.2025 07:48:00;wewnątrz kraju;kraj;Nadbużański;PSG w Hrubieszowie;;wewnątrz kraju;Broń;Inna;;zamek do pistoletu Walther P1 o kalibrze 9x19 oznaczony numerem 012, zamek do pistoletu Walther P38 o kalibrze 5.6 oznaczony numerem 4/67;szt.;2,0000;Straż Graniczna
06.03.2025 07:48:00;wewnątrz kraju;kraj;Nadbużański;PSG w Hrubieszowie;;wewnątrz kraju;Broń;Inna;;lufa pistoletu owinięta w papier z napisem Beretta 92, zamek pistoletu Walther P38 o kalibrze 5.6 bez oznaczenia numerowego;szt.;2,0000;Straż Graniczna
06.03.2025 07:48:00;wewnątrz kraju;kraj;Nadbużański;PSG w Hrubieszowie;;wewnątrz kraju;Broń;Inna;;zamek do pistoletu Walter P1 o kalibrze 9x19 oznaczony numerem 10/81, dwie sztuki zespołów iglicznych owinięte papierem z napisem BM59;szt.;3,0000;Straż Graniczna
06.03.2025 07:48:00;wewnątrz kraju;kraj;Nadbużański;PSG w Hrubieszowie;;wewnątrz kraju;Broń;Inna;;lufa pistoletu oznaczona numerem 127, lufa pistoletu oznaczone numerem 120 ;szt.;2,0000;Straż Graniczna
06.03.2025 07:48:00;wewnątrz kraju;kraj;Nadbużański;PSG w Hrubieszowie;;wewnątrz kraju;Broń;Inna;;lufa pistoletu oznaczone numerem 350, lufa pistoletu o numerze 005, lufa pistoletu bez oznaczenia numerowego ;szt.;3,0000;Straż Graniczna
06.03.2025 07:48:00;wewnątrz kraju;kraj;Nadbużański;PSG w Hrubieszowie;;wewnątrz kraju;Broń;Inna;;cztery sprężyny do magazynka, dwa magazynki z oznaczeniem MP38u40, jeden magazynek z oznaczeniem MP41, magazynki nie posiadają wkładów;szt.;7,0000;Straż Graniczna
06.03.2025 07:48:00;wewnątrz kraju;kraj;Nadbużański;PSG w Hrubieszowie;;wewnątrz kraju;Broń;Inna;;zamek pistoletu maszynowego o numerze P10,  zamek pistoletu maszynowego MP o numerze P11;szt.;2,0000;Straż Graniczna
06.03.2025 07:48:00;wewnątrz kraju;kraj;Nadbużański;PSG w Hrubieszowie;;wewnątrz kraju;Broń;Inna;;zamek pistoletu maszynowego MP o numerze 0628, zamek pistoletu maszynowego MP40 o numerze 9741;szt.;2,0000;Straż Graniczna
06.03.2025 07:48:00;wewnątrz kraju;kraj;Nadbużański;PSG w Hrubieszowie;;wewnątrz kraju;Broń;Inna;;”, mechanizm uderzeniowy z iglicą do pistoletu MP40, zamek pistoletu maszynowego MP o numerze trudnym do odczytania, zamek pistoletu maszynowego MP o numerze 6550;szt.;3,0000;Straż Graniczna
06.03.2025 07:48:00;wewnątrz kraju;kraj;Nadbużański;PSG w Hrubieszowie;;wewnątrz kraju;Broń;Inna;;zamek pistoletu maszynowego MP o numerze 22869, mechanizm powrotny broni bez iglicy i bez sprężyny, mechanizm powrotny broni z iglica i bez sprężyny;szt.;3,0000;Straż Graniczna
06.03.2025 07:48:00;wewnątrz kraju;kraj;Nadbużański;PSG w Hrubieszowie;;wewnątrz kraju;Broń;Inna;;zamek pistoletu maszynowego MP o numerze 7622, zamek pistoletu maszynowego MP o numerze 6237, zamek pistoletu maszynowego MP bez oznaczenia numerowego;szt.;3,0000;Straż Graniczna
06.03.2025 07:48:00;wewnątrz kraju;kraj;Nadbużański;PSG w Hrubieszowie;;wewnątrz kraju;Broń;Inna;;dwie sprężyny mechanizmu powrotnego do karabinu maszynowego MP, cztery lufy pistoletu maszynowego MP40 kalibru 9 mm z oznaczeniami (dwie lufy posiadają oznaczenia XX, dwie lufy nie posiadają oznaczeń);szt.;6,0000;Straż Graniczna
06.03.2025 07:48:00;wewnątrz kraju;kraj;Nadbużański;PSG w Hrubieszowie;;wewnątrz kraju;Broń;Inna;;pięć sztuk bezpieczników zamka do pistoletu maszynowego MP, siedem sztuk szyn oporowych do pistoletu maszynowego MP40, trzy komplety okładzin chwytów bakelitowych;szt.;15,0000;Straż Graniczna
06.03.2025 07:48:00;wewnątrz kraju;kraj;Nadbużański;PSG w Hrubieszowie;;wewnątrz kraju;Broń;Inna;;pięć sztuk podajnika magazynka pistoletu maszynowego MP40;szt.;5,0000;Straż Graniczna
06.03.2025 07:48:00;wewnątrz kraju;kraj;Nadbużański;PSG w Hrubieszowie;;wewnątrz kraju;Broń;Inna;;szkieletu pistoletu Glock 17 Gen. 4 o numerze G137508 wraz z okładzinami chwytu, zamek z mechanizmem powrotnym oraz lufą do pistoletu Glock 17  o numerze lufy oraz zamka BFWK415;szt.;4,0000;Straż Graniczna
06.03.2025 07:48:00;wewnątrz kraju;kraj;Nadbużański;PSG w Hrubieszowie;;wewnątrz kraju;Broń;Inna;;zamek z mechanizmem powrotnym oraz lufą do pistoletu Glock 17 o numerze lufy oraz zamka BPWK055, zamek z mechanizmem powrotnym oraz lufą do pistoletu Glock 17  o numerze lufy oraz zamka AEPM439;szt.;4,0000;Straż Graniczna
06.03.2025 07:48:00;wewnątrz kraju;kraj;Nadbużański;PSG w Hrubieszowie;;wewnątrz kraju;Broń;Inna;;zamek z mechanizmem powrotnym oraz lufą do pistoletu Glock 17 o numerze lufy oraz zamka BFRT951, zamek z mechanizmem powrotnym oraz lufą do pistoletu Glock 17  o numerze lufy oraz zamka BNHU901;szt.;4,0000;Straż Graniczna
06.03.2025 07:48:00;wewnątrz kraju;kraj;Nadbużański;PSG w Hrubieszowie;;wewnątrz kraju;Broń;Inna;;zamek z mechanizmem powrotnym oraz lufą do pistoletu Glock 45 o numerze lufy oraz zamka BPHW353, zamek z mechanizmem powrotnym oraz lufą do pistoletu Glock 45 o numerze lufy oraz zamka BPHW352;szt.;4,0000;Straż Graniczna
06.03.2025 07:48:00;wewnątrz kraju;kraj;Nadbużański;PSG w Hrubieszowie;;wewnątrz kraju;Broń;Inna;;lufa pistoletu Glock 17 o numerze BHZW306, dwie sprężyny powrotne do pistoletu Glock, jedna trzeciej generacji, druga czwartej;szt.;3,0000;Straż Graniczna
06.03.2025 07:48:00;wewnątrz kraju;kraj;Nadbużański;PSG w Hrubieszowie;;wewnątrz kraju;Broń;Inna;;szkielet pistoletu TT o numerze 9675687 rok produkcji 1964, szkielet pistoletu TT o numerze 1189, cztery magazynki do pistoletu TT, lufa pistoletu TT o numerze 176864;szt.;7,0000;Straż Graniczna
06.03.2025 07:48:00;wewnątrz kraju;kraj;Nadbużański;PSG w Hrubieszowie;;wewnątrz kraju;Broń;Inna;;lufa pistoletu TT o numerze 54299, lufa pistoletu TT o numerze 7586, lufa pistoletu TT o numerze 3543, lufa pistoletu TT o numerze 589, lufa pistoletu TT o numerze 9834;szt.;5,0000;Straż Graniczna
06.03.2025 07:48:00;wewnątrz kraju;kraj;Nadbużański;PSG w Hrubieszowie;;wewnątrz kraju;Broń;Inna;;pięć luf pistoletu TT bez oznaczenia numerowego, cztery mechanizmy kurkowe do pistoletu TT, dwa języki spustowe, dwa pazury wyciągu, trzy rygle, dwa skrzydełka bezpiecznika, dwa stabilizatory lufy;szt.;20,0000;Straż Graniczna
06.03.2025 07:48:00;wewnątrz kraju;kraj;Nadbużański;PSG w Hrubieszowie;;wewnątrz kraju;Broń;Inna;;trzy sztuki okładzin bakelitowych do pistoletu TT, zamek z mechanizmem powrotnym oraz lufą do pistoletu TT o numerze lufy oraz zamka C176518, ;szt.;5,0000;Straż Graniczna
06.03.2025 07:48:00;wewnątrz kraju;kraj;Nadbużański;PSG w Hrubieszowie;;wewnątrz kraju;Broń;Inna;;zamek z mechanizmem powrotnym oraz lufą do pistoletu TT o numerze zamka ZH442, zamek z mechanizmem powrotnym oraz lufą do pistoletu TT o numerze lufy oraz zamka 93793;szt.;4,0000;Straż Graniczna
06.03.2025 07:48:00;wewnątrz kraju;kraj;Nadbużański;PSG w Hrubieszowie;;wewnątrz kraju;Broń;Inna;;zamek z mechanizmem powrotnym oraz lufą do pistoletu TT o numerze zamka YA1373, zamek z mechanizmem powrotnym oraz lufą do pistoletu TT o numerze lufy oraz zamka 192568;szt.;4,0000;Straż Graniczna
06.03.2025 07:48:00;wewnątrz kraju;kraj;Nadbużański;PSG w Hrubieszowie;;wewnątrz kraju;Broń;Inna;;zamek z mechanizmem powrotnym oraz lufą do pistoletu TT o numerze lufy oraz zamka 206062,zamek z mechanizmem powrotnym oraz lufą do pistoletu TT o numerze lufy 125044;szt.;4,0000;Straż Graniczna
06.03.2025 07:48:00;wewnątrz kraju;kraj;Nadbużański;PSG w Hrubieszowie;;wewnątrz kraju;Broń;Inna;;16 (szesnaście) sztuk luf do pistoletu maszynowego;szt.;16,0000;Straż Graniczna
06.03.2025 07:48:00;wewnątrz kraju;kraj;Nadbużański;PSG w Hrubieszowie;;wewnątrz kraju;Broń;Inna;;zamek do pistoletu maszynowego PM63 RAK o numerze ZK3997 rok produkcji 1974 wraz ze sprężyną;szt.;2,0000;Straż Graniczna
06.03.2025 07:48:00;wewnątrz kraju;kraj;Nadbużański;PSG w Hrubieszowie;;wewnątrz kraju;Broń;Inna;;zamek do pistoletu maszynowego PM63 RAK o numerze DT5011 rocznik 1974 wraz ze sprężyną, szkielet pistoletu maszynowego PM 63 RAK;szt.;3,0000;Straż Graniczna
06.03.2025 07:48:00;wewnątrz kraju;kraj;Nadbużański;PSG w Hrubieszowie;;wewnątrz kraju;Broń;Inna;;zamek karabinowy bez oznaczeń, mechanizm spustowo uderzeniowy do pistoletu maszynowego UZI, kolba do pistoletu maszynowego UZI;szt.;3,0000;Straż Graniczna
06.03.2025 07:48:00;wewnątrz kraju;kraj;Nadbużański;PSG w Hrubieszowie;;wewnątrz kraju;Broń;Inna;;dwie lufy do pistoletu maszynowego, dwie bakelitowe okładziny chwytu przedniego;szt.;4,0000;Straż Graniczna
06.03.2025 07:48:00;wewnątrz kraju;kraj;Nadbużański;PSG w Hrubieszowie;;wewnątrz kraju;Broń;Inna;;dwie bakelitowe okładziny chwytu;szt.;2,0000;Straż Graniczna
06.03.2025 07:48:00;wewnątrz kraju;kraj;Nadbużański;PSG w Hrubieszowie;;wewnątrz kraju;Broń;Inna;;zawierający mechanizm spustowo uderzeniowy oraz jego elementy montażowe do karabinu maszynowego AK, pięć bakelitowych chwytów do karabinu AK;szt.;6,0000;Straż Graniczna
06.03.2025 07:48:00;wewnątrz kraju;kraj;Nadbużański;PSG w Hrubieszowie;;wewnątrz kraju;Broń;Inna;;stopka kolby, celownik, przewód skośny, oraz muszka do karabinu AK;szt.;4,0000;Straż Graniczna
06.03.2025 07:48:00;wewnątrz kraju;kraj;Nadbużański;PSG w Hrubieszowie;;wewnątrz kraju;Broń;Inna;;dwie sztuki osady celownika jedna z celownikiem, trzy sztuki dźwigni przełącznika rodzaju ognia;szt.;6,0000;Straż Graniczna
06.03.2025 07:48:00;wewnątrz kraju;kraj;Nadbużański;PSG w Hrubieszowie;;wewnątrz kraju;Broń;Inna;;trzy sztuki nakładek celownika do karabinu AK, jeden tłok suwadła AK;szt.;4,0000;Straż Graniczna
06.03.2025 07:48:00;wewnątrz kraju;kraj;Nadbużański;PSG w Hrubieszowie;;wewnątrz kraju;Broń;Inna;;trzy magazynki pistoletowe, magazynek do karabinka HKG3;szt.;4,0000;Straż Graniczna
06.03.2025 07:48:00;wewnątrz kraju;kraj;Nadbużański;PSG w Hrubieszowie;;wewnątrz kraju;Broń;Inna;;zawierające zamek karabinowy oraz zespół igliczny, zamek pistoletu maszynowego THOMSON bez oznaczeń– 2 szt, sprężyny powrotne  - 2 szt;szt.;6,0000;Straż Graniczna
06.03.2025 07:48:00;wewnątrz kraju;kraj;Nadbużański;PSG w Hrubieszowie;;wewnątrz kraju;Broń;Inna;;okładziny bakelitowe  do pistoletu – 3 kpl, zamek z lufą pistoletu Beretta 92S – 2 szt, zamek z lufą pistoletu produkcji węgierskiej MBK-9HP o numerze 20323 9 mm – 1 szt;szt.;6,0000;Straż Graniczna
06.03.2025 07:48:00;wewnątrz kraju;kraj;Nadbużański;PSG w Hrubieszowie;;wewnątrz kraju;Broń;Inna;;szkielet pistoletu o numerze R83549 – 1 szt., zamek z lufą pistoletu Beretta o numerze 705377 – 1 szt., zamek z lufą i sprężyną pistoletu P9RZ kal 9x19 o numerze RZ00406 – 1 szt;szt.;3,0000;Straż Graniczna
06.03.2025 07:48:00;wewnątrz kraju;kraj;Nadbużański;PSG w Hrubieszowie;;wewnątrz kraju;Broń;Inna;;zamek o numerze 677386 z lufą o numerze 27393 pistoletu Beretta – 1 szt., lufa pistoletu Beretta 92S – 1 szt., magazynek pistoletowy – 3 szt;szt.;5,0000;Straż Graniczna
06.03.2025 07:48:00;wewnątrz kraju;kraj;Nadbużański;PSG w Hrubieszowie;;wewnątrz kraju;Broń;Inna;;element obsady muszki karabinowej - 7 szt., element broni o numerze 12979 – 1 szt., dźwignia przeładowania broni – 1 szt;szt.;9,0000;Straż Graniczna
06.03.2025 07:48:00;wewnątrz kraju;kraj;Nadbużański;PSG w Hrubieszowie;;wewnątrz kraju;Broń;Inna;; magazynek pistoletowy – 5 szt., lufy pistoletu z nakrętkami bez oznaczeń – 3 szt;szt.;8,0000;Straż Graniczna
06.03.2025 07:48:00;wewnątrz kraju;kraj;Nadbużański;PSG w Hrubieszowie;;wewnątrz kraju;Broń;Inna;;zamek karabinowy bez numeru – 3 szt;szt.;3,0000;Straż Graniczna
06.03.2025 07:48:00;wewnątrz kraju;kraj;Nadbużański;PSG w Hrubieszowie;;wewnątrz kraju;Broń;Inna;;gniazdo magazynka – 3 szt;szt.;3,0000;Straż Graniczna
06.03.2025 07:48:00;wewnątrz kraju;kraj;Nadbużański;PSG w Hrubieszowie;;wewnątrz kraju;Inne;Inne;;oliwiarka metalowa – 2 szt;szt.;2,0000;Straż Graniczna
06.03.2025 07:48:00;wewnątrz kraju;kraj;Nadbużański;PSG w Hrubieszowie;;wewnątrz kraju;Broń;Inna;;chwyt pistoletowy do karabinka AK – 2 szt;szt.;2,0000;Straż Graniczna
06.03.2025 07:48:00;wewnątrz kraju;kraj;Nadbużański;PSG w Hrubieszowie;;wewnątrz kraju;Broń;Inna;;urządzenie wylotowe do karabiny maszynowego – 1 szt., przewód skośny karabinu AK – 1 szt;szt.;2,0000;Straż Graniczna
06.03.2025 07:48:00;wewnątrz kraju;kraj;Nadbużański;PSG w Hrubieszowie;;wewnątrz kraju;Broń;Inna;;obsada szczerbiny ze szczerbina karabinu AK – 1 szt., osada muszli karabinu AK – 1 szt;szt.;2,0000;Straż Graniczna
06.03.2025 07:48:00;wewnątrz kraju;kraj;Nadbużański;PSG w Hrubieszowie;;wewnątrz kraju;Broń;Inna;;osada nakładki łoża karabinu AK – 1 szt., nakładka bakelitowa łoża karabinu AK – 1 szt;szt.;2,0000;Straż Graniczna
06.03.2025 07:48:00;wewnątrz kraju;kraj;Nadbużański;PSG w Hrubieszowie;;wewnątrz kraju;Broń;Inna;;dwie sztuki zatrzasku magazynka karabinka AK, jeden gumowy element z czpieniem ;szt.;3,0000;Straż Graniczna
06.03.2025 07:48:00;wewnątrz kraju;kraj;Nadbużański;PSG w Hrubieszowie;;wewnątrz kraju;Broń;Inna;;elementy montażowe kolby składanej karabinka AK 74, woreczek zawierający 3 szt. iglic, oraz 3 szt. pazurów wyciągu i 3 szt;szt.;9,0000;Straż Graniczna
06.03.2025 07:48:00;wewnątrz kraju;kraj;Nadbużański;PSG w Hrubieszowie;;wewnątrz kraju;Broń;Inna;;sprężyn karabinka AK 74, pas nośny karabinka AK74;szt.;2,0000;Straż Graniczna
06.03.2025 07:48:00;wewnątrz kraju;kraj;Nadbużański;PSG w Hrubieszowie;;wewnątrz kraju;Broń;Inna;;cztery nakładki bakelitowe łoża karabinu AK 74, dwa komplety zestawów czyszczących;szt.;6,0000;Straż Graniczna
06.03.2025 07:48:00;wewnątrz kraju;kraj;Nadbużański;PSG w Hrubieszowie;;wewnątrz kraju;Broń;Inna;;zestaw montażowy kolby składanej karabinka AK 74, woreczek strunowy zawierający elementy karabinka AK 74;szt.;2,0000;Straż Graniczna
06.03.2025 07:48:00;wewnątrz kraju;kraj;Nadbużański;PSG w Hrubieszowie;;wewnątrz kraju;Broń;Inna;;lufa pistoletowa o numerze 937 , lufa pistoletowa o numerze 089 , , dwa zamki pistoletu Walther P38 kaliber 5.6 mm;szt.;4,0000;Straż Graniczna
06.03.2025 07:48:00;wewnątrz kraju;kraj;Nadbużański;PSG w Hrubieszowie;;wewnątrz kraju;Broń;Inna;;trzy lufy pistoletowe kalibru 22LR;szt.;3,0000;Straż Graniczna
06.03.2025 07:48:00;wewnątrz kraju;kraj;Nadbużański;PSG w Hrubieszowie;;wewnątrz kraju;Broń;Inna;;zamek karabinowy – 4 sztuki ;szt.;4,0000;Straż Graniczna
06.03.2025 07:48:00;wewnątrz kraju;kraj;Nadbużański;PSG w Hrubieszowie;;wewnątrz kraju;Broń;Inna;;woreczek zawierający elementy montażowe do pistoletów, zamek o numerze 236486 wraz z lufą do pistoletu CZ 27;szt.;2,0000;Straż Graniczna
06.03.2025 07:48:00;wewnątrz kraju;kraj;Nadbużański;PSG w Hrubieszowie;;wewnątrz kraju;Broń;Inna;;zamek pistoletowy o numerze 528487, zamek pistoletowy o numerze 526323, zamek o numerze 542125 z lufą do pistoletu CZ 27 ;szt.;4,0000;Straż Graniczna
06.03.2025 07:48:00;wewnątrz kraju;kraj;Nadbużański;PSG w Hrubieszowie;;wewnątrz kraju;Broń;Inna;;zamek o numerze 562909 wraz z lufą do pistoletu CZ 27 kaliber 7,65, zamek o numerze 209992 wraz z lufą do pistoletu CZ 27 kaliber 7,65, zamek o numerze 540787;szt.;5,0000;Straż Graniczna
06.03.2025 07:48:00;wewnątrz kraju;kraj;Nadbużański;PSG w Hrubieszowie;;wewnątrz kraju;Broń;Inna;;dwie lufy pistoletowe bez oznaczeń, woreczek strunowy zawierający elementy mechanizmów powrotnych i elementy ryglujące do pistoletów;szt.;3,0000;Straż Graniczna
06.03.2025 07:48:00;wewnątrz kraju;kraj;Nadbużański;PSG w Hrubieszowie;;wewnątrz kraju;Amunicja;Inna;;89 sztuk (osiemdziesiąt dziewięć) amunicja 9x19 mm Luger z czego 2 sztuki posiadają pociski ale mają zbite spłonki;szt.;89,0000;Straż Graniczna
06.03.2025 07:48:00;wewnątrz kraju;kraj;Nadbużański;PSG w Hrubieszowie;;wewnątrz kraju;Amunicja;Ostra;;50 sztuk (pięćdziesiąt) sztuk amunicji do broni gładko lufowej kalibru 12/70 koloru niebieskiego z oznaczeniami  Olympic Trap 24.;szt.;50,0000;Straż Graniczna
06.03.2025 07:48:00;wewnątrz kraju;kraj;Nadbużański;PSG w Hrubieszowie;;wewnątrz kraju;Amunicja;Inna;;62 sztuki (sześćdziesiąt dwa) amunicji  myśliwskiej, śrutowej do broni gładkolufowej kalibru 12/70  ;szt.;62,0000;Straż Graniczna
06.03.2025 07:48:00;wewnątrz kraju;kraj;Nadbużański;PSG w Hrubieszowie;;wewnątrz kraju;Broń;Inna;;5 (pięć) sprężyn mechanizmu powrotnego broni, 8 (osiem) iglic karabinu maszynowego DP28, 9 (dziewięć) trzonów zamków karabinu maszynowego DP28;szt.;22,0000;Straż Graniczna
06.03.2025 07:48:00;wewnątrz kraju;kraj;Nadbużański;PSG w Hrubieszowie;;wewnątrz kraju;Broń;Inna;;6 (sześć) luf do pistoletu maszynowego MP40;szt.;6,0000;Straż Graniczna
06.03.2025 07:48:00;wewnątrz kraju;kraj;Nadbużański;PSG w Hrubieszowie;;wewnątrz kraju;Broń;Inna;;11 (jedenaście) sztuk trzonów zamka do pistoletu maszynowego PPSZ wzór 41;szt.;11,0000;Straż Graniczna
06.03.2025 07:48:00;wewnątrz kraju;kraj;Nadbużański;PSG w Hrubieszowie;;wewnątrz kraju;Broń;Inna;;9 (dziewięć) luf z komorami nabojowymi do pistoletu maszynowego;szt.;9,0000;Straż Graniczna
06.03.2025 07:48:00;wewnątrz kraju;kraj;Nadbużański;PSG w Hrubieszowie;;wewnątrz kraju;Broń;Inna;;6 (sześć) sztuk trzonów zamka do broni palnej;szt.;6,0000;Straż Graniczna
06.03.2025 07:48:00;wewnątrz kraju;kraj;Nadbużański;PSG w Hrubieszowie;;wewnątrz kraju;Broń;Inna;;2 (dwie) lufy z komorą nabojową do pistoletu maszynowego, 1 (jeden) metalowy magazynek do pistoletu;szt.;3,0000;Straż Graniczna
06.03.2025 07:48:00;wewnątrz kraju;kraj;Nadbużański;PSG w Hrubieszowie;;wewnątrz kraju;Broń;Inna;;3 (trzy) trzony zamka wraz z iglicą oraz pazurem wyciągu bez oznaczeń numerowych, 1 (jeden) trzon zamka i iglicą bez pazura bez wyciągu;szt.;4,0000;Straż Graniczna
06.03.2025 07:48:00;wewnątrz kraju;kraj;Nadbużański;PSG w Hrubieszowie;;wewnątrz kraju;Broń;Inna;;3 (trzy) trzony zamka bez iglicy oraz pazura wyciągu. 10 (dziesięć) pazurów wyciągu wraz z kołkami montażowymi.;szt.;13,0000;Straż Graniczna
06.03.2025 07:48:00;wewnątrz kraju;kraj;Nadbużański;PSG w Hrubieszowie;;wewnątrz kraju;Amunicja;Ostra;;1 (jeden) sztuka amunicji kaliber 12/70 do broni gładko lufowej ;szt.;1,0000;Straż Graniczna
06.03.2025 07:48:00;wewnątrz kraju;kraj;Nadbużański;PSG w Hrubieszowie;;wewnątrz kraju;Amunicja;Ostra;;84 (osiemdziesiąt cztery) sztuki  amunicja kalibru 9x19;szt.;84,0000;Straż Graniczna
06.03.2025 07:48:00;wewnątrz kraju;kraj;Nadbużański;PSG w Hrubieszowie;;wewnątrz kraju;Broń;Inna;;2 szt. komora zamkowa karabinu maszynowego MG- 34 ;szt.;2,0000;Straż Graniczna
06.03.2025 07:48:00;wewnątrz kraju;kraj;Nadbużański;PSG w Hrubieszowie;;wewnątrz kraju;Broń;Inna;;1 (jeden) szkielet pistoletu GLOCK 19 oznaczeniu G136384 ;szt.;1,0000;Straż Graniczna
06.03.2025 07:48:00;wewnątrz kraju;kraj;Nadbużański;PSG w Hrubieszowie;;wewnątrz kraju;Broń;Inna;;komplet 4 (czterech)  nakładek chwytu broni do pistoletu GLOCK ;szt.;4,0000;Straż Graniczna
06.03.2025 07:48:00;wewnątrz kraju;kraj;Nadbużański;PSG w Hrubieszowie;;wewnątrz kraju;Broń;Inna;;6 (sześć) sztuk trzonów zamka karabinu maszynowego, ;szt.;6,0000;Straż Graniczna
06.03.2025 07:48:00;wewnątrz kraju;kraj;Nadbużański;PSG w Hrubieszowie;;wewnątrz kraju;Broń;Inna;;6 (sześć) trzonów zamka karabinu maszynowego,;szt.;6,0000;Straż Graniczna
06.03.2025 07:48:00;wewnątrz kraju;kraj;Nadbużański;PSG w Hrubieszowie;;wewnątrz kraju;Broń;Inna;;2 szt komora zamkowa karabinu maszynowego MG- 34 ;szt.;2,0000;Straż Graniczna
06.03.2025 07:48:00;wewnątrz kraju;kraj;Nadbużański;PSG w Hrubieszowie;;wewnątrz kraju;Broń;Inna;;lufa karabinowa wraz z komora nabojowa, 10  (dziesięć) korpusów zamka pistoletu Walter P1, kal. 9mm ;szt.;11,0000;Straż Graniczna
06.03.2025 07:48:00;wewnątrz kraju;kraj;Nadbużański;PSG w Hrubieszowie;;wewnątrz kraju;Broń;Inna;;Suwadło z tłokiem bez zamka;szt.;1,0000;Straż Graniczna
06.03.2025 07:48:00;wewnątrz kraju;kraj;Nadbużański;PSG w Hrubieszowie;;wewnątrz kraju;Broń;Inna;;bagnet o numerze 52069 do karabinków sytemu AK;szt.;1,0000;Straż Graniczna
06.03.2025 07:48:00;wewnątrz kraju;kraj;Nadbużański;PSG w Hrubieszowie;;wewnątrz kraju;Broń;Inna;; cztery sztuki tłumika płomienia;szt.;4,0000;Straż Graniczna
06.03.2025 07:48:00;wewnątrz kraju;kraj;Nadbużański;PSG w Hrubieszowie;;wewnątrz kraju;Inne;Inne;;cztery wyciory do broni w tym jeden niekompletny;szt.;4,0000;Straż Graniczna
07.03.2025 10:50:00;Do RP;przejście;Nadbużański;PSG w Hrubieszowie;Zosin - Ustiług;Ukraina;Alkohol;Koniak;20,00;marka KOBLEVO RESERVE;litr;0,5000;SC | SG
07.03.2025 09:25:00;Do RP;przejście;Nadbużański;PSG w Terespolu;Terespol - Brześć;Białoruś;Papierosy;Papierosy;210,89;;szt.;240,0000;Straż Graniczna
07.03.2025 12:35:00;wewnątrz kraju;strefa;Bieszczadzki;PSG w Lubaczowie;;Ukraina;Papierosy;Papierosy;158,16;Compliment ;szt.;180,0000;Straż Graniczna
07.03.2025 12:35:00;wewnątrz kraju;strefa;Bieszczadzki;PSG w Lubaczowie;;Ukraina;Alkohol;Wódka;140,00; Hlibny Dar i Gold;litr;3,5000;Straż Graniczna
07.03.2025 14:44:00;wewnątrz kraju;kraj;Warmińsko-Mazurski;Warmińsko-Mazurski;;wewnątrz kraju;Tytoń;krajanka tytoniowa;14351,86;;kg;21,4800;SC
07.03.2025 17:40:00;Do RP;przejście;Nadbużański;PSG w Hrubieszowie;Zosin - Ustiług;Ukraina;Inne;Inne;125,00;Produkty zwierzęce;kg;2,5000;Straż Graniczna
08.03.2025 02:03:00;Do RP;przejście;Bieszczadzki;PSG w Medyce;Medyka - Szeginie;Ukraina;Pojazdy;Motocykl;20000,00;KAWASAKI KX250F - enduro;szt.;1,0000;Straż Graniczna
04.03.2025 13:35:00;wewnątrz kraju;kraj;Nadwiślański;PSG w Warszawie-Okęciu;;wewnątrz kraju;Narkotyki;Inne;22028,00;z grupy I-P wpostaci chlorowodorku 3-CMC (klofedron) ;kg;0,2754;Straż Graniczna
04.03.2025 13:35:00;wewnątrz kraju;kraj;Nadwiślański;PSG w Warszawie-Okęciu;;wewnątrz kraju;Narkotyki;Amfetamina;16889,60;siarczan amfetaminy ;kg;0,2413;Straż Graniczna
04.03.2025 13:35:00;wewnątrz kraju;kraj;Nadwiślański;PSG w Warszawie-Okęciu;;wewnątrz kraju;Narkotyki;Inne;8911,20;chlorowodorku 4-CMC (klefedron) ;kg;0,1114;Straż Graniczna
04.03.2025 13:35:00;wewnątrz kraju;kraj;Nadwiślański;PSG w Warszawie-Okęciu;;wewnątrz kraju;Narkotyki;Inne;11965,00;chlorowodorku ketaminy ;kg;0,1197;Straż Graniczna
04.03.2025 13:35:00;wewnątrz kraju;kraj;Nadwiślański;PSG w Warszawie-Okęciu;;wewnątrz kraju;Narkotyki;Haszysz;10360,00;żywica konopi ;kg;0,2072;Straż Graniczna
04.03.2025 13:35:00;wewnątrz kraju;kraj;Nadwiślański;PSG w Warszawie-Okęciu;;wewnątrz kraju;Narkotyki;Marihuana;20367,00;ziele konopi innych niż włókniste ;kg;0,4526;Straż Graniczna
04.03.2025 13:35:00;wewnątrz kraju;kraj;Nadwiślański;PSG w Warszawie-Okęciu;;wewnątrz kraju;Narkotyki;Marihuana;135,45; ziele konopi innych niż włókniste ;kg;0,0030;Straż Graniczna
04.03.2025 13:35:00;wewnątrz kraju;kraj;Nadwiślański;PSG w Warszawie-Okęciu;;wewnątrz kraju;Narkotyki;Amfetamina;70,00;siarczan amfetaminy ;kg;0,0010;Straż Graniczna
08.03.2025 12:54:00;Z RP;przejście;Bieszczadzki;PSG w Lubaczowie;Budomierz - Hruszew;Ukraina;Pojazdy;Osobowy;87000,00;;szt.;1,0000;Straż Graniczna
08.03.2025 13:30:00;wewnątrz kraju;strefa;Nadbużański;PSG w Sławatyczach;;Białoruś;Papierosy;Papierosy;8786,90;NZ;szt.;10000,0000;Straż Graniczna
08.03.2025 17:45:00;Do RP;przejście;Bieszczadzki;PSG w Korczowej;Korczowa - Krakowiec;Ukraina;Amunicja;Ostra;2,40;1 szt. naboju o kalibrze 5,56x45 mm (amunicja ostra);szt.;1,0000;Straż Graniczna
08.03.2025 17:45:00;Do RP;przejście;Bieszczadzki;PSG w Korczowej;Korczowa - Krakowiec;Ukraina;Amunicja;Ostra;2,25;1 szt. naboju o kalibrze 7,62x39 mm (amunicja ostra);szt.;1,0000;Straż Graniczna
08.03.2025 21:00:00;wewnątrz kraju;strefa;Nadbużański;PSG w Hrebennem;;Ukraina;Pojazdy;Osobowy;40000,00;AUDI   A4  rok produkcji 2013;szt.;1,0000;Straż Graniczna
09.03.2025 12:20:00;Do RP;przejście;Nadbużański;PSG w Dołhobyczowie;Dołhobyczów - Uhrynów;Ukraina;Papierosy;Papierosy;188,92;papierosy marki Marvel;szt.;215,0000;SC | SG
09.03.2025 09:50:00;Do RP;strefa;Podlaski;PSG w Sejnach;;Litwa;Pojazdy;Osobowy;65000,00;Audi A6 Avant, kolor czarny, VIN: WAUZZZ4G1DN045284;szt.;1,0000;Straż Graniczna
09.03.2025 19:55:00;Do RP;przejście;Bieszczadzki;PSG w Medyce;Medyka - Szeginie;Ukraina;Tytoń;Tytoń do palenia (wkłady);62,03;Wyroby nowatorskie;kg;0,0416;Straż Graniczna
10.03.2025 04:10:00;Do RP;przejście;Nadbużański;PSG w Hrubieszowie;Zosin - Ustiług;Ukraina;Pojazdy;Osobowy;210000,00;BMW X6M VIN : WBSKW810600P68370 figuruje w bazie Interpol jako utracony ;szt.;1,0000;Straż Graniczna
07.03.2025 14:30:00;Do RP;przejście;Bieszczadzki;PSG w Medyce;Medyka - Szeginie;Ukraina;Amunicja;Ostra;5,00;przewiercona w formie bryloka, nie zdolna do wystrzału;szt.;1,0000;Straż Graniczna
10.03.2025 15:30:00;wewnątrz kraju;kraj;Nadodrzański;PSG w Świecku;;wewnątrz kraju;Pojazdy;Osobowy;100000,00;Hyundai Tucson;szt.;1,0000;Straż Graniczna
10.03.2025 21:58:00;Do RP;przejście;Nadbużański;PSG w Dorohusku;Dorohusk - Jagodzin;Ukraina;Amunicja;Ostra;;długość 57mm, średnica 10 mm, o oznaczeniach przy spłonce OLC 22;szt.;1,0000;SC | SG
11.03.2025 08:52:00;Do RP;przejście;Nadodrzański;PSG w Poznaniu-Ławicy;Poznań-Ławica;lotnicza;Broń;Inna;20,00;kastet;szt.;1,0000;SC | SG
08.03.2025 16:05:00;Z RP;przejście;Nadbużański;PSG w Dołhobyczowie;Dołhobyczów - Uhrynów;Ukraina;Inne;Inne;494634,00;laptopy;szt.;280,0000;Straż Graniczna
11.03.2025 08:28:00;Z RP;strefa;Śląski;PSG w Katowicach-Pyrzowicach;;lotnicza;Amunicja;Ostra;1,50;S&B 9x19 22;szt.;1,0000;Straż Graniczna
11.03.2025 11:30:00;wewnątrz kraju;kraj;Warmińsko-Mazurski;PSG w Bezledach;;wewnątrz kraju;Tytoń;Tytoń;1113,00;;kg;0,8000;Straż Graniczna
11.03.2025 11:30:00;wewnątrz kraju;kraj;Warmińsko-Mazurski;PSG w Bezledach;;wewnątrz kraju;Papierosy;Papierosy;70,30;;szt.;80,0000;Straż Graniczna
11.03.2025 11:30:00;wewnątrz kraju;kraj;Warmińsko-Mazurski;PSG w Bezledach;;wewnątrz kraju;Tytoń;Tytoń;622,00;;kg;0,4470;Straż Graniczna
11.03.2025 09:15:00;wewnątrz kraju;kraj;Warmińsko-Mazurski;PSG w Gołdapi;;wewnątrz kraju;Waluta;Złoty - PLN;35090,00;;szt.;35090,0000;Straż Graniczna
11.03.2025 09:15:00;wewnątrz kraju;kraj;Warmińsko-Mazurski;PSG w Gołdapi;;wewnątrz kraju;Narkotyki;Kokaina;3696,00;;kg;0,0123;Straż Graniczna
11.03.2025 09:15:00;wewnątrz kraju;kraj;Warmińsko-Mazurski;PSG w Gołdapi;;wewnątrz kraju;Narkotyki;Inne;536,40;metamfetamina;kg;0,0030;Straż Graniczna
11.03.2025 09:15:00;wewnątrz kraju;kraj;Warmińsko-Mazurski;PSG w Gołdapi;;wewnątrz kraju;Narkotyki;Amfetamina;21218,40;;kg;0,3031;Straż Graniczna
11.03.2025 13:05:00;wewnątrz kraju;strefa;Podlaski;PSG w Rutce-Tartak;;Litwa;Papierosy;Papierosy;22837,15;;szt.;25990,0000;Straż Graniczna
11.03.2025 17:55:00;Z RP;przejście;Nadwiślański;PSG w Warszawie-Okęciu;Warszawa-Okęcie;lotnicza;Amunicja;Ostra;;"3 SZTUKI O OZNACZENIU "" 64"", ""64"", ""92""";szt.;3,0000;Straż Graniczna
11.03.2025 21:39:00;wewnątrz kraju;kraj;Bieszczadzki;Bieszczadzki;;wewnątrz kraju;Pojazdy;Osobowy;180000,00;Lexus RX 450h rok produkcji 2018;szt.;1,0000;Policja | SG
11.03.2025 21:39:00;wewnątrz kraju;kraj;Bieszczadzki;Bieszczadzki;;wewnątrz kraju;Inne;Podzespoły samochodowe;50000,00;elementy i podzespoły z 12 pojazdów utraconych na terytorium Polski oraz Niemiec;szt.;50,0000;Policja | SG
11.03.2025 12:53:00;Z RP;przejście;Bieszczadzki;PSG w Rzeszowie–Jasionce;Rzeszów-Jasionka;lotnicza;Amunicja;Ostra;1,50;"1 szt. amunicji kareabinowej kal. 5.56 z oznaczeniem na dnie łuski ""7082""";szt.;1,0000;Straż Graniczna
11.03.2025 19:00:00;Do RP;przejście;Nadbużański;PSG w Terespolu;Terespol - Brześć;Białoruś;Papierosy;Papierosy;17573,80;przemyt wyrobów tytoniowych, które nie posiadały polskich znaków akcyzy w postaci 20000 sztuk papierosów o wartości 17573.80 zł.;szt.;20000,0000;KAS | SG
11.03.2025 15:48:00;wewnątrz kraju;kraj;Karpacki;Karpacki;;wewnątrz kraju;Narkotyki;Marihuana;284265,00;;kg;6,3170;Policja | SG
11.03.2025 15:48:00;wewnątrz kraju;kraj;Karpacki;Karpacki;;wewnątrz kraju;Narkotyki;Kokaina;1765800,00;;kg;5,8860;Policja | SG
11.03.2025 15:48:00;wewnątrz kraju;kraj;Karpacki;Karpacki;;wewnątrz kraju;Narkotyki;Inne;;Mefedron;szt.;3605,0000;Policja | SG
03.03.2025 09:10:00;Do RP;przejście;Nadbużański;PSG w Dorohusku;Dorohusk - Jagodzin;Ukraina;Papierosy;Papierosy;51,84;;szt.;59,0000;Straż Graniczna
03.03.2025 09:45:00;Do RP;przejście;Nadbużański;PSG w Dorohusku;Dorohusk - Jagodzin;Ukraina;Papierosy;Papierosy;123,02;;szt.;140,0000;Straż Graniczna
05.03.2025 12:34:00;Do RP;przejście;Nadbużański;PSG w Dorohusku;Dorohusk - Jagodzin;Ukraina;Papierosy;Papierosy;35,15;;szt.;40,0000;Straż Graniczna
05.03.2025 14:26:00;Do RP;przejście;Nadbużański;PSG w Dorohusku;Dorohusk - Jagodzin;Ukraina;Papierosy;Papierosy;35,15;;szt.;40,0000;Straż Graniczna
07.03.2025 12:40:00;Do RP;przejście;Nadbużański;PSG w Dorohusku;Dorohusk - Jagodzin;Ukraina;Papierosy;Papierosy;57,99;;szt.;66,0000;Straż Graniczna
07.03.2025 14:20:00;Do RP;przejście;Nadbużański;PSG w Dorohusku;Dorohusk - Jagodzin;Ukraina;Papierosy;Papierosy;105,44;;szt.;120,0000;Straż Graniczna
07.03.2025 21:05:00;Do RP;przejście;Nadbużański;PSG w Dorohusku;Dorohusk - Jagodzin;Ukraina;Papierosy;Papierosy;59,75;;szt.;68,0000;Straż Graniczna
08.03.2025 11:43:00;Do RP;przejście;Nadbużański;PSG w Dorohusku;Dorohusk - Jagodzin;Ukraina;Papierosy;Papierosy;35,15;;szt.;40,0000;Straż Graniczna
08.03.2025 14:15:00;Do RP;przejście;Nadbużański;PSG w Hrubieszowie;Zosin - Ustiług;Ukraina;Waluta;Euro - EUR;43263,36;;szt.;10360,0000;Straż Graniczna
08.03.2025 14:15:00;Do RP;przejście;Nadbużański;PSG w Hrubieszowie;Zosin - Ustiług;Ukraina;Waluta;Złoty - PLN;920,00;;szt.;920,0000;Straż Graniczna
08.03.2025 14:15:00;Do RP;przejście;Nadbużański;PSG w Hrubieszowie;Zosin - Ustiług;Ukraina;Inne;Inne;299,25;28500  Forint węgierski;szt.;28500,0000;Straż Graniczna
08.03.2025 14:15:00;Do RP;przejście;Nadbużański;PSG w Hrubieszowie;Zosin - Ustiług;Ukraina;Inne;Inne;344,04;3580 UAH;szt.;3580,0000;Straż Graniczna
09.03.2025 03:15:00;Do RP;przejście;Nadbużański;PSG w Dorohusku;Dorohusk - Jagodzin;Ukraina;Papierosy;Papierosy;115,11;;szt.;131,0000;Straż Graniczna
10.03.2025 09:43:00;Do RP;przejście;Nadbużański;PSG w Dorohusku;Dorohusk - Jagodzin;Ukraina;Papierosy;Papierosy;57,99;;szt.;66,0000;Straż Graniczna
10.03.2025 21:00:00;Do RP;przejście;Nadbużański;PSG w Dorohusku;Dorohusk - Jagodzin;Ukraina;Papierosy;Papierosy;52,72;;szt.;60,0000;Straż Graniczna
10.03.2025 23:15:00;Do RP;przejście;Nadbużański;PSG w Dorohusku;Dorohusk - Jagodzin;Ukraina;Papierosy;Papierosy;70,30;;szt.;80,0000;Straż Graniczna
11.03.2025 10:30:00;Do RP;przejście;Nadbużański;PSG w Dorohusku;Dorohusk - Jagodzin;Ukraina;Papierosy;Papierosy;46,57;;szt.;53,0000;Straż Graniczna
11.03.2025 21:34:00;Do RP;przejście;Nadbużański;PSG w Dorohusku;Dorohusk - Jagodzin;Ukraina;Papierosy;Papierosy;86,11;;szt.;98,0000;Straż Graniczna
12.03.2025 13:00:00;Do RP;przejście;Nadbużański;PSG w Hrebennem;Hrebenne - Rawa Ruska;Ukraina;Broń;Inna;60,00;Broń biała w postaci pałki teleskopowej;szt.;1,0000;Straż Graniczna
12.03.2025 11:05:00;Z RP;przejście;Bieszczadzki;PSG w Rzeszowie–Jasionce;Rzeszów-Jasionka;lotnicza;Amunicja;Ostra;6,00;amunicja karabinowa z oznaczeniem na dnie łuski: „LC 23” ;szt.;2,0000;Straż Graniczna
12.03.2025 11:05:00;Z RP;przejście;Bieszczadzki;PSG w Rzeszowie–Jasionce;Rzeszów-Jasionka;lotnicza;Amunicja;Ostra;3,00;amunicja pistoletowa z oznaczeniem na dnie łuski „070” „7”, „9” ;szt.;1,0000;Straż Graniczna
12.03.2025 13:00:00;Do RP;przejście;Bieszczadzki;PSG w Korczowej;Korczowa - Krakowiec;Ukraina;Amunicja;Ostra;2,40;1 szt. naboju o kalibrze 5,56x45 mm (amunicja ostra);szt.;1,0000;Straż Graniczna
12.03.2025 13:40:00;wewnątrz kraju;kraj;Warmińsko-Mazurski;PSG w Bezledach;;wewnątrz kraju;Tytoń;Tytoń;1228,47;;kg;0,8830;Straż Graniczna
12.03.2025 13:40:00;wewnątrz kraju;kraj;Warmińsko-Mazurski;PSG w Bezledach;;wewnątrz kraju;Papierosy;Papierosy;579,94;;szt.;660,0000;Straż Graniczna
12.03.2025 14:55:00;Do RP;przejście;Bieszczadzki;PSG w Medyce;Medyka - Szeginie;Ukraina;Papierosy;Papierosy;70,30;PARLIAMENT;szt.;80,0000;Straż Graniczna
12.03.2025 15:50:00;Do RP;przejście;Bieszczadzki;PSG w Korczowej;Korczowa - Krakowiec;Ukraina;Amunicja;Ostra;2,40;1 szt. naboju o kalibrze 5,56x45 mm (amunicja ostra);szt.;1,0000;Straż Graniczna
12.03.2025 11:25:00;wewnątrz kraju;kraj;Morski;PSG w Kołobrzegu;;wewnątrz kraju;Narkotyki;Marihuana;2915,50;;kg;0,0583;Straż Graniczna
12.03.2025 11:25:00;wewnątrz kraju;kraj;Morski;PSG w Kołobrzegu;;wewnątrz kraju;Narkotyki;Haszysz;993,30;;kg;0,0142;Straż Graniczna
12.03.2025 11:25:00;wewnątrz kraju;kraj;Morski;PSG w Kołobrzegu;;wewnątrz kraju;Narkotyki;Amfetamina;156,25;;kg;0,0063;Straż Graniczna
12.03.2025 17:57:00;Z RP;przejście;Bieszczadzki;PSG w Rzeszowie–Jasionce;Rzeszów-Jasionka;lotnicza;Amunicja;Ostra;3,00;"amunicji karabinowej z oznaczeniem na dnie łuski „539 89""";szt.;1,0000;Straż Graniczna
12.03.2025 16:01:00;Do RP;przejście;Bieszczadzki;PSG w Krościenku;Krościenko - Smolnica;Ukraina;Inne;Inne;600,00;spreparowany Krokodyl Krótkopyski ;szt.;1,0000;Straż Graniczna
12.03.2025 21:45:00;Do RP;przejście;Nadbużański;PSG w Terespolu;Terespol - Brześć;Białoruś;Papierosy;Papierosy;1757,38;;szt.;2000,0000;SC
12.03.2025 22:24:00;Z RP;przejście;Bieszczadzki;PSG w Korczowej;Korczowa - Krakowiec;Ukraina;Inne;Podzespoły samochodowe;4000,00;1 szt. skrzynia biegów do pojazdu marki TOYOTA;szt.;1,0000;Straż Graniczna
13.03.2025 04:55:00;Z RP;przejście;Nadwiślański;PSG w Warszawie-Modlinie;Warszawa/Modlin;lotnicza;Amunicja;Ostra;;S&B 9x19;szt.;1,0000;Straż Graniczna
04.03.2025 09:20:00;Do RP;przejście;Bieszczadzki;PSG w Lubaczowie;Budomierz - Hruszew;Ukraina;Inne;Inne;1098,00;środek owadobójczy do oprysku drzew owocowych;litr;2,0000;SC | SG
04.03.2025 05:56:00;Do RP;przejście;Nadbużański;PSG w Hrebennem;Hrebenne - Rawa Ruska;Ukraina;Inne;Inne;3,42;akcesoria medyczne;szt.;18,0000;Straż Graniczna
04.03.2025 05:56:00;Do RP;przejście;Nadbużański;PSG w Hrebennem;Hrebenne - Rawa Ruska;Ukraina;Inne;Inne;1074,46;farmaceutyki;szt.;25,0000;Straż Graniczna
28.02.2025 18:30:00;wewnątrz kraju;kraj;Karpacki;Karpacki;;wewnątrz kraju;Narkotyki;Inne;111276,00;Metaamfetamina;kg;0,6182;Policja
28.02.2025 18:30:00;wewnątrz kraju;kraj;Karpacki;Karpacki;;wewnątrz kraju;Narkotyki;Marihuana;1998,00;;kg;0,0444;Policja
28.02.2025 18:30:00;wewnątrz kraju;kraj;Karpacki;Karpacki;;wewnątrz kraju;Narkotyki;Extasy;1512,00;;kg;0,0432;Policja
13.03.2025 12:59:00;Z RP;przejście;Bieszczadzki;PSG w Korczowej;Korczowa - Krakowiec;Ukraina;Pojazdy;Osobowy;140000,00;Pojazd osobowy marki TOYOTA RAV4 o ustalonym oryginalnym nr VIN JTMW23FV30J034310, figurującym jako skradziony w bazach SIS-R oraz INTERPOL.;szt.;1,0000;Straż Graniczna
13.03.2025 11:30:00;wewnątrz kraju;kraj;Nadbużański;PSG w Hrubieszowie;;wewnątrz kraju;Broń;Gazowa;;ROHM RG 89;szt.;1,0000;Straż Graniczna
13.03.2025 11:30:00;wewnątrz kraju;kraj;Nadbużański;PSG w Hrubieszowie;;wewnątrz kraju;Broń;Palna;;BAFLO 9 ;szt.;1,0000;Straż Graniczna
13.03.2025 11:30:00;wewnątrz kraju;kraj;Nadbużański;PSG w Hrubieszowie;;wewnątrz kraju;Broń;Gazowa;;PAK 9mm;szt.;1,0000;Straż Graniczna
13.03.2025 11:30:00;wewnątrz kraju;kraj;Nadbużański;PSG w Hrubieszowie;;wewnątrz kraju;Broń;Gazowa;;PAK 9mm;szt.;1,0000;Straż Graniczna
13.03.2025 11:30:00;wewnątrz kraju;kraj;Nadbużański;PSG w Hrubieszowie;;wewnątrz kraju;Broń;Gazowa;;PAK 9 mm;szt.;1,0000;Straż Graniczna
13.03.2025 11:30:00;wewnątrz kraju;kraj;Nadbużański;PSG w Hrubieszowie;;wewnątrz kraju;Broń;Gazowa;;PERFECTA 9mm z magazynkiem;szt.;1,0000;Straż Graniczna
13.03.2025 11:30:00;wewnątrz kraju;kraj;Nadbużański;PSG w Hrubieszowie;;wewnątrz kraju;Broń;Palna;;Pistolet kal 6,35;szt.;1,0000;Straż Graniczna
13.03.2025 11:30:00;wewnątrz kraju;kraj;Nadbużański;PSG w Hrubieszowie;;wewnątrz kraju;Amunicja;Inna;;kal. 7,92x57 IS;szt.;2,0000;Straż Graniczna
13.03.2025 11:30:00;wewnątrz kraju;kraj;Nadbużański;PSG w Hrubieszowie;;wewnątrz kraju;Amunicja;Inna;;kal. 6,5x54R;szt.;1,0000;Straż Graniczna
13.03.2025 11:30:00;wewnątrz kraju;kraj;Nadbużański;PSG w Hrubieszowie;;wewnątrz kraju;Amunicja;Inna;;amunicja hukowa;szt.;6,0000;Straż Graniczna
13.03.2025 16:32:00;Z RP;przejście;Bieszczadzki;PSG w Korczowej;Korczowa - Krakowiec;Ukraina;Pojazdy;Osobowy;100000,00;Pojazd osobowy marki AUDI Q7 o ustalonym oryginalnym nr VIN WAUZZZ4L4FD009384, figurującym jako skradziony w bazach SIS-R oraz INTERPOL.;szt.;1,0000;Straż Graniczna
13.03.2025 17:20:00;Do RP;przejście;Nadbużański;PSG w Dorohusku;Dorohusk - Jagodzin;Ukraina;Papierosy;Papierosy;35,15;wniosek nr 86;szt.;40,0000;Straż Graniczna
13.03.2025 17:30:00;Do RP;przejście;Nadbużański;PSG w Dorohusku;Dorohusk - Jagodzin;Ukraina;Papierosy;Papierosy;35,15;WNIOSEK NR 87;szt.;40,0000;Straż Graniczna
14.03.2025 11:18:00;wewnątrz kraju;kraj;Nadodrzański;PSG w Zgorzelcu;;wewnątrz kraju;Papierosy;Papierosy;87869,00;Marlboro bez polskich znaków skarbowych akcyzy;szt.;100000,0000;KAS
14.03.2025 11:15:00;wewnątrz kraju;kraj;Bieszczadzki;Bieszczadzki;;wewnątrz kraju;Papierosy;Papierosy;70,30;papierosy PARLIAMENT NIGHT BLUE;szt.;80,0000;Straż Graniczna
14.03.2025 12:56:00;Do RP;przejście;Nadbużański;PSG w Dorohusku;Dorohusk - Jagodzin;Ukraina;Papierosy;Papierosy;17,57;;szt.;20,0000;Straż Graniczna
14.03.2025 13:04:00;Do RP;przejście;Nadbużański;PSG w Dorohusku;Dorohusk - Jagodzin;Ukraina;Papierosy;Papierosy;17,57;;szt.;20,0000;Straż Graniczna
14.03.2025 13:08:00;Do RP;przejście;Nadbużański;PSG w Dorohusku;Dorohusk - Jagodzin;Ukraina;Papierosy;Papierosy;17,57;;szt.;20,0000;Straż Graniczna
14.03.2025 13:12:00;Do RP;przejście;Nadbużański;PSG w Dorohusku;Dorohusk - Jagodzin;Ukraina;Papierosy;Papierosy;35,15;;szt.;40,0000;Straż Graniczna
14.03.2025 09:00:00;Z RP;przejście;Bieszczadzki;PSG w Korczowej;Korczowa - Krakowiec;Ukraina;Inne;Inne;;drapieżny wypchany ptak  ,,Falconiformes”.;szt.;1,0000;Straż Graniczna
14.03.2025 10:25:00;Do RP;przejście;Nadbużański;PSG w Dorohusku;Dorohusk - Jagodzin;Ukraina;Amunicja;Ostra;2,50;nabój ;szt.;1,0000;Straż Graniczna
14.03.2025 13:15:00;Do RP;przejście;Nadbużański;PSG w Hrebennem;Hrebenne - Rawa Ruska;Ukraina;Amunicja;Ostra;3,60;kaliber 7.62 mm;szt.;1,0000;Straż Graniczna
14.03.2025 13:04:00;wewnątrz kraju;strefa;Bieszczadzki;PSG w Medyce;;Ukraina;Papierosy;Papierosy;632,66;;szt.;720,0000;Straż Graniczna
14.03.2025 13:04:00;wewnątrz kraju;strefa;Bieszczadzki;PSG w Medyce;;Ukraina;Alkohol;Wódka;160,00;;litr;4,0000;Straż Graniczna
14.03.2025 13:04:00;wewnątrz kraju;strefa;Bieszczadzki;PSG w Medyce;;Ukraina;Alkohol;Wódka;120,00;;litr;3,0000;Straż Graniczna
14.03.2025 13:04:00;wewnątrz kraju;strefa;Bieszczadzki;PSG w Medyce;;Ukraina;Papierosy;Papierosy;1370,76;;szt.;1560,0000;Straż Graniczna
14.03.2025 08:30:00;wewnątrz kraju;kraj;Karpacki;PSG w Krakowie;;wewnątrz kraju;Narkotyki;Inne;;susz koloru zielonego;kg;0,0006;Sąd | SG
14.03.2025 16:30:00;Do RP;przejście;Nadbużański;PSG w Hrebennem;Hrebenne - Rawa Ruska;Ukraina;Amunicja;Ostra;60,00;kaliber 14,5 mm;szt.;1,0000;Straż Graniczna
14.03.2025 17:35:00;Z RP;przejście;Nadbużański;PSG w Terespolu;Terespol - Brześć;Białoruś;Pojazdy;Osobowy;55000,00;;szt.;1,0000;Straż Graniczna
14.03.2025 18:47:00;Do RP;przejście;Nadbużański;PSG w Terespolu;Terespol - Brześć;Białoruś;Papierosy;Papierosy;3514,76;"marka ""Mińsk"" ";szt.;4000,0000;KAS | SG
15.03.2025 08:00:00;Do RP;przejście;Nadbużański;PSG w Dorohusku;Dorohusk - Jagodzin;Ukraina;Papierosy;Papierosy;52,72;;szt.;60,0000;Straż Graniczna
15.03.2025 08:00:00;Do RP;przejście;Nadbużański;PSG w Dorohusku;Dorohusk - Jagodzin;Ukraina;Papierosy;Papierosy;74,69;;szt.;85,0000;Straż Graniczna
15.03.2025 11:41:00;Z RP;przejście;Bieszczadzki;PSG w Medyce;Medyka - Szeginie;Ukraina;Narkotyki;Kokaina;610,00;substancja krystaliczne koloru białego ;kg;0,0024;Straż Graniczna
15.03.2025 11:41:00;Z RP;przejście;Bieszczadzki;PSG w Medyce;Medyka - Szeginie;Ukraina;Narkotyki;Kokaina;153,25;substancja koloru białego w formie proszku;kg;0,0006;Straż Graniczna
15.03.2025 15:00:00;wewnątrz kraju;kraj;Bieszczadzki;PSG w Rzeszowie–Jasionce;;wewnątrz kraju;Tytoń;susz tytoniowy;56358,57;;kg;66,9000;Straż Graniczna
15.03.2025 15:00:00;wewnątrz kraju;kraj;Bieszczadzki;PSG w Rzeszowie–Jasionce;;wewnątrz kraju;Tytoń;krajanka tytoniowa;146881,82;;kg;167,1600;Straż Graniczna
15.03.2025 15:00:00;wewnątrz kraju;kraj;Bieszczadzki;PSG w Rzeszowie–Jasionce;;wewnątrz kraju;Papierosy;Papierosy;17573,80;;szt.;20000,0000;Straż Graniczna
15.03.2025 21:00:00;wewnątrz kraju;kraj;Bieszczadzki;PSG w Rzeszowie–Jasionce;Rzeszów-Jasionka;wewnątrz kraju;Amunicja;Ostra;4,50;;szt.;3,0000;Straż Graniczna
16.03.2025 01:15:00;Do RP;przejście;Nadbużański;PSG w Terespolu;Terespol - Brześć;Białoruś;Papierosy;Papierosy;1757,38;;szt.;2000,0000;SC | SG
16.03.2025 13:30:00;Do RP;przejście;Nadbużański;PSG w Dołhobyczowie;Dołhobyczów - Uhrynów;Ukraina;Papierosy;Papierosy;70,30;4 paczki papierosów po 20 szt. w każdej;szt.;80,0000;Straż Graniczna
16.03.2025 16:30:00;wewnątrz kraju;strefa;Podlaski;PSG w Bobrownikach;;Białoruś;Papierosy;Papierosy;23724,63;;szt.;27000,0000;Straż Graniczna
17.03.2025 02:00:00;Z RP;strefa;Nadodrzański;PSG w Świecku;;Niemcy;Pojazdy;Ciężarowy;120000,00;Ciągnik Siodłowy - Mercedes;szt.;1,0000;Straż Graniczna
17.03.2025 05:20:00;Do RP;przejście;Bieszczadzki;PSG w Medyce;Medyka - Szeginie;Ukraina;Narkotyki;Kokaina;2635,00;;kg;0,0105;Straż Graniczna
17.03.2025 05:05:00;Z RP;strefa;Śląski;PSG w Katowicach-Pyrzowicach;Katowice-Pyrzowice;lotnicza;Amunicja;Ostra;4,00;"Amunicja koloru żółtego z szarym pociskiem i wygrawerowanym napisem ""C"".";szt.;2,0000;Straż Graniczna
17.03.2025 04:40:00;Z RP;strefa;Morski;PSG w Gdańsku;;lotnicza;Amunicja;Ostra;2,00;9mm Parabellum;szt.;2,0000;Straż Graniczna
17.03.2025 08:50:00;Do RP;przejście;Nadbużański;PSG w Dorohusku;Dorohusk - Jagodzin;Ukraina;Papierosy;Papierosy;105,44;WNIOSEK 85;szt.;120,0000;Straż Graniczna
17.03.2025 08:50:00;Do RP;przejście;Nadbużański;PSG w Dorohusku;Dorohusk - Jagodzin;Ukraina;Alkohol;Wódka;26,00;wniosek 94;litr;2,0000;Straż Graniczna
17.03.2025 08:50:00;Do RP;przejście;Nadbużański;PSG w Dorohusku;Dorohusk - Jagodzin;Ukraina;Papierosy;Papierosy;70,30;WNIOSEK 95;szt.;80,0000;Straż Graniczna
17.03.2025 08:50:00;Do RP;przejście;Nadbużański;PSG w Dorohusku;Dorohusk - Jagodzin;Ukraina;Papierosy;Papierosy;35,15;WNIOSEK 96;szt.;40,0000;Straż Graniczna
16.03.2025 20:55:00;Do RP;strefa;Nadodrzański;PSG w Jeleniej Górze;;Niemcy;Narkotyki;Marihuana;435396,60;;kg;9,6755;KAS | SG
11.03.2025 08:00:00;wewnątrz kraju;kraj;Bieszczadzki;Bieszczadzki;;wewnątrz kraju;Pojazdy;Inny;65500,00;przyczepa kempingowa marki LUNAR CLUBMAN o nr rej. FZG8S58, VIN: SGLS000LUG1034756, rok prod. 2016;szt.;1,0000;Policja | SG
11.03.2025 08:00:00;wewnątrz kraju;kraj;Bieszczadzki;Bieszczadzki;;wewnątrz kraju;Pojazdy;Inny;79000,00;przyczepa kempingowa marki BAILEY PHOENIX o nr rej. ZGY90NY, VIN: SGBSHH3BYLPX02383, rok prod. 2020;szt.;1,0000;Policja | SG
17.03.2025 12:14:00;wewnątrz kraju;kraj;Bieszczadzki;PSG w Rzeszowie–Jasionce;;wewnątrz kraju;Alkohol;Wódka;220,00;;litr;5,5000;Straż Graniczna
17.03.2025 12:14:00;wewnątrz kraju;kraj;Bieszczadzki;PSG w Rzeszowie–Jasionce;;wewnątrz kraju;Papierosy;Papierosy;140,59;;szt.;160,0000;Straż Graniczna
17.03.2025 07:30:00;Do RP;strefa;Nadodrzański;PSG w Świecku;;Niemcy;Narkotyki;Amfetamina;896,70;;kg;0,0128;Straż Graniczna
17.03.2025 15:30:00;wewnątrz kraju;strefa;Nadbużański;PSG w Chłopiatynie;;Ukraina;Narkotyki;Marihuana;36,45;;kg;0,0008;Policja | SG
17.03.2025 15:30:00;wewnątrz kraju;strefa;Nadbużański;PSG w Chłopiatynie;;Ukraina;Narkotyki;Inne;3439,20;MEFEDRON;kg;0,0573;Policja | SG
17.03.2025 08:15:00;wewnątrz kraju;strefa;Nadbużański;PSG w Dorohusku;;Ukraina;Narkotyki;Marihuana;3123,00;;kg;0,0694;Policja | SG
19.02.2025 22:18:00;wewnątrz kraju;kraj;Nadodrzański;PSG w Legnicy;;wewnątrz kraju;Tytoń;Tytoń do palenia;2672600,00;;kg;4000,0000;Straż Graniczna
17.03.2025 22:00:00;wewnątrz kraju;kraj;Warmińsko-Mazurski;PSG w Olsztynie;;wewnątrz kraju;Papierosy;Papierosy;141961,16;MARLBORO;szt.;161560,0000;Straż Graniczna
17.03.2025 22:00:00;wewnątrz kraju;kraj;Warmińsko-Mazurski;PSG w Olsztynie;;wewnątrz kraju;Tytoń;krajanka tytoniowa;81147,02;WEST RED TABACCO, WEST SILVER TABACCO, WEST SILVER LIGHT TABACCO;kg;92,3500;Straż Graniczna
17.03.2025 22:00:00;wewnątrz kraju;kraj;Warmińsko-Mazurski;PSG w Olsztynie;;wewnątrz kraju;Alkohol;Spirytus;147141,48;0,87284;litr;1841,3400;Straż Graniczna
18.03.2025 01:05:00;Do RP;przejście;Nadbużański;PSG w Hrubieszowie;Zosin - Ustiług;Ukraina;Tytoń;Tytoń do palenia (wkłady);140,73;wkłady tytoniowe Heets;kg;0,2106;Straż Graniczna
18.03.2025 00:35:00;wewnątrz kraju;strefa;Podlaski;PSG w Kuźnicy;;Białoruś;Papierosy;Papierosy;17556,23;;szt.;19980,0000;Straż Graniczna
16.03.2025 20:23:00;Z RP;przejście;Bieszczadzki;PSG w Lubaczowie;Budomierz - Hruszew;Ukraina;Inne;Inne;3200,00;rower marki BULLS;szt.;1,0000;Straż Graniczna
18.03.2025 05:25:00;wewnątrz kraju;strefa;Podlaski;PSG w Szudziałowie;;Białoruś;Papierosy;Papierosy;17573,80;NZ, MINSK;szt.;20000,0000;Straż Graniczna
18.03.2025 06:05:00;wewnątrz kraju;strefa;Podlaski;PSG w Szudziałowie;;Białoruś;Papierosy;Papierosy;26360,70;QUEEN MENTOL;szt.;30000,0000;Straż Graniczna
18.03.2025 06:08:00;wewnątrz kraju;strefa;Podlaski;PSG w Szudziałowie;;Białoruś;Papierosy;Papierosy;26360,70;NZ;szt.;30000,0000;Straż Graniczna
18.03.2025 06:10:00;Z RP;przejście;Nadbużański;PSG w Dołhobyczowie;Dołhobyczów - Uhrynów;Ukraina;Pojazdy;Inny;2500,00;rower BULLS, kolor:czarno-niebieski, rozmiar kół:27,5”, numer:AA20625368 ;szt.;1,0000;Straż Graniczna
18.03.2025 06:10:00;Z RP;przejście;Nadbużański;PSG w Dołhobyczowie;Dołhobyczów - Uhrynów;Ukraina;Pojazdy;Inny;2500,00;Rower BULLS, kolor: czarno-niebieski, rozmiar kół: 27,5”, numer: AA11278217- ;szt.;1,0000;Straż Graniczna
18.03.2025 06:10:00;Z RP;przejście;Nadbużański;PSG w Dołhobyczowie;Dołhobyczów - Uhrynów;Ukraina;Pojazdy;Inny;2800,00;Rower CUBE, kolor: czarny, rozmiar kół: 29”, numer: WOW43166XSFU;szt.;1,0000;Straż Graniczna
17.03.2025 23:51:00;Do RP;strefa;Podlaski;PSG w Mielniku;;Białoruś;Papierosy;Papierosy;14937,73;NZ Gold;szt.;17000,0000;Straż Graniczna
17.03.2025 23:51:00;Do RP;strefa;Podlaski;PSG w Mielniku;;Białoruś;Papierosy;Papierosy;8786,90;Mińsk;szt.;10000,0000;Straż Graniczna
18.03.2025 07:30:00;wewnątrz kraju;strefa;Podlaski;PSG w Bobrownikach;;Białoruś;Papierosy;Papierosy;26360,70;;szt.;30000,0000;Straż Graniczna
18.03.2025 09:30:00;wewnątrz kraju;strefa;Podlaski;PSG w Bobrownikach;;Białoruś;Papierosy;Papierosy;26360,70;;szt.;30000,0000;Straż Graniczna
18.03.2025 14:50:00;wewnątrz kraju;strefa;Nadbużański;PSG w Terespolu;;Białoruś;Papierosy;Papierosy;26360,70;PRZY UŻYCIU BALONU METEOROLOGICZNEGO;szt.;30000,0000;Straż Graniczna
18.03.2025 10:21:00;Do RP;przejście;Nadbużański;PSG w Hrebennem;Hrebenne - Rawa Ruska;Ukraina;Papierosy;Papierosy;480,64;uszczuplenia celne 819 zł.;szt.;547,0000;Straż Graniczna
18.03.2025 13:32:00;Do RP;przejście;Nadbużański;PSG w Hrebennem;Hrebenne - Rawa Ruska;Ukraina;Papierosy;Papierosy;105,44;uszczuplenia celne 173 zł;szt.;120,0000;Straż Graniczna
18.03.2025 13:32:00;Do RP;przejście;Nadbużański;PSG w Hrebennem;Hrebenne - Rawa Ruska;Ukraina;Tytoń;Tytoń do palenia (wkłady);7,08;uszczuplenia celen 16 zł.;kg;0,0106;Straż Graniczna
18.03.2025 11:20:00;wewnątrz kraju;kraj;Bieszczadzki;PSG w Rzeszowie–Jasionce;;wewnątrz kraju;Narkotyki;Marihuana;150,00;susz roślinny ;kg;0,0030;Policja | Policja | SG
18.03.2025 07:00:00;Do RP;strefa;Podlaski;PSG w Narewce;;Białoruś;Papierosy;Papierosy;26360,70;"1000 paczek ""NZ"", 500 paczek ""Mińsk""";szt.;30000,0000;Straż Graniczna
18.03.2025 23:05:00;wewnątrz kraju;strefa;Nadbużański;Nadbużański;;Ukraina;Papierosy;Papierosy;26360,70;przemyt przy użyciu  balonu meteorologicznego;szt.;30000,0000;Straż Graniczna
19.03.2025 12:00:00;Do RP;przejście;Nadbużański;PSG w Dorohusku;Dorohusk - Jagodzin;Ukraina;Papierosy;Papierosy;52,72;;szt.;60,0000;Straż Graniczna
19.03.2025 17:00:00;Z RP;przejście;Bieszczadzki;PSG w Medyce;Medyka - Szeginie;Ukraina;Inne;Inne;16000,00;rower elektryczny marki GIANT nr E5HE04250;szt.;1,0000;Straż Graniczna
19.03.2025 17:00:00;Z RP;przejście;Bieszczadzki;PSG w Medyce;Medyka - Szeginie;Ukraina;Inne;Inne;11000,00;rower marki ROSE BACKROAD nr A0N17692;szt.;1,0000;Straż Graniczna
19.03.2025 17:00:00;Z RP;przejście;Bieszczadzki;PSG w Medyce;Medyka - Szeginie;Ukraina;Inne;Inne;10000,00;rower marki CAYYON nr D1E16717;szt.;1,0000;Straż Graniczna
19.03.2025 10:15:00;wewnątrz kraju;strefa;Bieszczadzki;PSG w Korczowej;;Ukraina;Papierosy;Papierosy;52,72;;szt.;60,0000;Straż Graniczna
19.03.2025 10:45:00;wewnątrz kraju;strefa;Bieszczadzki;PSG w Korczowej;;Ukraina;Papierosy;Papierosy;52,72;;szt.;60,0000;Straż Graniczna
19.03.2025 09:00:00;Z RP;strefa;Nadodrzański;PSG w Zielonej Górze-Babimoście;;Niemcy;Narkotyki;Marihuana;5,40;;kg;0,0001;Straż Graniczna
14.02.2025 13:02:00;wewnątrz kraju;kraj;Karpacki;PSG w Tarnowie;;wewnątrz kraju;Pojazdy;Osobowy;40000,00;;szt.;1,0000;Straż Graniczna
19.03.2025 09:30:00;Z RP;przejście;Nadwiślański;PSG w Warszawie-Okęciu;Warszawa-Okęcie;lotnicza;Narkotyki;Kokaina;14648,00;opakowanie metalowe po żelu do włosów z napisem „got2b beach boy” w środku opakowania znajdował się biały proszek o intensywnym zapachu kosmetyków, waga netto po opinii;kg;0,0366;Straż Graniczna
13.03.2025 17:23:00;wewnątrz kraju;kraj;Nadwiślański;PSG w Warszawie-Okęciu;;wewnątrz kraju;Narkotyki;Marihuana;15327,45;;kg;0,3406;Straż Graniczna
13.03.2025 17:23:00;wewnątrz kraju;kraj;Nadwiślański;PSG w Warszawie-Okęciu;;wewnątrz kraju;Narkotyki;Inne;19702,40;chlorowodorek 4-CMC (klefedron);kg;0,2463;Straż Graniczna
13.03.2025 17:23:00;wewnątrz kraju;kraj;Nadwiślański;PSG w Warszawie-Okęciu;;wewnątrz kraju;Narkotyki;Haszysz;3795,50;;kg;0,0759;Straż Graniczna
13.03.2025 17:23:00;wewnątrz kraju;kraj;Nadwiślański;PSG w Warszawie-Okęciu;;wewnątrz kraju;Narkotyki;Inne;3108,00;chlorowodorek 3-CMC (klofedron);kg;0,0389;Straż Graniczna
19.03.2025 16:00:00;wewnątrz kraju;strefa;Nadbużański;PSG w Chłopiatynie;;Ukraina;Narkotyki;Inne;615,00;mefedron;kg;0,0103;Policja | SG
19.03.2025 21:20:00;Z RP;przejście;Nadbużański;PSG w Hrebennem;Hrebenne - Rawa Ruska;Ukraina;Pojazdy;Inny;800,00;rower SERIOUS ROCKUILLE kolor szaro - biały;szt.;1,0000;Straż Graniczna
19.03.2025 22:20:00;Z RP;przejście;Nadbużański;PSG w Hrebennem;Hrebenne - Rawa Ruska;Ukraina;Pojazdy;Inny;12000,00;rower marki „E -Bike KTM”, typ MACINA Premium ;szt.;1,0000;Straż Graniczna
20.03.2025 00:55:00;Do RP;przejście;Nadbużański;PSG w Hrebennem;Hrebenne - Rawa Ruska;Ukraina;Papierosy;Papierosy;297,00;;szt.;338,0000;Straż Graniczna
20.03.2025 01:35:00;Do RP;przejście;Nadbużański;PSG w Terespolu;Terespol - Brześć;Białoruś;Papierosy;Papierosy;7539,16;;szt.;8580,0000;KAS | SG
20.03.2025 03:30:00;Do RP;przejście;Nadbużański;PSG w Terespolu;Kukuryki - Kozłowiczy;Białoruś;Papierosy;Papierosy;1405,90;;szt.;1600,0000;Straż Graniczna
20.03.2025 09:25:00;Z RP;przejście;Karpacki;PSG w Krakowie-Balicach;Kraków-Balice;lotnicza;Amunicja;Ostra;30,00;oznaczenie na dnku HORNADY 23 9mm LUGER+P;szt.;15,0000;Straż Graniczna
18.03.2025 17:37:00;wewnątrz kraju;strefa;Podlaski;PSG w Mielniku;;Białoruś;Papierosy;Papierosy;4744,93;NZ;szt.;5400,0000;Straż Graniczna
18.03.2025 17:37:00;wewnątrz kraju;strefa;Podlaski;PSG w Mielniku;;Białoruś;Papierosy;Papierosy;5272,14;Minsk;szt.;6000,0000;Straż Graniczna
20.03.2025 13:15:00;Do RP;przejście;Bieszczadzki;PSG w Korczowej;Korczowa - Krakowiec;Ukraina;Amunicja;Ostra;2,30;kaliber 7, 62x51mm;szt.;1,0000;Straż Graniczna
20.03.2025 18:30:00;Do RP;przejście;Nadbużański;PSG w Hrebennem;Hrebenne - Rawa Ruska;Ukraina;Papierosy;Papierosy;193,31;wartości rynkowa 193,31 zł, ;szt.;220,0000;Straż Graniczna
20.03.2025 21:45:00;Do RP;przejście;Nadbużański;PSG w Hrebennem;Hrebenne - Rawa Ruska;Ukraina;Papierosy;Papierosy;70,30; uszczuplenia celne  116,00 zł;szt.;80,0000;Straż Graniczna
20.03.2025 15:30:00;wewnątrz kraju;kraj;Warmińsko-Mazurski;PSG w Braniewie;;wewnątrz kraju;Papierosy;Papierosy;582518,75;;szt.;662940,0000;Straż Graniczna
21.03.2025 03:40:00;Z RP;przejście;Nadbużański;PSG w Dołhobyczowie;Dołhobyczów - Uhrynów;Ukraina;Pojazdy;Osobowy;5000,00;;szt.;1,0000;Straż Graniczna
21.03.2025 08:35:00;wewnątrz kraju;kraj;Karpacki;PSG w Krakowie-Balicach;;wewnątrz kraju;Amunicja;Ostra;6,00;Oznaczenie na denku: S&B 5,56x45 NX 20 ;szt.;1,0000;Straż Graniczna
21.03.2025 09:05:00;wewnątrz kraju;strefa;Bieszczadzki;PSG w Lubaczowie;;Ukraina;Papierosy;Papierosy;70,30;2 paczki marki Compliment oraz 2 paczki marki Philip Morris;szt.;80,0000;Straż Graniczna
21.03.2025 05:54:00;Z RP;przejście;Bieszczadzki;PSG w Medyce;Medyka - Szeginie;Ukraina;Pojazdy;Osobowy;50000,00;Volkswagen CC/rok produkcji 2015/ o numerze rejestracyjnym AX8630EX/VIN WVWBN7AN5FE829753;szt.;1,0000;Straż Graniczna
19.03.2025 10:56:00;Do RP;przejście;Nadbużański;PSG w Dorohusku;Dorohusk - Jagodzin;Ukraina;Papierosy;Papierosy;20,21;;szt.;23,0000;Straż Graniczna
19.03.2025 11:48:00;Do RP;przejście;Nadbużański;PSG w Dorohusku;Dorohusk - Jagodzin;Ukraina;Papierosy;Papierosy;74,69;;szt.;85,0000;Straż Graniczna
20.03.2025 16:45:00;Do RP;przejście;Nadbużański;PSG w Dorohusku;Dorohusk - Jagodzin;Ukraina;Papierosy;Papierosy;70,30;;szt.;80,0000;Straż Graniczna
20.03.2025 17:10:00;Do RP;przejście;Nadbużański;PSG w Dorohusku;Dorohusk - Jagodzin;Ukraina;Papierosy;Papierosy;50,96;;szt.;58,0000;Straż Graniczna
21.03.2025 11:05:00;Do RP;przejście;Nadbużański;PSG w Terespolu;Kukuryki - Kozłowiczy;Białoruś;Papierosy;Papierosy;4393,45;wyroby tytoniowe bez polskich znaków skarbowych akcyzy w postaci papierosów w ilości 5000 sztuk o łącznej wartości 4393,45zł;szt.;5000,0000;Straż Graniczna
21.03.2025 06:20:00;Do RP;przejście;Nadbużański;PSG w Terespolu;Terespol - Brześć;Białoruś;Papierosy;Papierosy;527,21;wyroby tytoniowe bez polskich znaków skarbowych akcyzy w postaci papierosów w ilości 600 sztuk o wartości 527,21 zł.;szt.;600,0000;KAS
21.03.2025 12:10:00;Do RP;przejście;Nadwiślański;PSG w Warszawie-Okęciu;Warszawa-Okęcie;lotnicza;Narkotyki;Inne;46976,00;susz roślinny;kg;1,1744;Straż Graniczna
21.03.2025 11:00:00;Do RP;strefa;Nadodrzański;PSG w Świecku;;Niemcy;Narkotyki;Marihuana;59,85;mały woreczek strunowy z suszem roślinnym;kg;0,0013;Straż Graniczna
21.03.2025 18:00:00;Do RP;przejście;Nadbużański;PSG w Terespolu;Kukuryki - Kozłowiczy;Białoruś;Papierosy;Papierosy;1405,90;wyroby tytoniowe bez polskich znaków skarbowych akcyzy w postaci papierosów w ilości 1600 sztuk o łącznej wartości 1405.90zł;szt.;1600,0000;Straż Graniczna
21.03.2025 15:00:00;wewnątrz kraju;strefa;Nadodrzański;PSG w Kłodzku;;Czechy;Broń;Gazowa;;9 mm P.A.K , nr. broni: 027702;szt.;1,0000;Straż Graniczna
21.03.2025 15:00:00;wewnątrz kraju;strefa;Nadodrzański;PSG w Kłodzku;;Czechy;Inne;Inne;;tabletek leku o nazwie StopCold;szt.;70560,0000;Straż Graniczna
21.03.2025 19:41:00;Do RP;przejście;Nadbużański;PSG w Terespolu;Terespol - Brześć;Białoruś;Tytoń;susz tytoniowy;;woreczki nikotynowe „Snus” w ilości 59 gram o wartości 39,42 zł.;kg;0,0590;KAS | SG
21.03.2025 14:20:00;wewnątrz kraju;kraj;Warmińsko-Mazurski;PSG w Gołdapi;;wewnątrz kraju;Papierosy;Papierosy;2460,33;;szt.;2800,0000;Straż Graniczna
20.03.2025 10:05:00;wewnątrz kraju;kraj;Bieszczadzki;PSG w Rzeszowie–Jasionce;;wewnątrz kraju;Narkotyki;Marihuana;2193,60;;kg;0,0457;Policja | Policja | SG
20.03.2025 10:05:00;wewnątrz kraju;kraj;Bieszczadzki;PSG w Rzeszowie–Jasionce;;wewnątrz kraju;Narkotyki;Amfetamina;358,80;;kg;0,0092;Policja | Policja | SG
20.03.2025 10:05:00;wewnątrz kraju;kraj;Bieszczadzki;PSG w Rzeszowie–Jasionce;;wewnątrz kraju;Narkotyki;Haszysz;70,20;;kg;0,0013;Policja | Policja | SG
20.03.2025 10:05:00;wewnątrz kraju;kraj;Bieszczadzki;PSG w Rzeszowie–Jasionce;;wewnątrz kraju;Narkotyki;Extasy;504,00;;tabletka;24,0000;Policja | Policja | SG
20.03.2025 10:05:00;wewnątrz kraju;kraj;Bieszczadzki;PSG w Rzeszowie–Jasionce;;wewnątrz kraju;Narkotyki;Inne;300,00;2 C-B;kg;0,0006;Policja | Policja | SG
20.03.2025 10:05:00;wewnątrz kraju;kraj;Bieszczadzki;PSG w Rzeszowie–Jasionce;;wewnątrz kraju;Narkotyki;Inne;390,40;3-CMC;kg;0,0098;Policja | Policja | SG
20.03.2025 10:05:00;wewnątrz kraju;kraj;Bieszczadzki;PSG w Rzeszowie–Jasionce;;wewnątrz kraju;Narkotyki;Extasy;70,00;MDMA -extasy;kg;0,0014;Policja | Policja | SG
22.03.2025 14:59:00;Do RP;przejście;Nadbużański;PSG w Terespolu;Terespol - Brześć;Białoruś;Papierosy;Papierosy;140,59;;szt.;160,0000;Straż Graniczna
22.03.2025 12:00:00;Do RP;przejście;Nadbużański;PSG w Dorohusku;Dorohusk - Jagodzin;Ukraina;Inne;Inne;;Tabletki Seahorse  zawierającym ekstrakt ze zwierzęta zagrożonego wyginięciem.;szt.;200,0000;KAS | SG
22.03.2025 21:00:00;wewnątrz kraju;strefa;Podlaski;PSG w Bobrownikach;;Białoruś;Papierosy;Papierosy;24251,84;NZ Gold;szt.;27600,0000;Straż Graniczna
22.03.2025 23:20:00;wewnątrz kraju;strefa;Nadbużański;PSG w Sławatyczach;;Białoruś;Papierosy;Papierosy;26360,70;balon metorologiczny;szt.;30000,0000;Straż Graniczna
22.03.2025 22:00:00;wewnątrz kraju;kraj;Podlaski;PSG w Augustowie;;wewnątrz kraju;Papierosy;Papierosy;26360,70;;szt.;30000,0000;Straż Graniczna
23.03.2025 02:20:00;Do RP;przejście;Nadbużański;PSG w Dorohusku;Dorohusk - Jagodzin;Ukraina;Tytoń;Tytoń do palenia (wkłady);;Wkłady Terra;kg;0,0864;KAS | SG
23.03.2025 05:30:00;wewnątrz kraju;strefa;Podlaski;PSG w Kuźnicy;;Białoruś;Papierosy;Papierosy;26360,70;;szt.;30000,0000;Straż Graniczna
23.03.2025 05:10:00;wewnątrz kraju;kraj;Podlaski;PSG w Augustowie;;wewnątrz kraju;Papierosy;Papierosy;26360,70;;szt.;30000,0000;Straż Graniczna
23.03.2025 01:18:00;wewnątrz kraju;strefa;Podlaski;PSG w Lipsku;;Białoruś;Papierosy;Papierosy;24585,75;;szt.;27980,0000;Straż Graniczna
23.03.2025 06:00:00;wewnątrz kraju;strefa;Podlaski;PSG w Kuźnicy;;Białoruś;Papierosy;Papierosy;26360,70;;szt.;30000,0000;Straż Graniczna
23.03.2025 11:25:00;Z RP;przejście;Bieszczadzki;PSG w Lubaczowie;Budomierz - Hruszew;Ukraina;Pojazdy;Osobowy;10000,00;Renault Master r. prod. 2001;szt.;1,0000;Straż Graniczna
23.03.2025 08:30:00;wewnątrz kraju;kraj;Nadodrzański;PSG we Wrocławiu-Strachowicach;;wewnątrz kraju;Tytoń;Tytoń;2011,11;;kg;3,0000;Policja
23.03.2025 08:30:00;wewnątrz kraju;kraj;Nadodrzański;PSG we Wrocławiu-Strachowicach;;wewnątrz kraju;Papierosy;Papierosy;2987,55;;szt.;3400,0000;Policja
23.03.2025 09:05:00;wewnątrz kraju;strefa;Bieszczadzki;PSG w Lubaczowie;;Ukraina;Alkohol;Wódka;404,00;;litr;10,1000;Straż Graniczna
23.03.2025 09:05:00;wewnątrz kraju;strefa;Bieszczadzki;PSG w Lubaczowie;;Ukraina;Papierosy;Papierosy;19014,85;;szt.;21640,0000;Straż Graniczna
23.03.2025 12:18:00;Z RP;przejście;Nadodrzański;PSG w Poznaniu-Ławicy;Poznań-Ławica;lotnicza;Broń;Inna;600,00;pałka telekopowa;szt.;1,0000;Straż Graniczna
23.03.2025 06:00:00;wewnątrz kraju;kraj;Podlaski;PSG w Augustowie;;wewnątrz kraju;Papierosy;Papierosy;23491,78;wyprodukowane nielegalnie na terytorium Polski, różne marki;szt.;26735,0000;Straż Graniczna
23.03.2025 06:00:00;wewnątrz kraju;kraj;Podlaski;PSG w Augustowie;;wewnątrz kraju;Tytoń;krajanka tytoniowa;791,44;;kg;39,3750;Straż Graniczna
23.03.2025 06:00:00;wewnątrz kraju;kraj;Podlaski;PSG w Augustowie;;wewnątrz kraju;Papierosy;Papierosy;23491,78;Wyprodukowane nielegalnie na terytorium Polski, różne marki;szt.;26735,0000;Policja | SG | KAS | KAS
23.03.2025 06:00:00;wewnątrz kraju;kraj;Podlaski;PSG w Augustowie;;wewnątrz kraju;Tytoń;krajanka tytoniowa;791,44;;kg;39,3750;Policja | SG | KAS | KAS
23.03.2025 06:00:00;wewnątrz kraju;kraj;Podlaski;PSG w Augustowie;;wewnątrz kraju;Papierosy;Papierosy;23491,78;Wyprodukowane nielegalnie na terytorium Polski, różne marki;szt.;26735,0000;KAS | SG | Policja | KAS
23.03.2025 06:00:00;wewnątrz kraju;kraj;Podlaski;PSG w Augustowie;;wewnątrz kraju;Tytoń;krajanka tytoniowa;791,44;;kg;39,3750;KAS | SG | Policja | KAS
23.03.2025 06:00:00;wewnątrz kraju;kraj;Podlaski;PSG w Augustowie;;wewnątrz kraju;Papierosy;Papierosy;23491,78;Wyprodukowane nielegalnie na terytorium Polski, różne marki;szt.;26735,0000;KAS | SG | Policja | KAS
23.03.2025 06:00:00;wewnątrz kraju;kraj;Podlaski;PSG w Augustowie;;wewnątrz kraju;Tytoń;krajanka tytoniowa;791,44;;kg;39,3750;KAS | SG | Policja | KAS
23.03.2025 06:00:00;wewnątrz kraju;strefa;Nadbużański;PSG w Sławatyczach;;Białoruś;Papierosy;Papierosy;773,25;;szt.;880,0000;Straż Graniczna
23.03.2025 06:00:00;wewnątrz kraju;strefa;Nadbużański;PSG w Sławatyczach;;Białoruś;Papierosy;Papierosy;26360,70;balon metorologiczny;szt.;30000,0000;Straż Graniczna
23.03.2025 16:05:00;Z RP;przejście;Bieszczadzki;PSG w Medyce;Medyka - Szeginie;Ukraina;Amunicja;Ostra;10,00;9 mm, P. A.  Blanc S&B;szt.;2,0000;Straż Graniczna
23.03.2025 17:25:00;Do RP;przejście;Nadbużański;PSG w Hrebennem;Hrebenne - Rawa Ruska;Ukraina;Narkotyki;Kokaina;54,00;;kg;0,0002;Straż Graniczna
23.03.2025 17:25:00;Do RP;przejście;Nadbużański;PSG w Hrebennem;Hrebenne - Rawa Ruska;Ukraina;Narkotyki;LSD;;bibułka nasączona LSD;szt.;1,0000;Straż Graniczna
23.03.2025 17:35:00;wewnątrz kraju;strefa;Podlaski;PSG w Nowym Dworze;;Białoruś;Papierosy;Papierosy;26360,70;Queen Menthol;szt.;30000,0000;Straż Graniczna
24.03.2025 10:50:00;Do RP;przejście;Nadbużański;PSG w Dorohusku;Dorohusk - Jagodzin;Ukraina;Papierosy;Papierosy;52,72;wniosek nr 108;szt.;60,0000;Straż Graniczna
24.03.2025 11:00:00;Do RP;przejście;Nadbużański;PSG w Dorohusku;Dorohusk - Jagodzin;Ukraina;Papierosy;Papierosy;21,97;WNIOSEK NR 106;szt.;25,0000;Straż Graniczna
24.03.2025 11:05:00;Do RP;przejście;Nadbużański;PSG w Dorohusku;Dorohusk - Jagodzin;Ukraina;Papierosy;Papierosy;52,72;WNIOSEK NR 107;szt.;60,0000;Straż Graniczna
21.03.2025 15:10:00;wewnątrz kraju;kraj;Morski;PSG w Elblągu;;wewnątrz kraju;Pojazdy;Osobowy;175000,00;pojazd utracony na terytorium Wielkiej Brytanii - BMW X5 wartość 35 tyś GBP;szt.;1,0000;Policja | SG
21.03.2025 15:10:00;wewnątrz kraju;kraj;Morski;PSG w Elblągu;;wewnątrz kraju;Pojazdy;Osobowy;170000,00;pojazd utracony na terytorium Wielkiej Brytanii - BMW X5 wartość 34 tyś GBP;szt.;1,0000;Policja | SG
21.03.2025 15:10:00;wewnątrz kraju;kraj;Morski;PSG w Elblągu;;wewnątrz kraju;Pojazdy;Osobowy;165000,00;pojazd utracony na terytorium Wielkiej Brytanii - BMW X5 wartość 33 tyś GBP;szt.;1,0000;Policja | SG
21.03.2025 15:10:00;wewnątrz kraju;kraj;Morski;PSG w Elblągu;;wewnątrz kraju;Pojazdy;Osobowy;120000,00;pojazd utracony na terytorium Wielkiej Brytanii - BMW X5 wartość 24 tyś GBP;szt.;1,0000;Policja | SG
21.03.2025 15:10:00;wewnątrz kraju;kraj;Morski;PSG w Elblągu;;wewnątrz kraju;Pojazdy;Osobowy;55000,00;pojazd utracony na terytorium Wielkiej Brytanii - VW Passat wartosć 11 tyś GBP  ;szt.;1,0000;Policja | SG
22.03.2025 00:35:00;Do RP;przejście;Bieszczadzki;PSG w Korczowej;Korczowa - Krakowiec;Ukraina;Amunicja;Ostra;1,30;kaliber 9x19 mm;szt.;1,0000;Straż Graniczna
22.03.2025 00:35:00;Do RP;przejście;Bieszczadzki;PSG w Korczowej;Korczowa - Krakowiec;Ukraina;Amunicja;Ostra;1,30;kaliber 9x19 mm;szt.;1,0000;Straż Graniczna
24.03.2025 13:00:00;Do RP;przejście;Nadbużański;PSG w Terespolu;Terespol - Brześć;Białoruś;Papierosy;Papierosy;66,78;;szt.;76,0000;Straż Graniczna
24.03.2025 14:06:00;wewnątrz kraju;kraj;Warmińsko-Mazurski;Warmińsko-Mazurski;;wewnątrz kraju;Inne;Inne;24000,00;automaty do gier hazardowych;szt.;2,0000;KAS | SG
24.03.2025 17:30:00;wewnątrz kraju;kraj;Warmińsko-Mazurski;PSG w Bezledach;;wewnątrz kraju;Tytoń;susz tytoniowy;3529,78;;kg;4,1900;Straż Graniczna
24.03.2025 17:30:00;wewnątrz kraju;kraj;Warmińsko-Mazurski;PSG w Bezledach;;wewnątrz kraju;Papierosy;Papierosy;439,35;własnej produkcji;szt.;500,0000;Straż Graniczna
24.03.2025 17:30:00;wewnątrz kraju;kraj;Warmińsko-Mazurski;PSG w Bezledach;;wewnątrz kraju;Tytoń;susz tytoniowy;705,11;;kg;0,8370;Straż Graniczna
24.03.2025 17:30:00;wewnątrz kraju;kraj;Warmińsko-Mazurski;PSG w Bezledach;;wewnątrz kraju;Papierosy;Papierosy;70,30;własnej produkcji;szt.;80,0000;Straż Graniczna
24.03.2025 14:00:00;wewnątrz kraju;kraj;Nadbużański;PSG w Terespolu;;wewnątrz kraju;Pojazdy;Osobowy;300000,00;MERCEDES-BENZ, rok produkcji 2024,VIN W1V447703S4398723, kolor czarny;szt.;1,0000;Policja | SG
24.03.2025 14:00:00;wewnątrz kraju;kraj;Nadbużański;PSG w Terespolu;;wewnątrz kraju;Broń;Palna;;AR15;szt.;1,0000;Policja | SG
24.03.2025 14:00:00;wewnątrz kraju;kraj;Nadbużański;PSG w Terespolu;;wewnątrz kraju;Pojazdy;Osobowy;300000,00;;szt.;1,0000;Policja | SG
24.03.2025 14:00:00;wewnątrz kraju;kraj;Nadbużański;PSG w Terespolu;;wewnątrz kraju;Pojazdy;Osobowy;25000,00;Mercedes Vaneo;szt.;1,0000;Policja | SG
24.03.2025 14:00:00;wewnątrz kraju;kraj;Nadbużański;PSG w Terespolu;;wewnątrz kraju;Narkotyki;Marihuana;2407500,00;;kg;53,5000;Policja | SG
24.03.2025 14:00:00;wewnątrz kraju;kraj;Nadbużański;PSG w Terespolu;;wewnątrz kraju;Narkotyki;Amfetamina;1085000,00;;kg;15,5000;Policja | SG
24.03.2025 14:00:00;wewnątrz kraju;kraj;Nadbużański;PSG w Terespolu;;wewnątrz kraju;Narkotyki;Inne;87500,00;MDMA;kg;2,5000;Policja | SG
24.03.2025 14:00:00;wewnątrz kraju;kraj;Nadbużański;PSG w Terespolu;;wewnątrz kraju;Narkotyki;Haszysz;1025000,00;;kg;20,5000;Policja | SG
24.03.2025 20:30:00;wewnątrz kraju;kraj;Nadbużański;PSG w Dorohusku;;wewnątrz kraju;Pojazdy;Ciężarowy;441000,00;VOLVO FH530;szt.;1,0000;Policja | SG
24.03.2025 20:30:00;wewnątrz kraju;kraj;Nadbużański;PSG w Dorohusku;;wewnątrz kraju;Pojazdy;Naczepa;105000,00;Schmitz;szt.;1,0000;Policja | SG
25.03.2025 10:15:00;wewnątrz kraju;strefa;Bieszczadzki;PSG w Krościenku;;Ukraina;Alkohol;Wódka;400,00;;litr;10,0000;Straż Graniczna
25.03.2025 09:50:00;wewnątrz kraju;strefa;Bieszczadzki;PSG w Hermanowicach;;Ukraina;Papierosy;Papierosy;1282,89;papierosy róznych marek;szt.;1460,0000;Straż Graniczna
25.03.2025 09:50:00;wewnątrz kraju;strefa;Bieszczadzki;PSG w Hermanowicach;;Ukraina;Alkohol;Wódka;120,00;;litr;3,0000;Straż Graniczna
25.03.2025 10:55:00;wewnątrz kraju;strefa;Bieszczadzki;PSG w Korczowej;;Ukraina;Papierosy;Papierosy;702,95;Papierosy marki MALBORO bez znaków akcyzy skarbowej MF RP.;szt.;800,0000;Straż Graniczna
25.03.2025 10:55:00;wewnątrz kraju;strefa;Bieszczadzki;PSG w Korczowej;;Ukraina;Papierosy;Papierosy;18628,23;Papierosy różnych marek bez znaków akcyzy skarbowej MF RP.;szt.;21200,0000;Straż Graniczna
25.03.2025 14:10:00;Do RP;strefa;Morski;PSG w Świnoujściu;;morska;Pojazdy;Ciężarowy;45000,00;Pojazd ciężarowy Mercedes Benz Sprinter 311;szt.;1,0000;Straż Graniczna
25.03.2025 15:50:00;Do RP;strefa;Nadodrzański;PSG w Kłodzku;;Czechy;Narkotyki;Marihuana;;susz roślinny;kg;0,0045;Straż Graniczna
25.03.2025 19:40:00;Z RP;przejście;Bieszczadzki;PSG w Rzeszowie–Jasionce;Rzeszów-Jasionka;lotnicza;Amunicja;Ostra;12,00;S&B.270 WIN;szt.;1,0000;Straż Graniczna
25.03.2025 21:50:00;Do RP;przejście;Nadbużański;PSG w Hrebennem;Hrebenne - Rawa Ruska;Ukraina;Broń;Inna;50,00;kastet;szt.;1,0000;Straż Graniczna
26.03.2025 00:15:00;Do RP;przejście;Nadbużański;PSG w Hrebennem;Hrebenne - Rawa Ruska;Ukraina;Amunicja;Ostra;3,50;kaliber 7,62 mm;szt.;1,0000;Straż Graniczna
26.03.2025 00:15:00;Do RP;przejście;Nadbużański;PSG w Hrebennem;Hrebenne - Rawa Ruska;Ukraina;Amunicja;Ostra;36,00;pocisk zapalający kalibru 12,7 mm;szt.;1,0000;Straż Graniczna
25.03.2025 23:30:00;wewnątrz kraju;strefa;Nadbużański;PSG w Bohukałach;;Białoruś;Papierosy;Papierosy;26360,70;przy użyciu balonu meteorologicznego;szt.;30000,0000;Straż Graniczna
26.03.2025 07:20:00;wewnątrz kraju;kraj;Nadodrzański;PSG w Kłodzku;;wewnątrz kraju;Narkotyki;Kokaina;12000,00;Kokaina;kg;0,0300;Straż Graniczna
26.03.2025 07:20:00;wewnątrz kraju;kraj;Nadodrzański;PSG w Kłodzku;;wewnątrz kraju;Narkotyki;Inne;14080,00;Metamfetamina;kg;0,1760;Straż Graniczna
26.03.2025 07:20:00;wewnątrz kraju;kraj;Nadodrzański;PSG w Kłodzku;;wewnątrz kraju;Narkotyki;Marihuana;80,00;Marihuana;kg;0,0020;Straż Graniczna
26.03.2025 13:24:00;Do RP;przejście;Nadbużański;PSG w Dorohusku;Dorohusk - Jagodzin;Ukraina;Papierosy;Papierosy;51,84;;szt.;59,0000;Straż Graniczna
26.03.2025 13:30:00;Do RP;przejście;Nadbużański;PSG w Dorohusku;Dorohusk - Jagodzin;Ukraina;Papierosy;Papierosy;30,75;;szt.;35,0000;Straż Graniczna
26.03.2025 13:36:00;Do RP;przejście;Nadbużański;PSG w Dorohusku;Dorohusk - Jagodzin;Ukraina;Papierosy;Papierosy;65,02;;szt.;74,0000;Straż Graniczna
26.03.2025 13:42:00;Do RP;przejście;Nadbużański;PSG w Dorohusku;Dorohusk - Jagodzin;Ukraina;Papierosy;Papierosy;60,63;;szt.;69,0000;Straż Graniczna
26.03.2025 13:53:00;Do RP;przejście;Nadbużański;PSG w Dorohusku;Dorohusk - Jagodzin;Ukraina;Papierosy;Papierosy;27,24;;szt.;31,0000;Straż Graniczna
26.03.2025 13:57:00;Do RP;przejście;Nadbużański;PSG w Dorohusku;Dorohusk - Jagodzin;Ukraina;Papierosy;Papierosy;35,15;;szt.;40,0000;Straż Graniczna
26.03.2025 14:03:00;Do RP;przejście;Nadbużański;PSG w Dorohusku;Dorohusk - Jagodzin;Ukraina;Papierosy;Papierosy;140,59;;szt.;160,0000;Straż Graniczna
26.03.2025 14:07:00;Do RP;przejście;Nadbużański;PSG w Dorohusku;Dorohusk - Jagodzin;Ukraina;Papierosy;Papierosy;70,30;;szt.;80,0000;Straż Graniczna
26.03.2025 14:13:00;Do RP;przejście;Nadbużański;PSG w Dorohusku;Dorohusk - Jagodzin;Ukraina;Papierosy;Papierosy;14,06;;szt.;16,0000;Straż Graniczna
26.03.2025 10:00:00;Do RP;przejście;Bieszczadzki;PSG w Lubaczowie;Budomierz - Hruszew;Ukraina;Papierosy;Papierosy;495,58;;szt.;564,0000;Straż Graniczna
26.03.2025 16:10:00;Do RP;przejście;Nadbużański;PSG w Hrebennem;Hrebenne - Rawa Ruska;Ukraina;Broń;Palna;1000,00;broń krótka Makarov z magazynkiem;szt.;1,0000;KAS | SG
26.03.2025 16:10:00;Do RP;przejście;Nadbużański;PSG w Hrebennem;Hrebenne - Rawa Ruska;Ukraina;Amunicja;Inna;7,50;amunicja kal. 9mm z pociskami gumowymi;szt.;5,0000;KAS | SG
26.03.2025 14:30:00;wewnątrz kraju;strefa;Podlaski;Podlaski;;Białoruś;Papierosy;Papierosy;26360,70;;szt.;30000,0000;Straż Graniczna
26.03.2025 14:07:00;Z RP;przejście;Bieszczadzki;PSG w Medyce;Medyka - Szeginie;Ukraina;Inne;Podzespoły samochodowe;2000,00;prawa tylna ćwierć karoserii;szt.;1,0000;Straż Graniczna
27.03.2025 10:20:00;Do RP;przejście;Nadbużański;PSG w Dorohusku;Dorohusk - Jagodzin;Ukraina;Papierosy;Papierosy;32,51;;szt.;37,0000;Straż Graniczna
27.03.2025 10:20:00;Do RP;przejście;Nadbużański;PSG w Dorohusku;Dorohusk - Jagodzin;Ukraina;Papierosy;Papierosy;52,72;;szt.;60,0000;Straż Graniczna
27.03.2025 14:20:00;Z RP;przejście;Karpacki;PSG w Krakowie-Balicach;Kraków-Balice;lotnicza;Amunicja;Ostra;10,00;;szt.;2,0000;Straż Graniczna
27.03.2025 14:45:00;wewnątrz kraju;strefa;Nadbużański;PSG w Chłopiatynie;;Ukraina;Narkotyki;Haszysz;4149,00;;kg;0,0830;Policja | SG
27.03.2025 13:20:00;Z RP;przejście;Bieszczadzki;PSG w Rzeszowie–Jasionce;Rzeszów-Jasionka;lotnicza;Amunicja;Ostra;150,00;MEN19G6427” – 50 szt. oraz „MEN19G6426” – 50 szt.  ;szt.;100,0000;Straż Graniczna
27.03.2025 19:40:00;Z RP;przejście;Bieszczadzki;PSG w Medyce;Medyka - Szeginie;Ukraina;Inne;Podzespoły samochodowe;14000,00;zdekompletowany motocyki KTM 390 Duke , rok. prod. 2015;szt.;1,0000;Straż Graniczna
28.03.2025 05:07:00;Do RP;przejście;Nadbużański;PSG w Terespolu;Terespol - Brześć;Białoruś;Papierosy;Papierosy;70,30;;szt.;80,0000;Straż Graniczna
28.03.2025 05:47:00;Do RP;przejście;Nadbużański;PSG w Terespolu;Terespol - Brześć;Białoruś;Papierosy;Papierosy;984,13;;szt.;1120,0000;Straż Graniczna
28.03.2025 12:00:00;Do RP;przejście;Bieszczadzki;PSG w Korczowej;Korczowa - Krakowiec;Ukraina;Amunicja;Ostra;7,50;3x amunicja ostra (1x nabój o kalibrze 5.45x39 mm oraz 2x nabój o kalibrze 7.62x39 mm).;szt.;3,0000;Straż Graniczna
28.03.2025 12:50:00;Do RP;przejście;Nadbużański;PSG w Hrebennem;Hrebenne - Rawa Ruska;Ukraina;Amunicja;Ostra;1,50;Makarov 9x18 mm;szt.;1,0000;Straż Graniczna
28.03.2025 11:15:00;wewnątrz kraju;kraj;Warmińsko-Mazurski;PSG w Grzechotkach;;wewnątrz kraju;Papierosy;Papierosy;474,49;NZ GOLD, MARLBORO;szt.;540,0000;Straż Graniczna
29.03.2025 06:24:00;Do RP;przejście;Nadbużański;PSG w Terespolu;Terespol - Brześć;Białoruś;Papierosy;Papierosy;2319,74;;szt.;2640,0000;Straż Graniczna
29.03.2025 08:55:00;Do RP;przejście;Nadbużański;PSG w Dorohusku;Dorohusk - Jagodzin;Ukraina;Papierosy;Papierosy;105,44;;szt.;120,0000;Straż Graniczna
29.03.2025 08:55:00;Do RP;przejście;Nadbużański;PSG w Dorohusku;Dorohusk - Jagodzin;Ukraina;Papierosy;Papierosy;87,87;;szt.;100,0000;Straż Graniczna
29.03.2025 09:20:00;wewnątrz kraju;kraj;Nadodrzański;PSG w Świecku;;wewnątrz kraju;Pojazdy;Osobowy;100000,00;Renault Espace;szt.;1,0000;Straż Graniczna
29.03.2025 02:29:00;wewnątrz kraju;strefa;Podlaski;PSG w Lipsku;;Białoruś;Papierosy;Papierosy;26343,13;;szt.;29980,0000;Straż Graniczna
29.03.2025 12:55:00;Do RP;przejście;Nadbużański;PSG w Dorohusku;Dorohusk - Jagodzin;Ukraina;Papierosy;Papierosy;101,05;;szt.;115,0000;Straż Graniczna
29.03.2025 11:50:00;Do RP;przejście;Warmińsko-Mazurski;PSG w Grzechotkach;Grzechotki - Mamonowo II;Rosja;Papierosy;Papierosy;29,88;;szt.;34,0000;Straż Graniczna
29.03.2025 04:45:00;wewnątrz kraju;strefa;Nadbużański;PSG w Kodniu;;Białoruś;Papierosy;Papierosy;26360,70;za pomocą balonu meteorologicznego;szt.;30000,0000;Straż Graniczna
29.03.2025 20:40:00;Do RP;przejście;Warmińsko-Mazurski;PSG w Grzechotkach;Grzechotki - Mamonowo II;Rosja;Papierosy;Papierosy;175,74;;szt.;200,0000;Straż Graniczna
29.03.2025 17:30:00;Do RP;przejście;Nadodrzański;PSG we Wrocławiu-Strachowicach;Wrocław-Strachowice;lotnicza;Broń;Palna;5990,00;Karabinek smith MP 15;szt.;1,0000;Straż Graniczna
29.03.2025 17:30:00;Do RP;przejście;Nadodrzański;PSG we Wrocławiu-Strachowicach;Wrocław-Strachowice;lotnicza;Broń;Palna;9800,00;Strzelba samopowtarzalna Benelli ;szt.;1,0000;Straż Graniczna
29.03.2025 17:30:00;Do RP;przejście;Nadodrzański;PSG we Wrocławiu-Strachowicach;Wrocław-Strachowice;lotnicza;Broń;Palna;3000,00;Glock 17 generacja 4;szt.;1,0000;Straż Graniczna
29.03.2025 17:30:00;Do RP;przejście;Nadodrzański;PSG we Wrocławiu-Strachowicach;Wrocław-Strachowice;lotnicza;Broń;Palna;2850,00;CZ P - 10C;szt.;1,0000;Straż Graniczna
29.03.2025 17:30:00;Do RP;przejście;Nadodrzański;PSG we Wrocławiu-Strachowicach;Wrocław-Strachowice;lotnicza;Broń;Palna;12000,00;Karabinek Daniel Defense;szt.;1,0000;Straż Graniczna
30.03.2025 15:15:00;wewnątrz kraju;strefa;Podlaski;PSG w Płaskiej;;Białoruś;Papierosy;Papierosy;351,48;;szt.;400,0000;Straż Graniczna
30.03.2025 18:58:00;wewnątrz kraju;kraj;Bieszczadzki;Bieszczadzki;;wewnątrz kraju;Pojazdy;Osobowy;80000,00;DS7;szt.;1,0000;Policja | SG
30.03.2025 21:20:00;Do RP;przejście;Nadbużański;PSG w Dorohusku;Dorohusk - Jagodzin;Ukraina;Papierosy;Papierosy;35,15;;szt.;40,0000;Straż Graniczna
31.03.2025 07:00:00;wewnątrz kraju;strefa;Podlaski;PSG w Rutce-Tartak;;Litwa;Papierosy;Papierosy;597157,72;MINSK SUPERSLIMS, NZ, ROYAL;szt.;679600,0000;Straż Graniczna
31.03.2025 10:30:00;Z RP;przejście;Nadodrzański;PSG w Poznaniu-Ławicy;Poznań-Ławica;lotnicza;Broń;Inna;10,00;pałka teleskopowa;szt.;1,0000;Straż Graniczna
31.03.2025 00:30:00;Z RP;przejście;Nadbużański;PSG w Terespolu;Terespol - Brześć;Białoruś;Pojazdy;Osobowy;290000,00;amochód osobowego marki: BMW  o nr rej. HILO1004 nr VIN pojazdu: WBA81CA0009W40475, kolor szary, rok produkcji 2024;szt.;1,0000;Straż Graniczna
31.03.2025 17:40:00;Do RP;przejście;Nadbużański;PSG w Dołhobyczowie;Dołhobyczów - Uhrynów;Ukraina;Papierosy;Papierosy;70,30;4 paczki po 20 szt. papierosów;szt.;80,0000;Straż Graniczna
31.03.2025 15:05:00;wewnątrz kraju;kraj;Śląski;PSG w Rudzie Śląskiej;;wewnątrz kraju;Narkotyki;Amfetamina;15,00;;kg;0,0003;Straż Graniczna
01.04.2025 08:38:00;wewnątrz kraju;strefa;Bieszczadzki;PSG w Lubaczowie;;Ukraina;Papierosy;Papierosy;22178,14;;szt.;25240,0000;Straż Graniczna
01.04.2025 08:38:00;wewnątrz kraju;strefa;Bieszczadzki;PSG w Lubaczowie;;Ukraina;Papierosy;Papierosy;3514,76;Papierosy marki Compliment;szt.;4000,0000;Straż Graniczna
01.04.2025 08:10:00;wewnątrz kraju;strefa;Podlaski;PSG w Nowym Dworze;;Białoruś;Papierosy;Papierosy;7029,52;NZ Black;szt.;8000,0000;Straż Graniczna
01.04.2025 08:10:00;wewnątrz kraju;strefa;Podlaski;PSG w Nowym Dworze;;Białoruś;Papierosy;Papierosy;17573,80;Queen Menthol;szt.;20000,0000;Straż Graniczna
01.04.2025 10:30:00;Do RP;przejście;Bieszczadzki;PSG w Korczowej;Korczowa - Krakowiec;Ukraina;Amunicja;Ostra;3,54;kaliber 5,56 x 45mm;szt.;1,0000;Straż Graniczna
01.04.2025 11:54:00;Do RP;przejście;Nadbużański;PSG w Dorohusku;Dorohusk - Jagodzin;Ukraina;Papierosy;Papierosy;35,15;;szt.;40,0000;Straż Graniczna
01.04.2025 12:01:00;Do RP;przejście;Nadbużański;PSG w Dorohusku;Dorohusk - Jagodzin;Ukraina;Papierosy;Papierosy;35,15;;szt.;40,0000;Straż Graniczna
01.04.2025 12:06:00;Do RP;przejście;Nadbużański;PSG w Dorohusku;Dorohusk - Jagodzin;Ukraina;Papierosy;Papierosy;78,20;;szt.;89,0000;Straż Graniczna
01.04.2025 12:11:00;Do RP;przejście;Nadbużański;PSG w Dorohusku;Dorohusk - Jagodzin;Ukraina;Papierosy;Papierosy;64,14;;szt.;73,0000;Straż Graniczna
01.04.2025 13:00:00;wewnątrz kraju;strefa;Nadbużański;PSG w Terespolu;;Białoruś;Pojazdy;Naczepa;150000,00;NACZEPA MARKI SCHMITZ rok produkcji: 2019, vin : WSM00000005252408;szt.;1,0000;Policja | SG | SG
01.04.2025 16:30:00;Do RP;przejście;Bieszczadzki;PSG w Korczowej;Korczowa - Krakowiec;Ukraina;Amunicja;Inna;4,00;amunicja ćwiczebna;szt.;2,0000;Straż Graniczna
01.04.2025 11:30:00;Z RP;przejście;Nadbużański;PSG w Terespolu;Terespol - Brześć;Białoruś;Pojazdy;Osobowy;102000,00;Samochód osobowy marki FORD, rok produkcji: 2024 r. ;szt.;1,0000;Straż Graniczna
01.04.2025 18:36:00;Do RP;przejście;Nadbużański;PSG w Dorohusku;Dorohusk - Jagodzin;Ukraina;Papierosy;Papierosy;70,30;;szt.;80,0000;Straż Graniczna
01.04.2025 13:29:00;Z RP;przejście;Bieszczadzki;PSG w Medyce;Medyka - Szeginie;Ukraina;Inne;Podzespoły samochodowe;700,00;magłownica ;szt.;1,0000;Straż Graniczna
01.04.2025 13:29:00;Z RP;przejście;Bieszczadzki;PSG w Medyce;Medyka - Szeginie;Ukraina;Inne;Podzespoły samochodowe;2600,00;klapa bagażnika z lampami ;szt.;1,0000;Straż Graniczna
01.04.2025 13:29:00;Z RP;przejście;Bieszczadzki;PSG w Medyce;Medyka - Szeginie;Ukraina;Inne;Podzespoły samochodowe;1500,00;belka zderzaka;szt.;1,0000;Straż Graniczna
01.04.2025 13:29:00;Z RP;przejście;Bieszczadzki;PSG w Medyce;Medyka - Szeginie;Ukraina;Inne;Podzespoły samochodowe;1600,00;półoś napędowa;szt.;2,0000;Straż Graniczna
01.04.2025 13:29:00;Z RP;przejście;Bieszczadzki;PSG w Medyce;Medyka - Szeginie;Ukraina;Inne;Podzespoły samochodowe;1200,00;zderzak tylny;szt.;1,0000;Straż Graniczna
01.04.2025 13:29:00;Z RP;przejście;Bieszczadzki;PSG w Medyce;Medyka - Szeginie;Ukraina;Inne;Podzespoły samochodowe;800,00;osłona progu prawa, lewa;szt.;2,0000;Straż Graniczna
01.04.2025 13:29:00;Z RP;przejście;Bieszczadzki;PSG w Medyce;Medyka - Szeginie;Ukraina;Inne;Podzespoły samochodowe;600,00;amortyzator;szt.;2,0000;Straż Graniczna
01.04.2025 13:29:00;Z RP;przejście;Bieszczadzki;PSG w Medyce;Medyka - Szeginie;Ukraina;Inne;Podzespoły samochodowe;6000,00;drzwi kompletne (lewe przednie, prawe tylne);szt.;2,0000;Straż Graniczna
01.04.2025 17:15:00;wewnątrz kraju;kraj;Nadodrzański;PSG we Wrocławiu-Strachowicach;;wewnątrz kraju;Narkotyki;Marihuana;149,04;;kg;0,0037;Straż Graniczna
01.04.2025 10:20:00;wewnątrz kraju;strefa;Podlaski;PSG w Nowym Dworze;;Białoruś;Papierosy;Papierosy;22845,94;Mińsk;szt.;26000,0000;Straż Graniczna
01.04.2025 10:20:00;wewnątrz kraju;strefa;Podlaski;PSG w Nowym Dworze;;Białoruś;Papierosy;Papierosy;878,69;NZ;szt.;1000,0000;Straż Graniczna
01.04.2025 10:20:00;wewnątrz kraju;strefa;Podlaski;PSG w Nowym Dworze;;Białoruś;Papierosy;Papierosy;878,69;Queen Menthol;szt.;1000,0000;Straż Graniczna
02.04.2025 06:00:00;wewnątrz kraju;strefa;Podlaski;PSG w Kuźnicy;;Białoruś;Papierosy;Papierosy;26360,70;;szt.;30000,0000;Straż Graniczna
02.04.2025 06:30:00;wewnątrz kraju;strefa;Podlaski;PSG w Kuźnicy;;Białoruś;Papierosy;Papierosy;26360,70;;szt.;30000,0000;Straż Graniczna
02.04.2025 10:00:00;Z RP;przejście;Karpacki;PSG w Krakowie-Balicach;Kraków-Balice;lotnicza;Inne;Inne;1,00;1 szt. łuski (pusta łuska wraz z pociskiem - oznaczenia w okolicy spłonki: DAG14B1217),;szt.;1,0000;Straż Graniczna
02.04.2025 08:10:00;wewnątrz kraju;kraj;Nadbużański;PSG w Chłopiatynie;;wewnątrz kraju;Narkotyki;Haszysz;6939,00;;kg;0,1388;Policja | SG
26.03.2025 12:20:00;Do RP;przejście;Nadbużański;PSG w Terespolu;Terespol - Brześć;Białoruś;Papierosy;Papierosy;70,30;;szt.;80,0000;Straż Graniczna
02.04.2025 05:15:00;wewnątrz kraju;strefa;Nadbużański;PSG w Bohukałach;;Białoruś;Papierosy;Papierosy;26360,70;Przy wykorzystaniu balonu meteorologicznego;szt.;30000,0000;Straż Graniczna
07.03.2025 15:25:00;Do RP;przejście;Nadbużański;PSG w Terespolu;Terespol - Brześć;Białoruś;Inne;Inne;340,00;produkty pochodzenia zwierzęcego;kg;17,0000;Straż Graniczna
02.04.2025 11:30:00;Do RP;przejście;Nadbużański;PSG w Terespolu;Kukuryki - Kozłowiczy;Białoruś;Papierosy;Papierosy;1195,02;;szt.;1360,0000;Straż Graniczna
02.04.2025 10:28:00;wewnątrz kraju;kraj;Bieszczadzki;PSG w Lubaczowie;;wewnątrz kraju;Alkohol;Wódka;160,00;;litr;4,0000;Straż Graniczna
02.04.2025 10:28:00;wewnątrz kraju;kraj;Bieszczadzki;PSG w Lubaczowie;;wewnątrz kraju;Alkohol;Wódka;344,00;;litr;8,6000;Straż Graniczna
02.04.2025 10:28:00;wewnątrz kraju;kraj;Bieszczadzki;PSG w Lubaczowie;;wewnątrz kraju;Papierosy;Papierosy;263,61;;szt.;300,0000;Straż Graniczna
02.04.2025 13:00:00;Z RP;przejście;Nadbużański;PSG w Terespolu;Terespol - Brześć;Białoruś;Pojazdy;Osobowy;300000,00;MERCEDES;szt.;1,0000;Straż Graniczna
02.04.2025 13:00:00;Z RP;przejście;Nadbużański;PSG w Terespolu;Terespol - Brześć;Białoruś;Inne;Inne;;TABLICE REJESTRACYJNE ;szt.;2,0000;Straż Graniczna
02.04.2025 07:50:00;wewnątrz kraju;strefa;Nadbużański;PSG w Bohukałach;;Białoruś;Papierosy;Papierosy;26360,70;Przy wykorzystaniu balonu meteorologicznego.;szt.;30000,0000;Straż Graniczna
02.04.2025 15:02:00;wewnątrz kraju;strefa;Podlaski;Podlaski;;Białoruś;Papierosy;Papierosy;28996,77;;szt.;33000,0000;Straż Graniczna
02.04.2025 16:00:00;Z RP;przejście;Nadwiślański;PSG w Warszawie-Okęciu;Warszawa-Okęcie;lotnicza;Amunicja;Ostra;;;szt.;1,0000;Straż Graniczna
02.04.2025 18:17:00;wewnątrz kraju;strefa;Podlaski;PSG w Nowym Dworze;;Białoruś;Papierosy;Papierosy;17573,80;Minsk Super Slims;szt.;20000,0000;Straż Graniczna
02.04.2025 18:17:00;wewnątrz kraju;strefa;Podlaski;PSG w Nowym Dworze;;Białoruś;Papierosy;Papierosy;8786,90;NZ Gold;szt.;10000,0000;Straż Graniczna
02.04.2025 22:00:00;Z RP;przejście;Nadbużański;PSG w Hrubieszowie;Zosin - Ustiług;Ukraina;Pojazdy;Osobowy;12000,00;Honda Accord;szt.;1,0000;Straż Graniczna
02.04.2025 22:30:00;Do RP;przejście;Nadbużański;PSG w Terespolu;Terespol - Brześć;Białoruś;Papierosy;Papierosy;632,66;;szt.;720,0000;KAS | SG
02.04.2025 22:30:00;Do RP;przejście;Nadbużański;PSG w Terespolu;Terespol - Brześć;Białoruś;Alkohol;Wódka;42,00;;litr;1,4000;KAS | SG
02.04.2025 22:30:00;Do RP;przejście;Nadbużański;PSG w Terespolu;Terespol - Brześć;Białoruś;Płyn do e-papierosów;Płyn do e-papierosów;442,00;;litr;0,3400;KAS | SG
22.03.2025 15:30:00;Do RP;przejście;Nadbużański;PSG w Terespolu;Kukuryki - Kozłowiczy;Białoruś;Papierosy;Papierosy;527,21;Wniosek SG do KAS nr 12 z dnia 22.03.2025;szt.;600,0000;Straż Graniczna
03.04.2025 01:20:00;Z RP;przejście;Nadbużański;PSG w Hrebennem;Hrebenne - Rawa Ruska;Ukraina;Inne;Inne;21840,00;jednorazowych e-papierosów FLONQ ULTRA  28 ml;szt.;600,0000;Straż Graniczna
03.04.2025 09:08:00;Z RP;strefa;Śląski;PSG w Katowicach-Pyrzowicach;;lotnicza;Broń;Inna;20,00;Paralizator;szt.;1,0000;Straż Graniczna
03.04.2025 11:00:00;wewnątrz kraju;kraj;Podlaski;PSG w Czeremsze;;wewnątrz kraju;Papierosy;Papierosy;26360,70;Mińsk;szt.;30000,0000;Straż Graniczna
03.04.2025 00:15:00;wewnątrz kraju;kraj;Nadodrzański;PSG w Zgorzelcu;;wewnątrz kraju;Papierosy;Papierosy;6238699,00;Richmont Malboro L&K;szt.;7100000,0000;Straż Graniczna
03.04.2025 00:15:00;wewnątrz kraju;kraj;Nadodrzański;PSG w Zgorzelcu;;wewnątrz kraju;Pojazdy;Ciężarowy;63900,00;samochód siodłowy marki DAF 460 FT rok prod 2015 ;szt.;1,0000;Straż Graniczna
03.04.2025 00:15:00;wewnątrz kraju;kraj;Nadodrzański;PSG w Zgorzelcu;;wewnątrz kraju;Pojazdy;Naczepa;49000,00;naczepa marki Wielton rok prod 2008 ;szt.;1,0000;Straż Graniczna
03.04.2025 11:30:00;wewnątrz kraju;kraj;Morski;PSG w Świnoujściu;;wewnątrz kraju;Pojazdy;Osobowy;160000,00;;szt.;1,0000;Straż Graniczna
03.04.2025 17:45:00;Do RP;przejście;Nadbużański;PSG w Terespolu;Terespol - Brześć;Białoruś;Papierosy;Papierosy;52,72;;szt.;60,0000;Straż Graniczna
03.04.2025 19:15:00;Z RP;przejście;Nadbużański;PSG w Terespolu;Kukuryki - Kozłowiczy;Białoruś;Pojazdy;Naczepa;175000,00;NACZEPA KRONE  o nr rejestracyjnym UO311 / LITWA ,nr  VIN WKESD000000940158  kolor naczepy BIAŁY  , rok produkcji 2020 typu CHŁODNIA  ;szt.;1,0000;Straż Graniczna
03.04.2025 22:15:00;Z RP;przejście;Nadbużański;PSG w Hrebennem;Hrebenne - Rawa Ruska;Ukraina;Inne;Podzespoły samochodowe;4000,00;drzwi z pojazdu FORD KUGA nr VIN: WF0FXXWPMFNL36590, rok prod. 2021 utraconego na terytorium Włoch ;szt.;2,0000;Straż Graniczna
03.04.2025 22:15:00;Z RP;przejście;Nadbużański;PSG w Hrebennem;Hrebenne - Rawa Ruska;Ukraina;Inne;Podzespoły samochodowe;2500,00;zawieszenie tylne z pojazdu KIA/HYUNDAI wobec którego zachodzi uzasadnione podejrzenie usunięcia numeru identyfikacyjnego poprzez zeszlifowanie;szt.;1,0000;Straż Graniczna
03.04.2025 22:15:00;Z RP;przejście;Nadbużański;PSG w Hrebennem;Hrebenne - Rawa Ruska;Ukraina;Inne;Podzespoły samochodowe;2000,00;drzwi z pojazdu FORD KUGA nr VIN: WF0FXXWPMFNL36590, rok prod. 2021 utraconego na terytorium Włoch ;szt.;1,0000;Straż Graniczna
03.04.2025 22:15:00;Z RP;przejście;Nadbużański;PSG w Hrebennem;Hrebenne - Rawa Ruska;Ukraina;Inne;Podzespoły samochodowe;3000,00;oraz zawieszenie tylne z pojazdu FORD wobec którego zachodzi uzasadnione podejrzenie usunięcia numeru identyfikacyjnego poprzez zeszlifowanie;szt.;1,0000;Straż Graniczna
03.04.2025 22:15:00;Z RP;przejście;Nadbużański;PSG w Hrebennem;Hrebenne - Rawa Ruska;Ukraina;Inne;Podzespoły samochodowe;2000,00;drzwi  z pojazdu FORD KUGA nr VIN: WF0FXXWPMFNL36590, rok prod. 2021 utraconego na terytorium Włoch ;szt.;1,0000;Straż Graniczna
03.04.2025 22:15:00;Z RP;przejście;Nadbużański;PSG w Hrebennem;Hrebenne - Rawa Ruska;Ukraina;Inne;Podzespoły samochodowe;2000,00;klapę z pojazdu FORD KUGA nr VIN: WF0FXXWPMFNL36590, rok prod. 2021 utraconego na terytorium Włoch ;szt.;1,0000;Straż Graniczna
03.04.2025 22:15:00;Z RP;przejście;Nadbużański;PSG w Hrebennem;Hrebenne - Rawa Ruska;Ukraina;Inne;Podzespoły samochodowe;3000,00;zawieszenie przednie  z pojazdu FORD wobec którego zachodzi uzasadnione podejrzenie usunięcia numeru identyfikacyjnego poprzez zeszlifowanie  ;szt.;1,0000;Straż Graniczna
03.04.2025 23:15:00;Z RP;przejście;Nadbużański;PSG w Hrebennem;Hrebenne - Rawa Ruska;Ukraina;Pojazdy;Osobowy;15000,00;pojazd osobowy  marki   BMW 116I, rok prod. 2004, nr VIN: WBAUF110X0JR91560 ;szt.;1,0000;Straż Graniczna
03.04.2025 19:45:00;wewnątrz kraju;strefa;Podlaski;PSG w Kuźnicy;;Białoruś;Papierosy;Papierosy;29260,38;;szt.;33300,0000;Straż Graniczna
03.04.2025 19:45:00;wewnątrz kraju;strefa;Podlaski;PSG w Kuźnicy;;Białoruś;Papierosy;Papierosy;17,57;NZ;szt.;20,0000;Straż Graniczna
03.04.2025 19:45:00;wewnątrz kraju;strefa;Podlaski;PSG w Kuźnicy;;Białoruś;Papierosy;Papierosy;12020,48;;szt.;13680,0000;Straż Graniczna
03.04.2025 23:20:00;wewnątrz kraju;strefa;Podlaski;PSG w Kuźnicy;;Białoruś;Papierosy;Papierosy;26360,70;;szt.;30000,0000;Straż Graniczna
03.04.2025 17:00:00;Do RP;przejście;Bieszczadzki;PSG w Medyce;Medyka - Szeginie;Ukraina;Inne;Inne;21200,00;PESTYCYDY O NAZWIE MOVENTO;litr;40,0000;Straż Graniczna
04.04.2025 03:45:00;Do RP;strefa;Nadodrzański;PSG w Świecku;;Niemcy;Narkotyki;Marihuana;84,00;;kg;0,0021;Straż Graniczna
04.04.2025 03:45:00;Do RP;strefa;Nadodrzański;PSG w Świecku;;Niemcy;Narkotyki;Kokaina;38,00;;kg;0,0010;Straż Graniczna
04.04.2025 03:45:00;Do RP;strefa;Nadodrzański;PSG w Świecku;;Niemcy;Narkotyki;Kokaina;252,00;;kg;0,0006;Straż Graniczna
04.04.2025 07:30:00;wewnątrz kraju;strefa;Podlaski;PSG w Nowym Dworze;;Białoruś;Papierosy;Papierosy;21967,25;Queen SuperSlims;szt.;25000,0000;Straż Graniczna
04.04.2025 06:55:00;Z RP;przejście;Śląski;PSG w Katowicach-Pyrzowicach;Katowice-Pyrzowice;lotnicza;Broń;Inna;50,00;kastet;szt.;1,0000;Straż Graniczna
20.03.2025 16:00:00;Do RP;przejście;Nadbużański;PSG w Dorohusku;Dorohusk - Jagodzin;Ukraina;Papierosy;Papierosy;105,44;;szt.;120,0000;KAS | SG
04.04.2025 01:02:00;wewnątrz kraju;kraj;Podlaski;PSG w Bobrownikach;;wewnątrz kraju;Papierosy;Papierosy;26360,70;NZ Gold;szt.;30000,0000;Straż Graniczna
04.04.2025 01:50:00;wewnątrz kraju;kraj;Podlaski;PSG w Bobrownikach;;wewnątrz kraju;Papierosy;Papierosy;26360,70;Mińsk Superslims;szt.;30000,0000;Straż Graniczna
03.04.2025 05:10:00;wewnątrz kraju;kraj;Karpacki;PSG w Zakopanem;;wewnątrz kraju;Papierosy;Papierosy;5442025,92;;szt.;6193340,0000;Straż Graniczna
03.04.2025 05:10:00;wewnątrz kraju;kraj;Karpacki;PSG w Zakopanem;;wewnątrz kraju;Papierosy;Papierosy;8075,16;;szt.;9190,0000;Straż Graniczna
03.04.2025 05:10:00;wewnątrz kraju;kraj;Karpacki;PSG w Zakopanem;;wewnątrz kraju;Tytoń;susz tytoniowy;914036,55;;kg;1085,0000;Straż Graniczna
03.04.2025 05:10:00;wewnątrz kraju;kraj;Karpacki;PSG w Zakopanem;;wewnątrz kraju;Tytoń;krajanka tytoniowa;212642,98;;kg;242,0000;Straż Graniczna
03.04.2025 05:10:00;wewnątrz kraju;kraj;Karpacki;PSG w Zakopanem;;wewnątrz kraju;Inne;Inne;1149000,00;Maszyna do pakowania papierosów HLP;szt.;1,0000;Straż Graniczna
04.04.2025 16:35:00;Do RP;przejście;Nadbużański;PSG w Hrubieszowie;Zosin - Ustiług;Ukraina;Papierosy;Papierosy;105,44;Wniosek do OC D54/2025;szt.;120,0000;Straż Graniczna
04.04.2025 14:45:00;wewnątrz kraju;strefa;Podlaski;PSG w Kuźnicy;;Białoruś;Papierosy;Papierosy;23724,63;;szt.;27000,0000;Straż Graniczna
03.04.2025 05:10:00;wewnątrz kraju;kraj;Karpacki;PSG w Zakopanem;;wewnątrz kraju;Papierosy;Papierosy;3404045,06;;szt.;3874000,0000;Policja | SG | SG | SG | SG | SG | SG | SG | SG
03.04.2025 05:10:00;wewnątrz kraju;kraj;Karpacki;PSG w Zakopanem;;wewnątrz kraju;Tytoń;Tytoń;10927257,04;;kg;12435,8500;Policja | SG | SG | SG | SG | SG | SG | SG | SG
03.04.2025 05:10:00;wewnątrz kraju;kraj;Karpacki;PSG w Zakopanem;;wewnątrz kraju;Inne;Inne;957500,00;Maszyna do produkcji papierosów MARK 8D;szt.;1,0000;Policja | SG | SG | SG | SG | SG | SG | SG | SG
04.04.2025 18:15:00;Z RP;przejście;Bieszczadzki;PSG w Medyce;Medyka - Szeginie;Ukraina;Inne;Podzespoły samochodowe;3000,00; częśc kokpitu;szt.;1,0000;Straż Graniczna
04.04.2025 18:15:00;Z RP;przejście;Bieszczadzki;PSG w Medyce;Medyka - Szeginie;Ukraina;Inne;Podzespoły samochodowe;4000,00;kierownica z przekładnia;szt.;1,0000;Straż Graniczna
04.04.2025 18:30:00;Do RP;przejście;Nadbużański;PSG w Terespolu;Terespol - Brześć;Białoruś;Alkohol;Inne;40,00;;litr;1,0000;Straż Graniczna
04.04.2025 17:50:00;wewnątrz kraju;strefa;Podlaski;PSG w Nowym Dworze;;Białoruś;Papierosy;Papierosy;8786,90;NZ Black;szt.;10000,0000;Straż Graniczna
05.04.2025 15:05:00;Z RP;przejście;Śląski;PSG w Katowicach-Pyrzowicach;Katowice-Pyrzowice;lotnicza;Amunicja;Ostra;2,00;Przedmiot przypominający amunicję koloru żółtego z napisem na spodzie łuski STV 9mm LUGER.;szt.;1,0000;Straż Graniczna
05.04.2025 22:50:00;Do RP;przejście;Nadbużański;PSG w Terespolu;Kukuryki - Kozłowiczy;Białoruś;Papierosy;Papierosy;527,21;;szt.;600,0000;Straż Graniczna
06.04.2025 16:00:00;Do RP;przejście;Nadbużański;PSG w Dorohusku;Dorohusk - Jagodzin;Ukraina;Papierosy;Papierosy;61,51;WNIOSEK NR 130;szt.;70,0000;Straż Graniczna
06.04.2025 16:05:00;Do RP;przejście;Nadbużański;PSG w Dorohusku;Dorohusk - Jagodzin;Ukraina;Papierosy;Papierosy;87,87;WNIOSEK NR 129;szt.;100,0000;Straż Graniczna
06.04.2025 16:10:00;Do RP;przejście;Nadbużański;PSG w Dorohusku;Dorohusk - Jagodzin;Ukraina;Papierosy;Papierosy;32,51;wniosek nr 128;szt.;37,0000;Straż Graniczna
06.04.2025 16:20:00;Do RP;przejście;Nadbużański;PSG w Dorohusku;Dorohusk - Jagodzin;Ukraina;Papierosy;Papierosy;35,15;WNIOSEK NR 127;szt.;40,0000;Straż Graniczna
06.04.2025 16:30:00;Do RP;przejście;Nadbużański;PSG w Dorohusku;Dorohusk - Jagodzin;Ukraina;Papierosy;Papierosy;52,72;WNIOSEK NR 126;szt.;60,0000;Straż Graniczna
06.04.2025 09:22:00;Z RP;przejście;Bieszczadzki;PSG w Medyce;Przemyśl - Mościska;Ukraina;Narkotyki;Marihuana;267,68;;kg;0,0036;Straż Graniczna
06.04.2025 16:50:00;Do RP;przejście;Bieszczadzki;PSG w Korczowej;Korczowa - Krakowiec;Ukraina;Amunicja;Ostra;10,00;2 szt. amunicji ostrej o kalibrze 5,56 mm;szt.;2,0000;Straż Graniczna
06.04.2025 16:50:00;Do RP;przejście;Bieszczadzki;PSG w Korczowej;Korczowa - Krakowiec;Ukraina;Broń;Palna;21000,00;1 szt. broni palnej (karabinek) - SIG SAUER MCX o nr 21M023300.;szt.;1,0000;Straż Graniczna
06.04.2025 22:20:00;wewnątrz kraju;strefa;Nadbużański;PSG w Terespolu;;Białoruś;Papierosy;Papierosy;26360,70;przy użyciu balonu meteorologicznego;szt.;30000,0000;Straż Graniczna
07.04.2025 01:15:00;Do RP;przejście;Bieszczadzki;PSG w Korczowej;Korczowa - Krakowiec;Ukraina;Amunicja;Ostra;2,30;1 szt. amunicji ostrej w postaci naboju o kalibrze 5,45 mm.;szt.;1,0000;Straż Graniczna
06.04.2025 17:20:00;wewnątrz kraju;strefa;Podlaski;PSG w Krynkach;;Białoruś;Papierosy;Papierosy;351,48;;szt.;400,0000;Straż Graniczna
07.04.2025 07:10:00;Do RP;przejście;Nadbużański;PSG w Hrebennem;Hrebenne - Rawa Ruska;Ukraina;Alkohol;Wódka;35,00;uszczuplenia celne 42 zł.;litr;1,0000;Straż Graniczna
07.04.2025 07:10:00;Do RP;przejście;Nadbużański;PSG w Hrebennem;Hrebenne - Rawa Ruska;Ukraina;Alkohol;Spirytus;100,00;uszczuplenia celne 124 zł;litr;1,2500;Straż Graniczna
07.04.2025 09:30:00;wewnątrz kraju;kraj;Śląski;PSG w Katowicach-Pyrzowicach;;wewnątrz kraju;Narkotyki;Marihuana;75,00;;kg;0,0015;Policja | SG
07.04.2025 12:55:00;Do RP;przejście;Nadbużański;PSG w Hrubieszowie;Zosin - Ustiług;Ukraina;Papierosy;Papierosy;1212,59;;szt.;1380,0000;Straż Graniczna
07.04.2025 13:05:00;wewnątrz kraju;strefa;Bieszczadzki;PSG w Korczowej;;Ukraina;Papierosy;Papierosy;70,30;Compliment;szt.;80,0000;Straż Graniczna
07.04.2025 13:00:00;wewnątrz kraju;strefa;Bieszczadzki;PSG w Korczowej;;Ukraina;Papierosy;Papierosy;52,72;Compliment;szt.;60,0000;Straż Graniczna
07.04.2025 01:00:00;wewnątrz kraju;kraj;Podlaski;PSG w Bobrownikach;;wewnątrz kraju;Papierosy;Papierosy;26360,70;NZ Gold;szt.;30000,0000;Straż Graniczna
05.04.2025 17:50:00;wewnątrz kraju;kraj;Śląski;PSG w Rudzie Śląskiej;;wewnątrz kraju;Narkotyki;Marihuana;7824,00;;kg;0,1304;Straż Graniczna
05.04.2025 17:50:00;wewnątrz kraju;kraj;Śląski;PSG w Rudzie Śląskiej;;wewnątrz kraju;Narkotyki;Extasy;100,00;;tabletka;2,0000;Straż Graniczna
05.04.2025 17:50:00;wewnątrz kraju;kraj;Śląski;PSG w Rudzie Śląskiej;;wewnątrz kraju;Narkotyki;Haszysz;2040,00;;kg;0,0408;Straż Graniczna
05.04.2025 17:50:00;wewnątrz kraju;kraj;Śląski;PSG w Rudzie Śląskiej;;wewnątrz kraju;Narkotyki;Amfetamina;4322,50;;kg;0,0455;Straż Graniczna
05.04.2025 17:50:00;wewnątrz kraju;kraj;Śląski;PSG w Rudzie Śląskiej;;wewnątrz kraju;Narkotyki;Inne;740,00;MDMA;kg;0,0074;Straż Graniczna
07.04.2025 10:00:00;wewnątrz kraju;strefa;Nadbużański;PSG w Sławatyczach;;Białoruś;Papierosy;Papierosy;26360,70;balon meteorologiczny;szt.;30000,0000;Straż Graniczna
07.04.2025 17:20:00;wewnątrz kraju;kraj;Morski;PSG w Szczecinie;;wewnątrz kraju;Pojazdy;Osobowy;150000,00;samochód osobowy marki TOYOTA RAV 4;szt.;1,0000;Straż Graniczna
08.04.2025 09:30:00;wewnątrz kraju;kraj;Nadodrzański;PSG w Kaliszu;;wewnątrz kraju;Papierosy;Papierosy;2231,87;bez polskich znaków akcyzy skarbowej;szt.;2540,0000;Straż Graniczna
08.04.2025 09:30:00;wewnątrz kraju;kraj;Nadodrzański;PSG w Kaliszu;;wewnątrz kraju;Papierosy;Papierosy;1335,61;białoruska akcyza;szt.;1520,0000;Straż Graniczna
08.04.2025 09:30:00;wewnątrz kraju;kraj;Nadodrzański;PSG w Kaliszu;;wewnątrz kraju;Tytoń;krajanka tytoniowa;668,15;;kg;1,0000;Straż Graniczna
08.04.2025 09:30:00;wewnątrz kraju;kraj;Nadodrzański;PSG w Kaliszu;;wewnątrz kraju;Papierosy;Papierosy;5078,83;papierosy róznych marek bez polskich znaków akcyzy skarbowej;szt.;5780,0000;Straż Graniczna
08.04.2025 09:30:00;wewnątrz kraju;kraj;Nadodrzański;PSG w Kaliszu;;wewnątrz kraju;Papierosy;Papierosy;351,48;papierosy róznych marek z białoruską akcyzą skarbową;szt.;400,0000;Straż Graniczna
08.04.2025 09:30:00;wewnątrz kraju;kraj;Nadodrzański;PSG w Kaliszu;;wewnątrz kraju;Tytoń;krajanka tytoniowa;233,85;;kg;0,3500;Straż Graniczna
08.04.2025 11:25:00;Do RP;przejście;Nadbużański;PSG w Terespolu;Terespol - Brześć;Białoruś;Papierosy;Papierosy;175,74;;szt.;200,0000;KAS | SG
08.04.2025 11:25:00;Do RP;przejście;Nadbużański;PSG w Terespolu;Terespol - Brześć;Białoruś;Papierosy;Papierosy;175,74;;szt.;200,0000;KAS | SG
08.04.2025 11:25:00;Do RP;przejście;Nadbużański;PSG w Terespolu;Terespol - Brześć;Białoruś;Alkohol;Koniak;15,00;;litr;0,5000;KAS | SG
08.04.2025 11:25:00;Do RP;przejście;Nadbużański;PSG w Terespolu;Terespol - Brześć;Białoruś;Inne;Inne;540,00;PRODUKTY POCHODZENIA ROŚLINNEGO (WARZYWA);kg;54,0000;KAS | SG
08.04.2025 13:15:00;Do RP;przejście;Nadbużański;PSG w Terespolu;Terespol - Brześć;Białoruś;Alkohol;Wódka;30,00;;litr;1,0000;Straż Graniczna
08.04.2025 12:45:00;Do RP;przejście;Bieszczadzki;PSG w Korczowej;Korczowa - Krakowiec;Ukraina;Amunicja;Ostra;2,50;kaliber 5.45;szt.;1,0000;Straż Graniczna
08.04.2025 14:00:00;wewnątrz kraju;kraj;Bieszczadzki;Bieszczadzki;;wewnątrz kraju;Pojazdy;Osobowy;190000,00;Toyota Proace;szt.;1,0000;Policja | SG
08.04.2025 21:30:00;Do RP;przejście;Nadbużański;PSG w Dołhobyczowie;Dołhobyczów - Uhrynów;Ukraina;Tytoń;Tytoń do palenia;46,90;wyroby nowatorskie;kg;0,0702;Straż Graniczna
09.04.2025 05:30:00;Z RP;przejście;Bieszczadzki;PSG w Korczowej;Korczowa - Krakowiec;Ukraina;Inne;Inne;1500,00;zderzak  samochodu marki Volkswagen Tiguan;szt.;1,0000;Straż Graniczna
09.04.2025 00:15:00;wewnątrz kraju;strefa;Nadbużański;PSG w Woli Uhruskiej;;Ukraina;Papierosy;Papierosy;26360,70;Przy użuciu balonu meteorologicznego;szt.;30000,0000;Straż Graniczna
08.04.2025 20:20:00;wewnątrz kraju;kraj;Nadbużański;Nadbużański;;wewnątrz kraju;Tytoń;krajanka tytoniowa;461881,08;;kg;566,3500;SC | SG
08.04.2025 20:20:00;wewnątrz kraju;kraj;Nadbużański;Nadbużański;;wewnątrz kraju;Tytoń;susz tytoniowy;334257,37;liście;kg;547,5500;SC | SG
08.04.2025 09:00:00;wewnątrz kraju;kraj;Podlaski;PSG w Narewce;;wewnątrz kraju;Narkotyki;Extasy;625,00;;tabletka;25,0000;Straż Graniczna
08.04.2025 09:00:00;wewnątrz kraju;kraj;Podlaski;PSG w Narewce;;wewnątrz kraju;Narkotyki;Kokaina;23840,00;;kg;0,0596;Straż Graniczna
08.04.2025 09:00:00;wewnątrz kraju;kraj;Podlaski;PSG w Narewce;;wewnątrz kraju;Narkotyki;Grzyby halucynogenne;196,00;;kg;0,0049;Straż Graniczna
08.04.2025 09:00:00;wewnątrz kraju;kraj;Podlaski;PSG w Narewce;;wewnątrz kraju;Narkotyki;Marihuana;220,80;;kg;0,0055;Straż Graniczna
09.04.2025 14:19:00;Z RP;przejście;Bieszczadzki;PSG w Medyce;Medyka - Szeginie;Ukraina;Płyn do e-papierosów;Płyn do e-papierosów;35100,00;marka ELFLIO;litr;27,0000;Straż Graniczna
09.04.2025 10:40:00;Do RP;przejście;Bieszczadzki;PSG w Korczowej;Korczowa - Krakowiec;Ukraina;Papierosy;Papierosy;175,74;;szt.;200,0000;Straż Graniczna
09.04.2025 08:11:00;Z RP;przejście;Nadwiślański;PSG w Warszawie-Okęciu;Warszawa-Okęcie;lotnicza;Narkotyki;Inne;60400,00;susz roślinny;kg;1,5100;Straż Graniczna
09.04.2025 10:34:00;Do RP;przejście;Bieszczadzki;PSG w Korczowej;Korczowa - Krakowiec;Ukraina;Papierosy;Papierosy;175,74;;szt.;200,0000;Straż Graniczna
09.04.2025 12:30:00;wewnątrz kraju;kraj;Nadbużański;Nadbużański;;wewnątrz kraju;Papierosy;Papierosy;386623,60;bez polskich znaków skarbowych akcyzy;szt.;440000,0000;Policja | SG
09.04.2025 16:45:00;Do RP;strefa;Morski;PSG w Świnoujściu;;morska;Pojazdy;Osobowy;1250000,00;MERCEDES BENZ AMG G63;szt.;1,0000;Straż Graniczna
09.04.2025 14:10:00;Do RP;przejście;Bieszczadzki;PSG w Korczowej;Korczowa - Krakowiec;Ukraina;Amunicja;Ostra;2,50;;szt.;1,0000;Straż Graniczna
09.04.2025 15:20:00;Do RP;przejście;Bieszczadzki;PSG w Korczowej;Korczowa - Krakowiec;Ukraina;Amunicja;Ostra;2,50;;szt.;1,0000;Straż Graniczna
09.04.2025 13:00:00;wewnątrz kraju;kraj;Warmińsko-Mazurski;PSG w Bezledach;;wewnątrz kraju;Tytoń;krajanka tytoniowa;343,01;;kg;0,4060;Straż Graniczna
09.04.2025 17:30:00;wewnątrz kraju;kraj;Bieszczadzki;Bieszczadzki;;wewnątrz kraju;Pojazdy;Inny;105000,00;Przyczepa kempingowa ;szt.;1,0000;Policja | Policja | SG
09.04.2025 17:30:00;wewnątrz kraju;kraj;Bieszczadzki;Bieszczadzki;;wewnątrz kraju;Pojazdy;Inny;81000,00;przyczepa kempingowa marki Elddis;szt.;1,0000;Policja | Policja | SG
09.04.2025 17:30:00;wewnątrz kraju;kraj;Bieszczadzki;Bieszczadzki;;wewnątrz kraju;Inne;Inne;92000,00;Przyczepa kempingowa;szt.;1,0000;Policja | Policja | SG
09.04.2025 19:10:00;wewnątrz kraju;kraj;Podlaski;PSG w Kuźnicy;;wewnątrz kraju;Papierosy;Papierosy;17538,65;NZ;szt.;19960,0000;Straż Graniczna
09.04.2025 19:10:00;wewnątrz kraju;kraj;Podlaski;PSG w Kuźnicy;;wewnątrz kraju;Papierosy;Papierosy;878,69;MINSK;szt.;1000,0000;Straż Graniczna
09.04.2025 15:10:00;wewnątrz kraju;strefa;Warmińsko-Mazurski;PSG w Węgorzewie;;Rosja;Papierosy;Papierosy;210885,60;;szt.;240000,0000;Straż Graniczna
10.04.2025 00:05:00;Z RP;przejście;Bieszczadzki;PSG w Medyce;Medyka - Szeginie;Ukraina;Narkotyki;Marihuana;81,66;;kg;0,0014;Straż Graniczna
10.04.2025 10:40:00;Do RP;przejście;Nadbużański;PSG w Dorohusku;Dorohusk - Jagodzin;Ukraina;Papierosy;Papierosy;77,32;wniosek nr 131;szt.;88,0000;Straż Graniczna
10.04.2025 10:45:00;Do RP;przejście;Nadbużański;PSG w Dorohusku;Dorohusk - Jagodzin;Ukraina;Papierosy;Papierosy;80,84;wniosek nr 134;szt.;92,0000;Straż Graniczna
10.04.2025 11:10:00;Do RP;przejście;Nadbużański;PSG w Dorohusku;Dorohusk - Jagodzin;Ukraina;Papierosy;Papierosy;25,48;wniosek nr 133;szt.;29,0000;Straż Graniczna
10.04.2025 11:25:00;Do RP;przejście;Nadbużański;PSG w Dorohusku;Dorohusk - Jagodzin;Ukraina;Papierosy;Papierosy;15,82;WNIOSEK NR 132;szt.;18,0000;Straż Graniczna
10.04.2025 10:30:00;wewnątrz kraju;strefa;Bieszczadzki;PSG w Krościenku;;Ukraina;Alkohol;Wódka;400,00;;litr;10,0000;Straż Graniczna
10.04.2025 09:32:00;wewnątrz kraju;strefa;Warmińsko-Mazurski;PSG w Gołdapi;;Rosja;Papierosy;Papierosy;1687,08;;szt.;1920,0000;Straż Graniczna
10.04.2025 12:00:00;wewnątrz kraju;kraj;Bieszczadzki;Bieszczadzki;;wewnątrz kraju;Pojazdy;Osobowy;55500,00;Dacia Sander III;szt.;1,0000;Policja | SG
29.03.2025 03:30:00;Do RP;przejście;Nadbużański;PSG w Terespolu;Terespol - Brześć;Białoruś;Papierosy;Papierosy;2073,71;;szt.;2360,0000;Straż Graniczna
10.04.2025 10:15:00;wewnątrz kraju;strefa;Nadbużański;PSG w Hrebennem;;Ukraina;Papierosy;Papierosy;720,53;;szt.;820,0000;KAS | SG
10.04.2025 15:00:00;wewnątrz kraju;strefa;Podlaski;PSG w Bobrownikach;;Białoruś;Papierosy;Papierosy;26343,13;;szt.;29980,0000;Straż Graniczna
10.04.2025 11:45:00;wewnątrz kraju;kraj;Bieszczadzki;PSG w Rzeszowie–Jasionce;;wewnątrz kraju;Narkotyki;Haszysz;490,00;;kg;0,0098;Policja | SG
10.04.2025 11:45:00;wewnątrz kraju;kraj;Bieszczadzki;PSG w Rzeszowie–Jasionce;;wewnątrz kraju;Narkotyki;Inne;1995,00;mefedron;kg;0,0399;Policja | SG
10.04.2025 22:15:00;Z RP;przejście;Bieszczadzki;PSG w Korczowej;Korczowa - Krakowiec;Ukraina;Pojazdy;Inny;1000,00;Hulajnoga elektryczna marki KSR Doc Green E-Scooter ESA 800, figurująca w bazie SIS-R (art. 38 rozporządzenia (UE) 1862/2018) oraz INTERPOL, jako skradziona na terytorium Niemiec.;szt.;1,0000;Straż Graniczna
10.04.2025 22:15:00;Z RP;przejście;Bieszczadzki;PSG w Korczowej;Korczowa - Krakowiec;Ukraina;Pojazdy;Inny;1600,00;Hulajnoga elektryczna marki XIAOMI Electric Scooter 3, figurująca w bazie SIS-R (art. 38 rozporządzenia (UE) 1862/2018) oraz INTERPOL, jako skradziona na terytorium Niemiec.;szt.;1,0000;Straż Graniczna
11.04.2025 05:20:00;Do RP;przejście;Bieszczadzki;PSG w Korczowej;Korczowa - Krakowiec;Ukraina;Papierosy;Papierosy;4393,45;250 paczek papierosów (5000 szt.) różnych marek - bez znaków akcyzy skarbowej MF RP.;szt.;5000,0000;Straż Graniczna
11.04.2025 13:00:00;Z RP;przejście;Nadbużański;PSG w Hrebennem;Hrebenne - Rawa Ruska;Ukraina;Pojazdy;Inny;2000,00;rower marki ROCKRIDER ST120 SPORTTRIAL  o nr 000001555645, 0777122   kolor CZARNY ;szt.;1,0000;Straż Graniczna
11.04.2025 05:00:00;Z RP;przejście;Nadodrzański;PSG w Poznaniu-Ławicy;Poznań-Ławica;lotnicza;Papierosy;Papierosy;702,95;Marlboro;szt.;800,0000;Straż Graniczna
11.04.2025 08:30:00;Do RP;przejście;Nadbużański;PSG w Dołhobyczowie;Dołhobyczów - Uhrynów;Ukraina;Inne;Inne;120,00;Ikra z jesiotra;szt.;6,0000;KAS | SG
11.04.2025 08:30:00;Do RP;przejście;Nadbużański;PSG w Dołhobyczowie;Dołhobyczów - Uhrynów;Ukraina;Inne;Inne;150,00;tabletki Zolotyj Konik;szt.;300,0000;KAS | SG
11.04.2025 17:30:00;Do RP;przejście;Nadbużański;PSG w Hrebennem;Hrebenne - Rawa Ruska;Ukraina;Tytoń;Tytoń do palenia (wkłady);;ujawniono  26,5 g produktów nowatorskich ( TEREA ) o wartości 17,17 zł, uszczuplenia celne 42 zł.;kg;0,0265;Straż Graniczna
11.04.2025 19:57:00;wewnątrz kraju;kraj;Nadodrzański;PSG w Zgorzelcu;;wewnątrz kraju;Papierosy;Papierosy;404197,40;FEST;szt.;460000,0000;SC | SC | SG
11.04.2025 19:20:00;Do RP;przejście;Bieszczadzki;PSG w Lubaczowie;Budomierz - Hruszew;Ukraina;Broń;Inna;1000,00;Paralizator elektryczny;szt.;1,0000;Straż Graniczna
12.04.2025 00:46:00;Z RP;przejście;Bieszczadzki;PSG w Medyce;Medyka - Szeginie;Ukraina;Inne;Inne;3500,00;Rower elektryczny marki PROPHETE;szt.;1,0000;Straż Graniczna
12.04.2025 03:35:00;Do RP;przejście;Nadbużański;PSG w Dorohusku;Dorohusk - Jagodzin;Ukraina;Papierosy;Papierosy;263,61;;szt.;300,0000;SC | SG
12.04.2025 09:25:00;Z RP;przejście;Bieszczadzki;PSG w Korczowej;Korczowa - Krakowiec;Ukraina;Pojazdy;Osobowy;160000,00;Mercedes;szt.;1,0000;Straż Graniczna
12.04.2025 07:45:00;wewnątrz kraju;kraj;Bieszczadzki;PSG w Rzeszowie–Jasionce;Rzeszów-Jasionka;wewnątrz kraju;Amunicja;Ostra;5,00;dwie sztuki amunicji ostrej o kal.: 7.62x45 oraz 5.45x39;szt.;2,0000;Straż Graniczna
12.04.2025 11:00:00;wewnątrz kraju;strefa;Nadodrzański;PSG w Kłodzku;;Czechy;Papierosy;Papierosy;4129,84;papierosy;szt.;4700,0000;SC | SG
12.04.2025 11:00:00;wewnątrz kraju;strefa;Nadodrzański;PSG w Kłodzku;;Czechy;Papierosy;Papierosy;76094,55;papierosy bez polskich znaków akcyzy;szt.;86600,0000;SC | SG
12.04.2025 11:00:00;wewnątrz kraju;strefa;Nadodrzański;PSG w Kłodzku;;Czechy;Tytoń;krajanka tytoniowa;4008,90;krajanka;kg;6,0000;SC | SG
13.04.2025 00:30:00;Z RP;przejście;Nadbużański;PSG w Hrubieszowie;Zosin - Ustiług;Ukraina;Pojazdy;Osobowy;20000,00;TOYOTA CAMRY, nr VIN JTNBE40K503156337;szt.;1,0000;Straż Graniczna
13.04.2025 02:25:00;Z RP;przejście;Bieszczadzki;PSG w Korczowej;Korczowa - Krakowiec;Ukraina;Pojazdy;Osobowy;50000,00;Mercedes sprinter;szt.;1,0000;Straż Graniczna
12.04.2025 17:00:00;Do RP;przejście;Nadbużański;PSG w Terespolu;Terespol - Brześć;Białoruś;Inne;Inne;150,00;produkty pochodzenia roślinnego;kg;10,0000;KAS | SG
12.04.2025 17:00:00;Do RP;przejście;Nadbużański;PSG w Terespolu;Terespol - Brześć;Białoruś;Papierosy;Papierosy;158,16;;szt.;180,0000;KAS | SG
13.04.2025 07:29:00;Do RP;przejście;Nadbużański;PSG w Dorohusku;Dorohusk - Jagodzin;Ukraina;Papierosy;Papierosy;70,30;;szt.;80,0000;Straż Graniczna
13.04.2025 07:36:00;Do RP;przejście;Nadbużański;PSG w Dorohusku;Dorohusk - Jagodzin;Ukraina;Papierosy;Papierosy;188,92;;szt.;215,0000;Straż Graniczna
13.04.2025 04:04:00;Z RP;przejście;Bieszczadzki;PSG w Lubaczowie;Budomierz - Hruszew;Ukraina;Inne;Inne;40,00;ukraińskie tablice rejestracyjne pojazdu o nr AX3576KI;szt.;2,0000;Straż Graniczna
13.04.2025 08:30:00;Do RP;przejście;Nadbużański;PSG w Dorohusku;Dorohusk - Jagodzin;Ukraina;Papierosy;Papierosy;254,82;WNIOSEK 137;szt.;290,0000;Straż Graniczna
13.04.2025 08:30:00;Do RP;przejście;Nadbużański;PSG w Dorohusku;Dorohusk - Jagodzin;Ukraina;Alkohol;Wódka;24,70;WNIOSEK 137;litr;1,9000;Straż Graniczna
13.04.2025 08:30:00;Do RP;przejście;Nadbużański;PSG w Dorohusku;Dorohusk - Jagodzin;Ukraina;Papierosy;Papierosy;105,44;wniosek 138;szt.;120,0000;Straż Graniczna
13.04.2025 07:25:00;Do RP;przejście;Bieszczadzki;PSG w Medyce;Medyka - Szeginie;Ukraina;Amunicja;Ostra;1,00;Amunicja pistoletowe o oznaczeniu 81,070;szt.;1,0000;Straż Graniczna
13.04.2025 07:25:00;Do RP;przejście;Bieszczadzki;PSG w Medyce;Medyka - Szeginie;Ukraina;Amunicja;Ostra;1,00;Amunicja pistoletowe o oznaczeniu 81,070;szt.;1,0000;Straż Graniczna
13.04.2025 08:36:00;Z RP;przejście;Nadwiślański;PSG w Warszawie-Okęciu;Warszawa-Okęcie;lotnicza;Amunicja;Ostra;;o oznaczeniu „308 WIN WOLF.”. ;szt.;1,0000;Straż Graniczna
13.04.2025 08:30:00;Do RP;przejście;Nadbużański;PSG w Dorohusku;Dorohusk - Jagodzin;Ukraina;Papierosy;Papierosy;35,15;WNIOSEK 139;szt.;40,0000;Straż Graniczna
13.04.2025 08:30:00;Do RP;przejście;Nadbużański;PSG w Dorohusku;Dorohusk - Jagodzin;Ukraina;Papierosy;Papierosy;52,72;WNIOSEK 140;szt.;60,0000;Straż Graniczna
13.04.2025 08:30:00;Do RP;przejście;Nadbużański;PSG w Dorohusku;Dorohusk - Jagodzin;Ukraina;Papierosy;Papierosy;137,95;wniosek 141;szt.;157,0000;Straż Graniczna
13.04.2025 07:40:00;Do RP;przejście;Bieszczadzki;PSG w Medyce;Medyka - Szeginie;Ukraina;Papierosy;Papierosy;175,74;Winston;szt.;200,0000;Straż Graniczna
13.04.2025 11:59:00;Z RP;przejście;Bieszczadzki;PSG w Lubaczowie;Budomierz - Hruszew;Ukraina;Pojazdy;Inny;12000,00;przyczepa marki STIM model L22 o nr rej. CTP502854 VIN SYAL22HK0R0001992;szt.;1,0000;Straż Graniczna
13.04.2025 14:00:00;Do RP;przejście;Bieszczadzki;PSG w Medyce;Medyka - Szeginie;Ukraina;Papierosy;Papierosy;140,59;Marlboro;szt.;160,0000;Straż Graniczna
13.04.2025 14:50:00;Do RP;przejście;Nadbużański;PSG w Terespolu;Terespol - Brześć;Białoruś;Papierosy;Papierosy;527,21;;szt.;600,0000;KAS | SG
13.04.2025 18:30:00;Z RP;przejście;Bieszczadzki;PSG w Korczowej;Korczowa - Krakowiec;Ukraina;Pojazdy;Osobowy;90000,00;;szt.;1,0000;Straż Graniczna
13.04.2025 18:00:00;Z RP;przejście;Bieszczadzki;PSG w Medyce;Medyka - Szeginie;Ukraina;Pojazdy;Osobowy;335000,00;Audi A5 Avant;szt.;1,0000;Straż Graniczna
13.04.2025 18:00:00;Z RP;przejście;Bieszczadzki;PSG w Medyce;Medyka - Szeginie;Ukraina;Narkotyki;Marihuana;298,13;Susz roślinny koloru zielono-brązowego;kg;0,0062;Straż Graniczna
13.04.2025 10:00:00;wewnątrz kraju;kraj;Nadodrzański;PSG w Świecku;;wewnątrz kraju;Inne;Inne;132550,00;odzież w ilości 550szt;szt.;1,0000;Straż Graniczna
13.04.2025 10:00:00;wewnątrz kraju;kraj;Nadodrzański;PSG w Świecku;;wewnątrz kraju;Inne;Inne;572150,00;obuwie - 1607 par;szt.;1,0000;Straż Graniczna
07.03.2025 16:27:00;wewnątrz kraju;strefa;Podlaski;PSG w Bobrownikach;;Białoruś;Pojazdy;Osobowy;65000,00;;szt.;1,0000;Straż Graniczna
14.04.2025 08:56:00;wewnątrz kraju;kraj;Nadbużański;PSG w Hrubieszowie;;wewnątrz kraju;Pojazdy;Osobowy;60000,00;TOYOTA AURIS numer rejestracyjny LU481JK  rok produkcji 2018 numer VIN:SB1M53JE20E411981 ;szt.;1,0000;Policja
11.04.2025 23:00:00;Do RP;przejście;Nadbużański;PSG w Hrebennem;Hrebenne - Rawa Ruska;Ukraina;Papierosy;Papierosy;140,59;ujawniono 160szt. papierosów - uszczuplenia celne 228,00zł ;szt.;160,0000;SC | SG
11.04.2025 23:00:00;Do RP;przejście;Nadbużański;PSG w Hrebennem;Hrebenne - Rawa Ruska;Ukraina;Inne;Inne;39900,00;4 butle z gazem (czynnikiem chłodniczym) o wadze 159,6 kg.;kg;159,6000;SC | SG
14.04.2025 09:00:00;Do RP;przejście;Bieszczadzki;PSG w Korczowej;Korczowa - Krakowiec;Ukraina;Amunicja;Ostra;1,49;5,45 x 39 mm;szt.;1,0000;Straż Graniczna
14.04.2025 07:00:00;Do RP;przejście;Nadbużański;PSG w Terespolu;Terespol - Brześć;Białoruś;Inne;Inne;6400,00;perfumy;szt.;80,0000;KAS | SG
14.04.2025 08:00:00;Do RP;przejście;Nadbużański;PSG w Terespolu;Kukuryki - Kozłowiczy;Białoruś;Papierosy;Papierosy;351,48;papierosy winston;szt.;400,0000;Straż Graniczna
14.04.2025 14:18:00;wewnątrz kraju;strefa;Podlaski;PSG w Nowym Dworze;;Białoruś;Papierosy;Papierosy;140,59;Queen Menthol;szt.;160,0000;Straż Graniczna
14.04.2025 06:50:00;wewnątrz kraju;kraj;Nadbużański;PSG w Sławatyczach;;wewnątrz kraju;Narkotyki;Inne;841,50;susz roślinny prawdopodobnie marihuana;kg;0,0187;Straż Graniczna
15.04.2025 08:25:00;Do RP;przejście;Nadbużański;PSG w Dorohusku;Dorohusk - Jagodzin;Ukraina;Papierosy;Papierosy;123,02;;szt.;140,0000;KAS | SG
15.04.2025 10:55:00;wewnątrz kraju;przejście;Bieszczadzki;PSG w Hermanowicach;Malhowice - Niżankowice;Ukraina;Papierosy;Papierosy;8206,96;;szt.;9340,0000;Straż Graniczna
15.04.2025 10:55:00;wewnątrz kraju;przejście;Bieszczadzki;PSG w Hermanowicach;Malhowice - Niżankowice;Ukraina;Alkohol;Wódka;220,00;;litr;5,5000;Straż Graniczna
15.04.2025 09:18:00;Do RP;przejście;Nadbużański;PSG w Hrubieszowie;Zosin - Ustiług;Ukraina;Papierosy;Papierosy;35,15;;szt.;40,0000;Straż Graniczna
15.04.2025 09:15:00;Z RP;przejście;Nadwiślański;PSG w Warszawie-Modlinie;Warszawa/Modlin;lotnicza;Amunicja;Ostra;;43709;szt.;1,0000;Straż Graniczna
15.04.2025 09:00:00;wewnątrz kraju;kraj;Nadbużański;PSG w Hrubieszowie;;wewnątrz kraju;Inne;Podzespoły samochodowe;130000,00;;szt.;25,0000;Policja | SG
15.04.2025 15:55:00;wewnątrz kraju;strefa;Podlaski;PSG w Nowym Dworze;;Białoruś;Papierosy;Papierosy;8400,28;Minsk Superslims;szt.;9560,0000;Straż Graniczna
15.04.2025 06:10:00;wewnątrz kraju;kraj;Warmińsko-Mazurski;PSG w Gołdapi;;wewnątrz kraju;Narkotyki;Marihuana;487266,40;;kg;12,1817;Straż Graniczna
15.04.2025 06:10:00;wewnątrz kraju;kraj;Warmińsko-Mazurski;PSG w Gołdapi;;wewnątrz kraju;Waluta;Złoty - PLN;59870,00;;szt.;59870,0000;Straż Graniczna
15.04.2025 06:10:00;wewnątrz kraju;kraj;Warmińsko-Mazurski;PSG w Gołdapi;;wewnątrz kraju;Waluta;Euro - EUR;4704,37;;szt.;1100,0000;Straż Graniczna
16.04.2025 07:46:00;Do RP;przejście;Nadbużański;PSG w Terespolu;Terespol - Brześć;Białoruś;Papierosy;Papierosy;702,95;;szt.;800,0000;Straż Graniczna
16.04.2025 10:15:00;Do RP;przejście;Bieszczadzki;PSG w Korczowej;Korczowa - Krakowiec;Ukraina;Amunicja;Ostra;2,50;amunicja ostra;szt.;1,0000;Straż Graniczna
16.04.2025 08:39:00;Z RP;przejście;Bieszczadzki;PSG w Medyce;Medyka - Szeginie;Ukraina;Pojazdy;Osobowy;50000,00;ingerencja w pole nr VIN;szt.;1,0000;Straż Graniczna
16.04.2025 10:00:00;wewnątrz kraju;kraj;Nadbużański;PSG w Dołhobyczowie;;wewnątrz kraju;Papierosy;Papierosy;527,21;Davidoff Gold ;szt.;600,0000;KAS | SG | SG
16.04.2025 10:00:00;wewnątrz kraju;kraj;Nadbużański;PSG w Dołhobyczowie;;wewnątrz kraju;Papierosy;Papierosy;369,05;;szt.;420,0000;KAS | SG | SG
16.04.2025 10:00:00;wewnątrz kraju;kraj;Nadbużański;PSG w Dołhobyczowie;;wewnątrz kraju;Inne;Inne;;gilzy marki DARK HORSE czerwone ;szt.;16000,0000;KAS | SG | SG
16.04.2025 10:00:00;wewnątrz kraju;kraj;Nadbużański;PSG w Dołhobyczowie;;wewnątrz kraju;Inne;Inne;;gilzy marki DARK HORSE zielone ;szt.;8000,0000;KAS | SG | SG
16.04.2025 10:00:00;wewnątrz kraju;kraj;Nadbużański;PSG w Dołhobyczowie;;wewnątrz kraju;Papierosy;Papierosy;1757,38;ROTHMANS of LONDON ;szt.;2000,0000;KAS | SG | SG
16.04.2025 10:00:00;wewnątrz kraju;kraj;Nadbużański;PSG w Dołhobyczowie;;wewnątrz kraju;Papierosy;Papierosy;3514,76;papierosy luzem zapakowane w woreczki strunowe ;szt.;4000,0000;KAS | SG | SG
16.04.2025 10:00:00;wewnątrz kraju;kraj;Nadbużański;PSG w Dołhobyczowie;;wewnątrz kraju;Papierosy;Papierosy;351,48;MARLBORO;szt.;400,0000;KAS | SG | SG
16.04.2025 10:00:00;wewnątrz kraju;kraj;Nadbużański;PSG w Dołhobyczowie;;wewnątrz kraju;Papierosy;Papierosy;351,48;;szt.;400,0000;KAS | SG | SG
16.04.2025 10:00:00;wewnątrz kraju;kraj;Nadbużański;PSG w Dołhobyczowie;;wewnątrz kraju;Papierosy;Papierosy;893,63;MARLBORO GOLD ;szt.;1017,0000;KAS | SG | SG
16.04.2025 10:00:00;wewnątrz kraju;kraj;Nadbużański;PSG w Dołhobyczowie;;wewnątrz kraju;Papierosy;Papierosy;16,70;MARLBORO;szt.;19,0000;KAS | SG | SG
16.04.2025 10:00:00;wewnątrz kraju;kraj;Nadbużański;PSG w Dołhobyczowie;;wewnątrz kraju;Papierosy;Papierosy;404,20;RICHMOND;szt.;460,0000;KAS | SG | SG
16.04.2025 10:00:00;wewnątrz kraju;kraj;Nadbużański;PSG w Dołhobyczowie;;wewnątrz kraju;Papierosy;Papierosy;175,74;NZ;szt.;200,0000;KAS | SG | SG
16.04.2025 10:00:00;wewnątrz kraju;kraj;Nadbużański;PSG w Dołhobyczowie;;wewnątrz kraju;Papierosy;Papierosy;35,15;PLATINIUM SEVEN;szt.;40,0000;KAS | SG | SG
16.04.2025 10:00:00;wewnątrz kraju;kraj;Nadbużański;PSG w Dołhobyczowie;;wewnątrz kraju;Papierosy;Papierosy;3,51;BLACK GALLEON;szt.;4,0000;KAS | SG | SG
16.04.2025 10:00:00;wewnątrz kraju;kraj;Nadbużański;PSG w Dołhobyczowie;;wewnątrz kraju;Papierosy;Papierosy;7,91;AMERICAN RED ;szt.;9,0000;KAS | SG | SG
16.04.2025 10:00:00;wewnątrz kraju;kraj;Nadbużański;PSG w Dołhobyczowie;;wewnątrz kraju;Papierosy;Papierosy;12,30;DOVE MENTHOL ;szt.;14,0000;KAS | SG | SG
16.04.2025 10:00:00;wewnątrz kraju;kraj;Nadbużański;PSG w Dołhobyczowie;;wewnątrz kraju;Tytoń;krajanka tytoniowa;7420,47;;kg;11,1060;KAS | SG | SG
16.04.2025 10:00:00;wewnątrz kraju;kraj;Nadbużański;PSG w Dołhobyczowie;;wewnątrz kraju;Papierosy;Papierosy;1195,02;NZ;szt.;1360,0000;KAS | SG | SG
16.04.2025 10:00:00;wewnątrz kraju;kraj;Nadbużański;PSG w Dołhobyczowie;;wewnątrz kraju;Papierosy;Papierosy;878,69;ROTHMANS;szt.;1000,0000;KAS | SG | SG
16.04.2025 10:00:00;wewnątrz kraju;kraj;Nadbużański;PSG w Dołhobyczowie;;wewnątrz kraju;Papierosy;Papierosy;175,74;MIŃSK ;szt.;200,0000;KAS | SG | SG
16.04.2025 10:00:00;wewnątrz kraju;kraj;Nadbużański;PSG w Dołhobyczowie;;wewnątrz kraju;Papierosy;Papierosy;175,74;GOLD MOUNT ;szt.;200,0000;KAS | SG | SG
16.04.2025 10:00:00;wewnątrz kraju;kraj;Nadbużański;PSG w Dołhobyczowie;;wewnątrz kraju;Papierosy;Papierosy;2952,40;MARLBORO;szt.;3360,0000;KAS | SG | SG
16.04.2025 10:00:00;wewnątrz kraju;kraj;Nadbużański;PSG w Dołhobyczowie;;wewnątrz kraju;Papierosy;Papierosy;70,30;ROYAL;szt.;80,0000;KAS | SG | SG
16.04.2025 10:00:00;wewnątrz kraju;kraj;Nadbużański;PSG w Dołhobyczowie;;wewnątrz kraju;Papierosy;Papierosy;17,57;KOPOHA ;szt.;20,0000;KAS | SG | SG
16.04.2025 10:00:00;wewnątrz kraju;kraj;Nadbużański;PSG w Dołhobyczowie;;wewnątrz kraju;Papierosy;Papierosy;17,57;PLATINIUM ;szt.;20,0000;KAS | SG | SG
16.04.2025 10:00:00;wewnątrz kraju;kraj;Nadbużański;PSG w Dołhobyczowie;;wewnątrz kraju;Papierosy;Papierosy;158,16;ABHIMA;szt.;180,0000;KAS | SG | SG
16.04.2025 10:00:00;wewnątrz kraju;kraj;Nadbużański;PSG w Dołhobyczowie;;wewnątrz kraju;Papierosy;Papierosy;175,74;LIOTA;szt.;200,0000;KAS | SG | SG
16.04.2025 10:00:00;wewnątrz kraju;kraj;Nadbużański;PSG w Dołhobyczowie;;wewnątrz kraju;Papierosy;Papierosy;395,41;PASSAGE;szt.;450,0000;KAS | SG | SG
16.04.2025 10:00:00;wewnątrz kraju;kraj;Nadbużański;PSG w Dołhobyczowie;;wewnątrz kraju;Papierosy;Papierosy;1405,90;KANSAS;szt.;1600,0000;KAS | SG | SG
16.04.2025 10:00:00;wewnątrz kraju;kraj;Nadbużański;PSG w Dołhobyczowie;;wewnątrz kraju;Papierosy;Papierosy;35,15;OK;szt.;40,0000;KAS | SG | SG
16.04.2025 10:00:00;wewnątrz kraju;kraj;Nadbużański;PSG w Dołhobyczowie;;wewnątrz kraju;Papierosy;Papierosy;17,57;LM;szt.;20,0000;KAS | SG | SG
16.04.2025 10:00:00;wewnątrz kraju;kraj;Nadbużański;PSG w Dołhobyczowie;;wewnątrz kraju;Papierosy;Papierosy;58696,49;RICHMAN;szt.;66800,0000;KAS | SG | SG
16.04.2025 10:00:00;wewnątrz kraju;kraj;Nadbużański;PSG w Dołhobyczowie;;wewnątrz kraju;Papierosy;Papierosy;26360,70;;szt.;30000,0000;KAS | SG | SG
16.04.2025 10:00:00;wewnątrz kraju;kraj;Nadbużański;PSG w Dołhobyczowie;;wewnątrz kraju;Papierosy;Papierosy;6326,57;MARLBORO czerwone ;szt.;7200,0000;KAS | SG | SG
16.04.2025 10:00:00;wewnątrz kraju;kraj;Nadbużański;PSG w Dołhobyczowie;;wewnątrz kraju;Papierosy;Papierosy;6642,90;NZ;szt.;7560,0000;KAS | SG | SG
16.04.2025 10:00:00;wewnątrz kraju;kraj;Nadbużański;PSG w Dołhobyczowie;;wewnątrz kraju;Papierosy;Papierosy;1581,64;DAVIDOFF;szt.;1800,0000;KAS | SG | SG
16.04.2025 10:00:00;wewnątrz kraju;kraj;Nadbużański;PSG w Dołhobyczowie;;wewnątrz kraju;Papierosy;Papierosy;3163,28;MARLBORO Gold ;szt.;3600,0000;KAS | SG | SG
16.04.2025 10:00:00;wewnątrz kraju;kraj;Nadbużański;PSG w Dołhobyczowie;;wewnątrz kraju;Papierosy;Papierosy;39892,53;MARLBORO czerwone;szt.;45400,0000;KAS | SG | SG
16.04.2025 10:00:00;wewnątrz kraju;kraj;Nadbużański;PSG w Dołhobyczowie;;wewnątrz kraju;Papierosy;Papierosy;1933,12;MARLBORO Gold;szt.;2200,0000;KAS | SG | SG
16.04.2025 10:00:00;wewnątrz kraju;kraj;Nadbużański;PSG w Dołhobyczowie;;wewnątrz kraju;Papierosy;Papierosy;17959,54;bez nazwy;szt.;20439,0000;KAS | SG | SG
16.04.2025 15:33:00;Do RP;przejście;Nadbużański;PSG w Terespolu;Kukuryki - Kozłowiczy;Białoruś;Papierosy;Papierosy;738,10;papierosy marki KING;szt.;840,0000;Straż Graniczna
16.04.2025 15:30:00;Z RP;przejście;Nadbużański;PSG w Terespolu;Terespol - Brześć;Białoruś;Pojazdy;Osobowy;45000,00;Volkswagen Caddy, kolor czarny, rok produkcji 2019;szt.;1,0000;Straż Graniczna
16.04.2025 19:15:00;Z RP;przejście;Bieszczadzki;PSG w Rzeszowie–Jasionce;Rzeszów-Jasionka;lotnicza;Amunicja;Ostra;1,50;jedna szt. amunicji ostrej kal. 5,56 NATO;szt.;1,0000;Straż Graniczna
17.04.2025 10:50:00;Do RP;przejście;Bieszczadzki;PSG w Korczowej;Korczowa - Krakowiec;Ukraina;Broń;Inna;100,00;KASTET;szt.;1,0000;Straż Graniczna
17.04.2025 10:45:00;wewnątrz kraju;strefa;Warmińsko-Mazurski;PSG w Braniewie;;Rosja;Tytoń;krajanka tytoniowa;11458,77;;kg;17,1500;Straż Graniczna
17.04.2025 14:31:00;wewnątrz kraju;kraj;Nadodrzański;PSG w Zielonej Górze-Babimoście;;wewnątrz kraju;Narkotyki;Marihuana;9,20;;kg;0,0002;Straż Graniczna
17.04.2025 16:14:00;wewnątrz kraju;strefa;Nadbużański;PSG w Białej Podlaskiej;;Białoruś;Narkotyki;Kokaina;156,00;kokaina;kg;0,0004;Straż Graniczna
17.04.2025 19:00:00;Do RP;przejście;Nadbużański;PSG w Terespolu;Terespol - Brześć;Białoruś;Papierosy;Papierosy;527,21;;szt.;600,0000;KAS | SG
17.04.2025 19:00:00;Do RP;przejście;Nadbużański;PSG w Terespolu;Terespol - Brześć;Białoruś;Inne;Inne;106,00;produkty pochodzenia zwierzęcego;kg;5,3000;KAS | SG
17.04.2025 17:45:00;Do RP;przejście;Nadbużański;PSG w Dołhobyczowie;Dołhobyczów - Uhrynów;Ukraina;Inne;Inne;70,00;środek ochrony roślin ROVNDUP;litr;1,0000;Straż Graniczna
17.04.2025 17:45:00;Do RP;przejście;Nadbużański;PSG w Dołhobyczowie;Dołhobyczów - Uhrynów;Ukraina;Inne;Inne;70,00;środek ochrony roślin NEPALM ;litr;1,0000;Straż Graniczna
17.04.2025 20:30:00;Do RP;przejście;Nadbużański;PSG w Dorohusku;Dorohusk - Jagodzin;Ukraina;Papierosy;Papierosy;158,16;;szt.;180,0000;SC | SG
18.04.2025 07:13:00;wewnątrz kraju;strefa;Podlaski;PSG w Bobrownikach;;Białoruś;Papierosy;Papierosy;13180,35;;szt.;15000,0000;Straż Graniczna
18.04.2025 03:29:00;wewnątrz kraju;strefa;Podlaski;PSG w Nowym Dworze;;Białoruś;Papierosy;Papierosy;65023,06;Mińsk Superslims;szt.;74000,0000;Straż Graniczna
18.04.2025 03:29:00;wewnątrz kraju;strefa;Podlaski;PSG w Nowym Dworze;;Białoruś;Papierosy;Papierosy;3514,76;NZ Gold;szt.;4000,0000;Straż Graniczna
18.04.2025 03:29:00;wewnątrz kraju;strefa;Podlaski;PSG w Nowym Dworze;;Białoruś;Papierosy;Papierosy;26360,70;Queen Menthol;szt.;30000,0000;Straż Graniczna
18.04.2025 09:15:00;Z RP;przejście;Nadbużański;PSG w Dołhobyczowie;Dołhobyczów - Uhrynów;Ukraina;Pojazdy;Osobowy;20000,00;Volkswagen passat;szt.;1,0000;Straż Graniczna
18.04.2025 11:35:00;Do RP;przejście;Nadbużański;PSG w Dorohusku;Dorohusk - Jagodzin;Ukraina;Papierosy;Papierosy;52,72;WNIOSEK NR 144;szt.;60,0000;Straż Graniczna
18.04.2025 11:45:00;Do RP;przejście;Nadbużański;PSG w Dorohusku;Dorohusk - Jagodzin;Ukraina;Papierosy;Papierosy;70,30;wniosek nr 145;szt.;80,0000;Straż Graniczna
18.04.2025 11:55:00;Do RP;przejście;Nadbużański;PSG w Dorohusku;Dorohusk - Jagodzin;Ukraina;Papierosy;Papierosy;228,46;WNIOSEK NR 146;szt.;260,0000;Straż Graniczna
18.04.2025 12:05:00;Do RP;przejście;Nadbużański;PSG w Dorohusku;Dorohusk - Jagodzin;Ukraina;Papierosy;Papierosy;70,30;WNIOSEK NR 147;szt.;80,0000;Straż Graniczna
18.04.2025 12:15:00;Do RP;przejście;Nadbużański;PSG w Dorohusku;Dorohusk - Jagodzin;Ukraina;Papierosy;Papierosy;87,87;WNIOSEK NR 148;szt.;100,0000;Straż Graniczna
18.04.2025 12:00:00;Do RP;przejście;Nadbużański;PSG w Dołhobyczowie;Dołhobyczów - Uhrynów;Ukraina;Narkotyki;Marihuana;8,80;;kg;0,0002;Straż Graniczna
18.04.2025 08:10:00;Do RP;przejście;Nadbużański;PSG w Dorohusku;Dorohusk - Jagodzin;Ukraina;Inne;Inne;45,00;produkty pochodzenia zwierzęcego;kg;4,5000;KAS | SG
18.04.2025 12:20:00;Do RP;przejście;Nadbużański;PSG w Dorohusku;Dorohusk - Jagodzin;Ukraina;Papierosy;Papierosy;35,15;WNIOSEK NR 149;szt.;40,0000;Straż Graniczna
18.04.2025 12:30:00;Do RP;przejście;Nadbużański;PSG w Dorohusku;Dorohusk - Jagodzin;Ukraina;Papierosy;Papierosy;87,87;WNIOSEK NR 150;szt.;100,0000;Straż Graniczna
18.04.2025 12:35:00;Do RP;przejście;Nadbużański;PSG w Dorohusku;Dorohusk - Jagodzin;Ukraina;Papierosy;Papierosy;65,02;WNIOSEK NR 143;szt.;74,0000;Straż Graniczna
18.04.2025 12:59:00;Z RP;przejście;Bieszczadzki;PSG w Lubaczowie;Budomierz - Hruszew;Ukraina;Pojazdy;Osobowy;10000,00;WV T4 r.prod. 1998;szt.;1,0000;Straż Graniczna
18.04.2025 16:40:00;wewnątrz kraju;kraj;Nadbużański;PSG w Hrubieszowie;;wewnątrz kraju;Pojazdy;Motocykl;7700,00;Piaggio Vespa MP3;szt.;1,0000;Policja | SG
18.04.2025 13:00:00;Z RP;strefa;Nadodrzański;PSG w Świecku;;Niemcy;Narkotyki;Amfetamina;1140,00;;kg;0,0285;Straż Graniczna
18.04.2025 18:00:00;wewnątrz kraju;strefa;Nadbużański;PSG w Białej Podlaskiej;;Białoruś;Narkotyki;Inne;;Kapsułki w kolorze biało-brązowym oraz jasno-żółtym;szt.;17,0000;Straż Graniczna
19.04.2025 06:50:00;Do RP;strefa;Podlaski;PSG w Czeremsze;;Białoruś;Papierosy;Papierosy;8786,90;Minsk Super Slim;szt.;10000,0000;Straż Graniczna
19.04.2025 06:50:00;Do RP;strefa;Podlaski;PSG w Czeremsze;;Białoruś;Papierosy;Papierosy;17573,80;;szt.;20000,0000;Straż Graniczna
19.04.2025 08:34:00;Do RP;strefa;Podlaski;PSG w Czeremsze;;Białoruś;Papierosy;Papierosy;26360,70;NZ Black;szt.;30000,0000;Straż Graniczna
19.04.2025 09:17:00;Do RP;strefa;Podlaski;PSG w Czeremsze;;Białoruś;Papierosy;Papierosy;8786,90;Minsk Super Slim;szt.;10000,0000;Straż Graniczna
19.04.2025 09:17:00;Do RP;strefa;Podlaski;PSG w Czeremsze;;Białoruś;Papierosy;Papierosy;17573,80;;szt.;20000,0000;Straż Graniczna
19.04.2025 09:25:00;Do RP;strefa;Podlaski;PSG w Czeremsze;;Białoruś;Papierosy;Papierosy;8786,90;Minsk Super Slim ;szt.;10000,0000;Straż Graniczna
19.04.2025 09:25:00;Do RP;strefa;Podlaski;PSG w Czeremsze;;Białoruś;Papierosy;Papierosy;8786,90;NZ Black;szt.;10000,0000;Straż Graniczna
19.04.2025 09:25:00;Do RP;strefa;Podlaski;PSG w Czeremsze;;Białoruś;Papierosy;Papierosy;8786,90;NZ Gold;szt.;10000,0000;Straż Graniczna
19.04.2025 09:32:00;Do RP;strefa;Podlaski;PSG w Czeremsze;;Białoruś;Papierosy;Papierosy;26325,55;;szt.;29960,0000;Straż Graniczna
19.04.2025 11:00:00;Do RP;strefa;Podlaski;PSG w Czeremsze;;Białoruś;Papierosy;Papierosy;8786,90;;szt.;10000,0000;Straż Graniczna
19.04.2025 11:00:00;Do RP;strefa;Podlaski;PSG w Czeremsze;;Białoruś;Papierosy;Papierosy;17573,80;NZ Black;szt.;20000,0000;Straż Graniczna
19.04.2025 18:04:00;Z RP;przejście;Śląski;PSG w Katowicach-Pyrzowicach;Katowice-Pyrzowice;lotnicza;Narkotyki;Marihuana;52,25;ziele konopii inne niż włókniste;kg;0,0010;Straż Graniczna
19.04.2025 19:36:00;Z RP;przejście;Bieszczadzki;PSG w Rzeszowie–Jasionce;Rzeszów-Jasionka;lotnicza;Amunicja;Ostra;6,00;"kal. 7.62, oznaczenie na dnie łuski ""270 И""";szt.;2,0000;Straż Graniczna
20.04.2025 01:40:00;Do RP;przejście;Nadbużański;PSG w Terespolu;Terespol - Brześć;Białoruś;Inne;Inne;140,00;produkty pochodzenia roślinnego;kg;7,0000;Straż Graniczna
22.04.2025 06:00:00;Z RP;przejście;Nadbużański;PSG w Terespolu;Terespol - Brześć;Białoruś;Pojazdy;Osobowy;100000,00; marki VOLKSWAGEN KOMBI 7HC,  nr rej. MWE166, nr VIN samochodu: WV2ZZZ7HZLH060928;szt.;1,0000;Straż Graniczna
22.04.2025 05:45:00;Do RP;przejście;Bieszczadzki;PSG w Korczowej;Korczowa - Krakowiec;Ukraina;Amunicja;Ostra;1,00;Amunicja 9 x 19 mm;szt.;1,0000;Straż Graniczna
22.04.2025 05:45:00;Do RP;przejście;Bieszczadzki;PSG w Korczowej;Korczowa - Krakowiec;Ukraina;Amunicja;Ostra;2,50;Amunicja 5,56 x 45 mm;szt.;1,0000;Straż Graniczna
22.04.2025 05:45:00;Do RP;przejście;Bieszczadzki;PSG w Korczowej;Korczowa - Krakowiec;Ukraina;Amunicja;Ostra;5,00;Amunicja 5.56 x 45;szt.;2,0000;Straż Graniczna
22.04.2025 05:45:00;Do RP;przejście;Bieszczadzki;PSG w Korczowej;Korczowa - Krakowiec;Ukraina;Amunicja;Ostra;7,50;Amunicja 5.56 x 45 mm;szt.;3,0000;Straż Graniczna
22.04.2025 09:50:00;Do RP;przejście;Bieszczadzki;PSG w Korczowej;Korczowa - Krakowiec;Ukraina;Amunicja;Ostra;2,50;Amunicja 5.56 x 45 mm;szt.;1,0000;Straż Graniczna
22.04.2025 09:50:00;Do RP;przejście;Bieszczadzki;PSG w Korczowej;Korczowa - Krakowiec;Ukraina;Amunicja;Ostra;2,50;AMunicja 5.56 x 45 mm ;szt.;1,0000;Straż Graniczna
22.04.2025 09:50:00;Do RP;przejście;Bieszczadzki;PSG w Korczowej;Korczowa - Krakowiec;Ukraina;Amunicja;Ostra;2,50;Amunicja 5.56 x 45 mm ;szt.;1,0000;Straż Graniczna
22.04.2025 13:49:00;Z RP;przejście;Śląski;PSG w Katowicach-Pyrzowicach;Katowice-Pyrzowice;lotnicza;Broń;Inna;90,00;Pałka teleskopowa;szt.;1,0000;Straż Graniczna
22.04.2025 15:00:00;Do RP;przejście;Nadbużański;PSG w Hrebennem;Hrebenne - Rawa Ruska;Ukraina;Alkohol;Inne;100,01;Alkohol 60%;litr;1,5000;Straż Graniczna
22.04.2025 16:20:00;Z RP;przejście;Karpacki;PSG w Krakowie-Balicach;Kraków-Balice;lotnicza;Amunicja;Ostra;1,00;oznaczenie na denku S&B 9x19 22;szt.;1,0000;Straż Graniczna
22.04.2025 14:15:00;Z RP;strefa;Morski;PSG w Gdańsku;;lotnicza;Amunicja;Ostra;6,00;nabój do broni krótkiej o oznaczeniu 70703;szt.;1,0000;inny | SG | inny | SG | inny | SG | inny | SG
22.04.2025 14:15:00;Z RP;strefa;Morski;PSG w Gdańsku;;lotnicza;Amunicja;Ostra;2,00;nabój do broni długiej o oznaczeniu MEN 16;szt.;1,0000;inny | SG | inny | SG | inny | SG | inny | SG
22.04.2025 22:30:00;Do RP;przejście;Nadwiślański;PSG w Warszawie-Okęciu;Warszawa-Okęcie;lotnicza;Amunicja;Ostra;;"o oznaczeniu ""C""";szt.;2,0000;Straż Graniczna
23.04.2025 11:00:00;Do RP;przejście;Nadbużański;PSG w Dorohusku;Dorohusk - Jagodzin;Ukraina;Papierosy;Papierosy;123,02;WNIOSEK NR 151;szt.;140,0000;Straż Graniczna
23.04.2025 10:00:00;wewnątrz kraju;kraj;Morski;PSG w Kołobrzegu;;wewnątrz kraju;Papierosy;Papierosy;843,54;"48 paczek papierosów marki ""RICHMOND"" w niebieskiech opakowaniach bez znaków akcyzy";szt.;960,0000;Straż Graniczna
23.04.2025 10:00:00;wewnątrz kraju;kraj;Morski;PSG w Kołobrzegu;;wewnątrz kraju;Tytoń;krajanka tytoniowa;3039,46;;kg;4,5340;Straż Graniczna
23.04.2025 13:00:00;wewnątrz kraju;kraj;Nadodrzański;PSG w Kłodzku;;wewnątrz kraju;Narkotyki;Inne;80,00;metaamfetamina;kg;0,0010;Straż Graniczna
23.04.2025 13:00:00;wewnątrz kraju;kraj;Nadodrzański;PSG w Kłodzku;;wewnątrz kraju;Narkotyki;Marihuana;131856,00;;kg;3,2964;Straż Graniczna
23.04.2025 13:00:00;wewnątrz kraju;kraj;Nadodrzański;PSG w Kłodzku;;wewnątrz kraju;Narkotyki;Marihuana;800,00;;kg;0,0200;Straż Graniczna
23.04.2025 13:00:00;wewnątrz kraju;kraj;Nadodrzański;PSG w Kłodzku;;wewnątrz kraju;Narkotyki;Kokaina;8080,00;;kg;0,0202;Straż Graniczna
23.04.2025 13:00:00;wewnątrz kraju;kraj;Nadodrzański;PSG w Kłodzku;;wewnątrz kraju;Narkotyki;Inne;40000,00;metaamfetamina;kg;0,5000;Straż Graniczna
23.04.2025 13:00:00;wewnątrz kraju;kraj;Nadodrzański;PSG w Kłodzku;;wewnątrz kraju;Narkotyki;Inne;22004,80;metaamfetaminy;kg;0,2751;Straż Graniczna
23.04.2025 13:00:00;wewnątrz kraju;kraj;Nadodrzański;PSG w Kłodzku;;wewnątrz kraju;Narkotyki;Marihuana;35,60;;kg;0,0009;Straż Graniczna
23.04.2025 13:00:00;wewnątrz kraju;kraj;Nadodrzański;PSG w Kłodzku;;wewnątrz kraju;Narkotyki;Marihuana;7756,00;;kg;0,1939;Straż Graniczna
23.04.2025 13:00:00;wewnątrz kraju;kraj;Nadodrzański;PSG w Kłodzku;;wewnątrz kraju;Narkotyki;Marihuana;6314,40;;kg;0,1579;Straż Graniczna
23.04.2025 13:00:00;wewnątrz kraju;kraj;Nadodrzański;PSG w Kłodzku;;wewnątrz kraju;Narkotyki;Marihuana;56490,00;;kg;1,4123;Straż Graniczna
23.04.2025 13:00:00;wewnątrz kraju;kraj;Nadodrzański;PSG w Kłodzku;;wewnątrz kraju;Narkotyki;Inne;1395,50;klefedron (3-CMC);kg;0,0279;Straż Graniczna
23.04.2025 13:00:00;wewnątrz kraju;kraj;Nadodrzański;PSG w Kłodzku;;wewnątrz kraju;Narkotyki;Marihuana;80000,00;;kg;2,0000;Straż Graniczna
23.04.2025 13:00:00;wewnątrz kraju;kraj;Nadodrzański;PSG w Kłodzku;;wewnątrz kraju;Narkotyki;Marihuana;80000,00;;kg;2,0000;Straż Graniczna
23.04.2025 13:00:00;wewnątrz kraju;kraj;Nadodrzański;PSG w Kłodzku;;wewnątrz kraju;Narkotyki;Marihuana;260,00;;kg;0,0065;Straż Graniczna
23.04.2025 13:00:00;wewnątrz kraju;kraj;Nadodrzański;PSG w Kłodzku;;wewnątrz kraju;Narkotyki;Marihuana;29680,00;;kg;0,7420;Straż Graniczna
23.04.2025 13:00:00;wewnątrz kraju;kraj;Nadodrzański;PSG w Kłodzku;;wewnątrz kraju;Narkotyki;Inne;40000,00;metaamfetamina;kg;0,5000;Straż Graniczna
23.04.2025 13:00:00;wewnątrz kraju;kraj;Nadodrzański;PSG w Kłodzku;;wewnątrz kraju;Narkotyki;Inne;1080,00;metaamfetamina;kg;0,0135;Straż Graniczna
23.04.2025 13:00:00;wewnątrz kraju;kraj;Nadodrzański;PSG w Kłodzku;;wewnątrz kraju;Narkotyki;Inne;2775,00;extazy;szt.;111,0000;Straż Graniczna
23.04.2025 13:00:00;wewnątrz kraju;kraj;Nadodrzański;PSG w Kłodzku;;wewnątrz kraju;Waluta;Złoty - PLN;7950,00;;szt.;7950,0000;Straż Graniczna
23.04.2025 13:00:00;wewnątrz kraju;kraj;Nadodrzański;PSG w Kłodzku;;wewnątrz kraju;Waluta;Złoty - PLN;3250,00;;szt.;3250,0000;Straż Graniczna
23.04.2025 13:00:00;wewnątrz kraju;kraj;Nadodrzański;PSG w Kłodzku;;wewnątrz kraju;Waluta;Złoty - PLN;4100,00;;szt.;4100,0000;Straż Graniczna
23.04.2025 13:00:00;wewnątrz kraju;kraj;Nadodrzański;PSG w Kłodzku;;wewnątrz kraju;Waluta;Złoty - PLN;600,00;;szt.;600,0000;Straż Graniczna
23.04.2025 13:00:00;wewnątrz kraju;kraj;Nadodrzański;PSG w Kłodzku;;wewnątrz kraju;Waluta;Złoty - PLN;6920,00;;szt.;6920,0000;Straż Graniczna
23.04.2025 13:00:00;wewnątrz kraju;kraj;Nadodrzański;PSG w Kłodzku;;wewnątrz kraju;Waluta;Złoty - PLN;1910,00;;szt.;1910,0000;Straż Graniczna
23.04.2025 13:00:00;wewnątrz kraju;kraj;Nadodrzański;PSG w Kłodzku;;wewnątrz kraju;Waluta;Złoty - PLN;58000,00;;szt.;58000,0000;Straż Graniczna
23.04.2025 13:00:00;wewnątrz kraju;kraj;Nadodrzański;PSG w Kłodzku;;wewnątrz kraju;Waluta;Złoty - PLN;5350,00;;szt.;5350,0000;Straż Graniczna
23.04.2025 08:33:00;wewnątrz kraju;strefa;Nadbużański;PSG w Terespolu;;Białoruś;Inne;Inne;1500,00;"Środek ochrony roślin ""VIVOLT"" ";litr;15,0000;Straż Graniczna
23.04.2025 08:33:00;wewnątrz kraju;strefa;Nadbużański;PSG w Terespolu;;Białoruś;Inne;Inne;1998,00;"Środek ochrony roślin ""HELIANTEX SC ARYLEX ACTIVECORVEA"" ";litr;3,0000;Straż Graniczna
11.03.2025 13:05:00;wewnątrz kraju;strefa;Podlaski;PSG w Rutce-Tartak;;Litwa;Papierosy;Papierosy;22837,15;;szt.;25990,0000;Policja
23.04.2025 16:10:00;Do RP;przejście;Nadbużański;PSG w Terespolu;Terespol - Brześć;Białoruś;Płyn do e-papierosów;Płyn do e-papierosów;156,00;120;litr;0,1200;Straż Graniczna
23.04.2025 08:00:00;Do RP;przejście;Nadbużański;PSG w Terespolu;Terespol - Brześć;Białoruś;Inne;Inne;3300,00;"Ampułki : ""ACTOVEGIN"" ";szt.;220,0000;KAS | SG
23.04.2025 08:00:00;Do RP;przejście;Nadbużański;PSG w Terespolu;Terespol - Brześć;Białoruś;Inne;Inne;600,00;"Tabletki ""MILDRONAT"" ";szt.;600,0000;KAS | SG
23.04.2025 19:55:00;Do RP;strefa;Bieszczadzki;PSG w Korczowej;;Ukraina;Amunicja;Ostra;21,00;14 szt. naboju o kalibrze 9 mm (amunicja ostra typu parabellum);szt.;14,0000;Straż Graniczna
23.04.2025 09:20:00;wewnątrz kraju;kraj;Bieszczadzki;Bieszczadzki;;wewnątrz kraju;Papierosy;Papierosy;4217712,00;Papierosy różnych marek;szt.;4800000,0000;KAS | SG | SG | Policja
23.04.2025 20:41:00;Z RP;przejście;Bieszczadzki;PSG w Korczowej;Korczowa - Krakowiec;Ukraina;Pojazdy;Osobowy;150000,00;MERCEDES-BENZ SPRINTER 316 CDI - po ustalonym nr VIN (WDB9066351P370658) figurujący jako skradziony (w bazach INTERPOL oraz SIS-R);szt.;1,0000;Straż Graniczna
24.04.2025 04:30:00;wewnątrz kraju;kraj;Śląski;PSG w Katowicach-Pyrzowicach;Katowice-Pyrzowice;wewnątrz kraju;Amunicja;Ostra;20,00;RWS 30-06;szt.;1,0000;Straż Graniczna
24.04.2025 10:00:00;Z RP;przejście;Śląski;PSG w Katowicach-Pyrzowicach;Katowice-Pyrzowice;lotnicza;Amunicja;Ostra;1,50;ujawniono jedną sztukę przedmiotu przypominającego amunicję koloru brązowego, z wygrawerowanym na spodzie napisem „070” i „8” ;szt.;1,0000;Straż Graniczna
24.04.2025 12:25:00;wewnątrz kraju;kraj;Nadodrzański;PSG w Zgorzelcu;;wewnątrz kraju;Papierosy;Papierosy;444441,40;różnych marek bez polskich znaków akcyzy;szt.;505800,0000;Straż Graniczna
24.04.2025 11:40:00;Do RP;przejście;Nadbużański;PSG w Terespolu;Kukuryki - Kozłowiczy;Białoruś;Pojazdy;Ciężarowy;75000,00;ciągnik siodłowy koloru czerwonego rok prodzukcji 2017;szt.;1,0000;Straż Graniczna
23.04.2025 23:38:00;wewnątrz kraju;kraj;Nadwiślański;Nadwiślański;;wewnątrz kraju;Inne;Inne;;3 brytyjskie prawa jazdy, 1 polski dowód osobisty, 1 słowacki dowód osobisty;szt.;5,0000;inny
24.04.2025 13:07:00;Z RP;strefa;Śląski;PSG w Katowicach-Pyrzowicach;;lotnicza;Amunicja;Ostra;1,50;przedmiot przypominający amunicję koloru ciemno-zielonego, z wygrawerowanym na spodzie napisem „270” oraz „93”.;szt.;1,0000;Straż Graniczna
24.04.2025 15:00:00;wewnątrz kraju;kraj;Nadbużański;PSG w Terespolu;;wewnątrz kraju;Pojazdy;Osobowy;90000,00;TOYOTA RAV4 o numerze VIN JTMRJREV20D019493, koloru białego;szt.;1,0000;Policja | SG
24.04.2025 11:00:00;wewnątrz kraju;kraj;Warmińsko-Mazurski;PSG w Bezledach;;wewnątrz kraju;Papierosy;Papierosy;2987,55;SEO P/214/2021/1;szt.;3400,0000;Straż Graniczna
24.04.2025 12:15:00;wewnątrz kraju;kraj;Nadodrzański;PSG w Zgorzelcu;;wewnątrz kraju;Papierosy;Papierosy;3426785,56;bez polskich znaków skarbowych akcyzy;szt.;3899880,0000;Straż Graniczna
24.04.2025 21:45:00;Do RP;przejście;Nadbużański;PSG w Dorohusku;Dorohusk - Jagodzin;Ukraina;Papierosy;Papierosy;35,15;wniosek nr 153;szt.;40,0000;Straż Graniczna
24.04.2025 21:50:00;Do RP;przejście;Nadbużański;PSG w Dorohusku;Dorohusk - Jagodzin;Ukraina;Papierosy;Papierosy;56,24;WNIOSEK NR 154;szt.;64,0000;Straż Graniczna
24.04.2025 22:05:00;Do RP;przejście;Nadbużański;PSG w Dorohusku;Dorohusk - Jagodzin;Ukraina;Tytoń;Tytoń do palenia (wkłady);;wniosek nr 155;kg;0,0636;Straż Graniczna
25.04.2025 07:20:00;Do RP;przejście;Nadbużański;PSG w Terespolu;Kukuryki - Kozłowiczy;Białoruś;Pojazdy;Naczepa;159000,00;WIELTON;szt.;1,0000;Straż Graniczna
25.04.2025 11:00:00;Do RP;przejście;Bieszczadzki;PSG w Korczowej;Korczowa - Krakowiec;Ukraina;Papierosy;Papierosy;175,74;;szt.;200,0000;Straż Graniczna
25.04.2025 07:00:00;Do RP;przejście;Nadbużański;PSG w Terespolu;Terespol - Brześć;Białoruś;Papierosy;Papierosy;140,59;;szt.;160,0000;KAS | SG
25.04.2025 07:00:00;Do RP;przejście;Nadbużański;PSG w Terespolu;Terespol - Brześć;Białoruś;Papierosy;Papierosy;2495,48;;szt.;2840,0000;KAS | SG
25.04.2025 07:00:00;Do RP;przejście;Nadbużański;PSG w Terespolu;Terespol - Brześć;Białoruś;Papierosy;Papierosy;2636,07;;szt.;3000,0000;KAS | SG
25.04.2025 07:00:00;Do RP;przejście;Nadbużański;PSG w Terespolu;Terespol - Brześć;Białoruś;Papierosy;Papierosy;158,16;;szt.;180,0000;KAS | SG
25.04.2025 15:00:00;Z RP;strefa;Śląski;PSG w Katowicach-Pyrzowicach;;lotnicza;Amunicja;Ostra;20,00;4 sztuki amunicji ostrej ;szt.;4,0000;Straż Graniczna
26.04.2025 00:20:00;wewnątrz kraju;strefa;Bieszczadzki;PSG w Korczowej;;Ukraina;Papierosy;Papierosy;4586,76;;szt.;5220,0000;SC | SG
26.04.2025 00:11:00;wewnątrz kraju;strefa;Warmińsko-Mazurski;PSG w Gołdapi;;Rosja;Papierosy;Papierosy;131803,50;;szt.;150000,0000;Straż Graniczna
26.04.2025 15:10:00;Do RP;przejście;Nadbużański;PSG w Dorohusku;Dorohusk - Jagodzin;Ukraina;Papierosy;Papierosy;123,02;;szt.;140,0000;Straż Graniczna
26.04.2025 15:10:00;Do RP;przejście;Nadbużański;PSG w Dorohusku;Dorohusk - Jagodzin;Ukraina;Papierosy;Papierosy;87,87;;szt.;100,0000;Straż Graniczna
26.04.2025 15:10:00;Do RP;przejście;Nadbużański;PSG w Dorohusku;Dorohusk - Jagodzin;Ukraina;Tytoń;Tytoń do palenia (wkłady);;wyroby nowatorskie marki fiit;kg;0,0122;Straż Graniczna
26.04.2025 15:10:00;Do RP;przejście;Nadbużański;PSG w Dorohusku;Dorohusk - Jagodzin;Ukraina;Papierosy;Papierosy;87,87;;szt.;100,0000;Straż Graniczna
26.04.2025 15:10:00;Do RP;przejście;Nadbużański;PSG w Dorohusku;Dorohusk - Jagodzin;Ukraina;Papierosy;Papierosy;86,11;;szt.;98,0000;Straż Graniczna
27.04.2025 09:30:00;Do RP;przejście;Nadbużański;PSG w Dorohusku;Dorohusk - Jagodzin;Ukraina;Amunicja;Ostra;2,30;5,45X39;szt.;1,0000;Straż Graniczna
27.04.2025 12:30:00;Do RP;przejście;Nadbużański;PSG w Dorohusku;Dorohusk - Jagodzin;Ukraina;Broń;Inna;30,00;Kastet;szt.;1,0000;Straż Graniczna
27.04.2025 19:40:00;Z RP;przejście;Karpacki;PSG w Krakowie-Balicach;Kraków-Balice;lotnicza;Amunicja;Ostra;20,00;;szt.;10,0000;Straż Graniczna
27.04.2025 23:30:00;Do RP;przejście;Bieszczadzki;PSG w Korczowej;Korczowa - Krakowiec;Ukraina;Amunicja;Inna;200,00;kalibr 9 mm (amunicja hukowa);szt.;50,0000;Straż Graniczna
23.04.2025 05:30:00;wewnątrz kraju;kraj;Nadbużański;PSG w Terespolu;;wewnątrz kraju;Pojazdy;Osobowy;90000,00;Peugot  5008, rok produkcji 2018;szt.;1,0000;Policja | Policja | SG | inny
28.04.2025 16:45:00;wewnątrz kraju;kraj;Bieszczadzki;PSG w Lubaczowie;;wewnątrz kraju;Tytoń;susz tytoniowy;325389,05;;kg;487,0000;KAS | SG
29.04.2025 00:00:00;wewnątrz kraju;kraj;Śląski;PSG w Sosnowcu;;wewnątrz kraju;Narkotyki;Marihuana;1558498,00;;kg;31,1700;Straż Graniczna
25.04.2025 14:30:00;wewnątrz kraju;strefa;Nadbużański;PSG w Białej Podlaskiej;;Białoruś;Narkotyki;Kokaina;244,00;Kokaina;kg;0,0006;Straż Graniczna
29.04.2025 11:42:00;wewnątrz kraju;kraj;Morski;PSG w Gdańsku;;wewnątrz kraju;Narkotyki;Marihuana;212960,00;;kg;5,3240;Straż Graniczna
29.04.2025 11:42:00;wewnątrz kraju;kraj;Morski;PSG w Gdańsku;;wewnątrz kraju;Narkotyki;Haszysz;1500,00;;kg;0,0300;Straż Graniczna
29.04.2025 11:42:00;wewnątrz kraju;kraj;Morski;PSG w Gdańsku;;wewnątrz kraju;Narkotyki;Inne;22300,00;223 opakowań średnio 10 x 10 cm m.in. żelków, cukierków, czekolad, soków, tabletek zawierających narkotyki;szt.;223,0000;Straż Graniczna
29.04.2025 11:42:00;wewnątrz kraju;kraj;Morski;PSG w Gdańsku;;wewnątrz kraju;Płyn do e-papierosów;Płyn do e-papierosów;3150,00;THC -Marihuana ;szt.;9,0000;Straż Graniczna
29.04.2025 16:34:00;wewnątrz kraju;strefa;Bieszczadzki;PSG w Hermanowicach;;Ukraina;Pojazdy;Osobowy;250000,00;KIA;szt.;1,0000;Straż Graniczna
29.04.2025 17:30:00;Do RP;przejście;Nadbużański;PSG w Hrebennem;Hrebenne - Rawa Ruska;Ukraina;Papierosy;Papierosy;17,57;uszczuplenia celne  29,00 zł. ;szt.;20,0000;Straż Graniczna
29.04.2025 17:30:00;Do RP;przejście;Nadbużański;PSG w Hrebennem;Hrebenne - Rawa Ruska;Ukraina;Alkohol;Wódka;28,00;uszczuplenia celne 29.00 zł;litr;0,7000;Straż Graniczna
29.04.2025 16:30:00;Do RP;przejście;Nadbużański;PSG w Terespolu;Terespol - Brześć;Białoruś;Papierosy;Papierosy;351,48;;szt.;400,0000;KAS | SG
29.04.2025 15:50:00;Do RP;przejście;Bieszczadzki;PSG w Medyce;Medyka - Szeginie;Ukraina;Broń;Inna;600,00;marka LATEK,  seria i nr XK39429, broń hukowa;szt.;1,0000;Straż Graniczna
29.04.2025 15:50:00;Do RP;przejście;Bieszczadzki;PSG w Medyce;Medyka - Szeginie;Ukraina;Amunicja;Inna;200,00;kaliber 9mm;szt.;100,0000;Straż Graniczna
01.05.2025 01:20:00;Do RP;przejście;Nadbużański;PSG w Terespolu;Terespol - Brześć;Białoruś;Płyn do e-papierosów;Płyn do e-papierosów;936,00;720 ml;litr;0,7200;Straż Graniczna
30.04.2025 20:00:00;wewnątrz kraju;strefa;Bieszczadzki;Bieszczadzki;;Ukraina;Pojazdy;Osobowy;201000,00;Toyota RAV 4;szt.;1,0000;Policja | Policja | SG
01.05.2025 03:45:00;Z RP;przejście;Nadbużański;PSG w Hrubieszowie;Zosin - Ustiług;Ukraina;Pojazdy;Osobowy;200000,00;LEXUS LХ450 rok produkcji 2017, kolor czarny;szt.;1,0000;Straż Graniczna
30.04.2025 22:00:00;Do RP;przejście;Nadbużański;PSG w Hrubieszowie;Zosin - Ustiług;Ukraina;Alkohol;Wódka;100,00;;litr;2,5000;SC
30.04.2025 22:00:00;Do RP;przejście;Nadbużański;PSG w Hrubieszowie;Zosin - Ustiług;Ukraina;Inne;Inne;68,00;produkty mięsne;kg;3,4000;SC
30.04.2025 22:00:00;Do RP;przejście;Nadbużański;PSG w Hrubieszowie;Zosin - Ustiług;Ukraina;Inne;Inne;96,00;produkty mięsne;kg;4,8000;SC
25.04.2025 09:00:00;wewnątrz kraju;kraj;Śląski;PSG w Rudzie Śląskiej;;wewnątrz kraju;Narkotyki;Marihuana;731,50;;kg;0,0146;Straż Graniczna
30.04.2025 19:00:00;Do RP;przejście;Nadbużański;PSG w Terespolu;Terespol - Brześć;Białoruś;Alkohol;Inne;;płyn o zapachu alkoholu 40 %;litr;20,0000;KAS | SG
01.05.2025 10:00:00;Do RP;przejście;Nadbużański;PSG w Dołhobyczowie;Dołhobyczów - Uhrynów;Ukraina;Broń;Inna;50,00;kij baseballowy;szt.;1,0000;Straż Graniczna
01.05.2025 13:15:00;Z RP;przejście;Nadbużański;PSG w Hrubieszowie;Zosin - Ustiług;Ukraina;Inne;Podzespoły samochodowe;8000,00;elementy karoserii samochodu ( przednie i tylne  lewe drzwi  z pojazdu Jeep);szt.;2,0000;Straż Graniczna
01.05.2025 14:00:00;wewnątrz kraju;kraj;Śląski;PSG w Katowicach-Pyrzowicach;;wewnątrz kraju;Narkotyki;Marihuana;48,00;Susz rośliny zawinięty w bibułkę papierową ;kg;0,0010;Straż Graniczna
01.05.2025 12:00:00;wewnątrz kraju;strefa;Nadbużański;PSG w Dorohusku;Dorohusk - Jagodzin;Ukraina;Inne;Inne;;blankiet urkaiskiego prawa jazdy;szt.;121,0000;Straż Graniczna
01.05.2025 20:20:00;Do RP;przejście;Nadbużański;PSG w Terespolu;Terespol - Brześć;Białoruś;Papierosy;Papierosy;4041,97;;szt.;4600,0000;KAS | SG
01.05.2025 22:50:00;Do RP;przejście;Nadbużański;PSG w Dorohusku;Dorohusk - Jagodzin;Ukraina;Tytoń;Tytoń do palenia;5,41;WYROBY NOWATORSKIE M HEETS 8.1 GRAMA;kg;0,0081;Straż Graniczna
01.05.2025 22:50:00;Do RP;przejście;Nadbużański;PSG w Dorohusku;Dorohusk - Jagodzin;Ukraina;Tytoń;Tytoń do palenia;15,69;WYROBY NOWATORSKIE M- KI TEREA 23.49 GRAMA;kg;0,0235;Straż Graniczna
01.05.2025 22:50:00;Do RP;przejście;Nadbużański;PSG w Dorohusku;Dorohusk - Jagodzin;Ukraina;Papierosy;Papierosy;52,72;;szt.;60,0000;Straż Graniczna
01.05.2025 22:50:00;Do RP;przejście;Nadbużański;PSG w Dorohusku;Dorohusk - Jagodzin;Ukraina;Papierosy;Papierosy;35,15;M-KI DENIM;szt.;40,0000;Straż Graniczna
01.05.2025 22:50:00;Do RP;przejście;Nadbużański;PSG w Dorohusku;Dorohusk - Jagodzin;Ukraina;Papierosy;Papierosy;66,78;M-KI ROTHMANS;szt.;76,0000;Straż Graniczna
02.05.2025 06:15:00;Do RP;przejście;Nadbużański;PSG w Dołhobyczowie;Dołhobyczów - Uhrynów;Ukraina;Papierosy;Papierosy;123,02;7 paczek papierosów po 20 szt w paczce (Łącznie 140 szt.);szt.;140,0000;Straż Graniczna
02.05.2025 06:45:00;Do RP;przejście;Bieszczadzki;PSG w Korczowej;Korczowa - Krakowiec;Ukraina;Amunicja;Ostra;2,50;KALIBER 5,45;szt.;1,0000;Straż Graniczna
02.05.2025 09:00:00;Do RP;przejście;Bieszczadzki;PSG w Korczowej;Korczowa - Krakowiec;Ukraina;Amunicja;Ostra;7,50;kaliber 5.45;szt.;3,0000;Straż Graniczna
02.05.2025 09:00:00;Do RP;przejście;Bieszczadzki;PSG w Korczowej;Korczowa - Krakowiec;Ukraina;Amunicja;Ostra;5,00;KALIBER 5,45;szt.;2,0000;Straż Graniczna
02.05.2025 09:00:00;Do RP;przejście;Bieszczadzki;PSG w Korczowej;Korczowa - Krakowiec;Ukraina;Amunicja;Ostra;1,75;AMUNICJA KALIBER 9,18;szt.;1,0000;Straż Graniczna
02.05.2025 09:00:00;Do RP;przejście;Bieszczadzki;PSG w Korczowej;Korczowa - Krakowiec;Ukraina;Amunicja;Ostra;25,00;amunicja kaliber 5,45;szt.;10,0000;Straż Graniczna
02.05.2025 09:00:00;Do RP;przejście;Bieszczadzki;PSG w Korczowej;Korczowa - Krakowiec;Ukraina;Amunicja;Ostra;1,50;kaliber 7,62;szt.;1,0000;Straż Graniczna
01.05.2025 21:30:00;wewnątrz kraju;kraj;Nadbużański;PSG w Lublinie;;wewnątrz kraju;Narkotyki;Inne;;Mefedron;kg;0,0067;Straż Graniczna
02.05.2025 11:30:00;Do RP;strefa;Nadodrzański;PSG w Świecku;;Niemcy;Narkotyki;Marihuana;13,20;;kg;0,0003;Straż Graniczna
02.05.2025 08:45:00;Do RP;przejście;Nadbużański;PSG w Dorohusku;Dorohusk - Jagodzin;Ukraina;Tytoń;Tytoń do palenia;31,87;wyroby nowatorskie;kg;0,0477;KAS | SG
02.05.2025 14:51:00;Z RP;przejście;Bieszczadzki;PSG w Lubaczowie;Budomierz - Hruszew;Ukraina;Pojazdy;Osobowy;23000,00;FORD Ranger;szt.;1,0000;Straż Graniczna
01.05.2025 13:45:00;wewnątrz kraju;kraj;Nadodrzański;PSG w Tuplicach;;wewnątrz kraju;Narkotyki;Amfetamina;0,62;;kg;0,0008;Straż Graniczna
01.05.2025 13:45:00;wewnątrz kraju;kraj;Nadodrzański;PSG w Tuplicach;;wewnątrz kraju;Narkotyki;Marihuana;243,00;;kg;0,0054;Straż Graniczna
01.05.2025 13:45:00;wewnątrz kraju;kraj;Nadodrzański;PSG w Tuplicach;;wewnątrz kraju;Narkotyki;Inne;99,84;Mefedron;kg;0,0008;Straż Graniczna
02.05.2025 15:20:00;wewnątrz kraju;kraj;Nadodrzański;PSG w Kłodzku;;wewnątrz kraju;Narkotyki;Marihuana;15642,00;;kg;0,3476;Straż Graniczna
02.05.2025 22:20:00;wewnątrz kraju;kraj;Bieszczadzki;Bieszczadzki;;wewnątrz kraju;Pojazdy;Osobowy;333000,00;BMW 318;szt.;1,0000;Policja | Policja | SG
03.05.2025 10:00:00;Z RP;przejście;Nadbużański;PSG w Hrubieszowie;Zosin - Ustiług;Ukraina;Inne;Podzespoły samochodowe;25000,00;Silnik samochodowy  o nr M9T E710 C139305 z pojazdu Renault Master ;szt.;1,0000;Straż Graniczna
03.05.2025 13:45:00;Z RP;przejście;Bieszczadzki;PSG w Rzeszowie–Jasionce;Rzeszów-Jasionka;lotnicza;Amunicja;Ostra;6,00;1szt. amunicji ostrej kal. 7,62x39, 1szt. amunicji ostrej kal. 5,45x39;szt.;2,0000;Straż Graniczna
03.05.2025 14:48:00;Z RP;strefa;Śląski;PSG w Katowicach-Pyrzowicach;;lotnicza;Amunicja;Ostra;5,00;amunicja koloru żółtego z wygrawerowanym na spodzie napisem S&B 25 9x19 ;szt.;1,0000;Straż Graniczna
03.05.2025 20:10:00;Do RP;przejście;Nadbużański;PSG w Dorohusku;Dorohusk - Jagodzin;Ukraina;Papierosy;Papierosy;170,47;;szt.;194,0000;KAS | SG
03.05.2025 18:10:00;Do RP;przejście;Nadbużański;PSG w Dołhobyczowie;Dołhobyczów - Uhrynów;Ukraina;Papierosy;Papierosy;123,02;;szt.;140,0000;Straż Graniczna
04.05.2025 10:49:00;Do RP;przejście;Bieszczadzki;PSG w Medyce;Medyka - Szeginie;Ukraina;Amunicja;Ostra;5,00;nabój kaliber 5,56 NATO;szt.;1,0000;SC | SG
04.05.2025 18:13:00;wewnątrz kraju;kraj;Nadodrzański;PSG w Poznaniu-Ławicy;Poznań-Ławica;wewnątrz kraju;Broń;Inna;150,00;Pałka teleskopowa;szt.;1,0000;Straż Graniczna
04.05.2025 20:45:00;Z RP;strefa;Podlaski;PSG w Rutce-Tartak;;Litwa;Pojazdy;Naczepa;150000,00;chłodnia;szt.;1,0000;Straż Graniczna
04.05.2025 22:30:00;Do RP;przejście;Bieszczadzki;PSG w Korczowej;Korczowa - Krakowiec;Ukraina;Amunicja;Ostra;6,00;1szt kal. 5.45x39mm, 1 szt. 7,62x39mm, 1szt. 7,62x54mm;szt.;3,0000;Straż Graniczna
05.05.2025 10:35:00;Do RP;przejście;Nadbużański;PSG w Dorohusku;Dorohusk - Jagodzin;Ukraina;Papierosy;Papierosy;70,30;;szt.;80,0000;Straż Graniczna
05.05.2025 09:00:00;Do RP;przejście;Bieszczadzki;PSG w Medyce;Przemyśl - Mościska;Ukraina;Broń;Inna;80,00;kastet;szt.;1,0000;SC | SG
05.05.2025 10:49:00;Do RP;przejście;Nadbużański;PSG w Dorohusku;Dorohusk - Jagodzin;Ukraina;Papierosy;Papierosy;21,97;;szt.;25,0000;Straż Graniczna
05.05.2025 10:59:00;Do RP;przejście;Nadbużański;PSG w Dorohusku;Dorohusk - Jagodzin;Ukraina;Papierosy;Papierosy;35,15;;szt.;40,0000;Straż Graniczna
05.05.2025 11:04:00;Do RP;przejście;Nadbużański;PSG w Dorohusku;Dorohusk - Jagodzin;Ukraina;Papierosy;Papierosy;158,16;;szt.;180,0000;Straż Graniczna
05.05.2025 11:19:00;Do RP;przejście;Nadbużański;PSG w Dorohusku;Dorohusk - Jagodzin;Ukraina;Papierosy;Papierosy;35,15;;szt.;40,0000;Straż Graniczna
05.05.2025 11:24:00;Do RP;przejście;Nadbużański;PSG w Dorohusku;Dorohusk - Jagodzin;Ukraina;Papierosy;Papierosy;118,62;;szt.;135,0000;Straż Graniczna
05.05.2025 11:00:00;Do RP;przejście;Bieszczadzki;PSG w Korczowej;Korczowa - Krakowiec;Ukraina;Amunicja;Ostra;2,50;nabój o kalibrze 7.62 mm ;szt.;1,0000;Straż Graniczna
29.04.2025 18:57:00;wewnątrz kraju;kraj;Podlaski;Podlaski;;wewnątrz kraju;Papierosy;Papierosy;7275553,20;;szt.;8280000,0000;Straż Graniczna
29.04.2025 18:57:00;wewnątrz kraju;kraj;Podlaski;Podlaski;;wewnątrz kraju;Papierosy;Papierosy;7275553,20;;szt.;8280000,0000;KAS | SG
05.05.2025 11:00:00;Do RP;przejście;Bieszczadzki;PSG w Korczowej;Korczowa - Krakowiec;Ukraina;Amunicja;Ostra;2,50;;szt.;1,0000;Straż Graniczna
05.05.2025 15:35:00;Do RP;przejście;Bieszczadzki;PSG w Korczowej;Korczowa - Krakowiec;Ukraina;Amunicja;Ostra;2,50;5x45 mm (amunicja ostra), ;szt.;1,0000;Straż Graniczna
05.05.2025 15:35:00;Do RP;przejście;Bieszczadzki;PSG w Korczowej;Korczowa - Krakowiec;Ukraina;Amunicja;Ostra;2,50;5x56 mm (amunicja ostra), ;szt.;1,0000;Straż Graniczna
05.05.2025 11:33:00;Do RP;przejście;Nadbużański;PSG w Dorohusku;Dorohusk - Jagodzin;Ukraina;Papierosy;Papierosy;101,05;;szt.;115,0000;Straż Graniczna
06.05.2025 12:00:00;Do RP;przejście;Warmińsko-Mazurski;PSG w Bezledach;Bezledy - Bagrationowsk;Rosja;Papierosy;Papierosy;140,59;;szt.;160,0000;Straż Graniczna
06.05.2025 14:46:00;Do RP;przejście;Nadbużański;PSG w Dorohusku;Dorohusk - Jagodzin;Ukraina;Papierosy;Papierosy;35,15;wniosek nr 169;szt.;40,0000;Straż Graniczna
13.04.2025 20:30:00;Do RP;przejście;Nadbużański;PSG w Dorohusku;Dorohusk - Jagodzin;Ukraina;Inne;Inne;90,00;Produkty pochodzenia zwierzęcego - jajka;szt.;90,0000;SC | SG
06.05.2025 15:01:00;Do RP;przejście;Nadbużański;PSG w Dorohusku;Dorohusk - Jagodzin;Ukraina;Papierosy;Papierosy;35,15;wniosek nr 170;szt.;40,0000;Straż Graniczna
06.05.2025 13:25:00;Do RP;przejście;Bieszczadzki;PSG w Krościenku;Krościenko - Smolnica;Ukraina;Amunicja;Ostra;2,50;5,56 x 45mm ;szt.;1,0000;Straż Graniczna
16.04.2025 09:00:00;Do RP;przejście;Nadbużański;PSG w Dorohusku;Dorohusk - Jagodzin;Ukraina;Inne;Inne;35,60;Produkty pochodzenia zwierzęcego - mięso;kg;3,5600;KAS | SG
16.04.2025 09:00:00;Do RP;przejście;Nadbużański;PSG w Dorohusku;Dorohusk - Jagodzin;Ukraina;Alkohol;Wódka;6,50;;litr;0,5000;KAS | SG
06.05.2025 19:00:00;wewnątrz kraju;kraj;Bieszczadzki;Bieszczadzki;;wewnątrz kraju;Pojazdy;Osobowy;65000,00;Nissan Qashqai  rok prod. 2017r.  ;szt.;1,0000;Policja | Policja | SG
07.05.2025 02:45:00;Do RP;przejście;Nadbużański;PSG w Dołhobyczowie;Dołhobyczów - Uhrynów;Ukraina;Papierosy;Papierosy;175,74;10 paczek po 20 szt. w paczce (łącznie 200 szt. papierosów);szt.;200,0000;Straż Graniczna
08.04.2025 17:12:00;Z RP;przejście;Bieszczadzki;PSG w Rzeszowie–Jasionce;Rzeszów-Jasionka;lotnicza;Amunicja;Ostra;3,00;nabój karabinowy kal.7.62;szt.;1,0000;Straż Graniczna
07.05.2025 08:50:00;Do RP;przejście;Bieszczadzki;PSG w Korczowej;Korczowa - Krakowiec;Ukraina;Amunicja;Ostra;5,00;kaliber 5,45x39mm;szt.;2,0000;Straż Graniczna
07.05.2025 09:50:00;Z RP;przejście;Bieszczadzki;PSG w Rzeszowie–Jasionce;Rzeszów-Jasionka;lotnicza;Amunicja;Ostra;19,50;22 Long Rifle 5,6 x 15mm;szt.;39,0000;Straż Graniczna
07.05.2025 00:38:00;wewnątrz kraju;strefa;Nadbużański;PSG w Dołhobrodach;;Białoruś;Papierosy;Papierosy;26360,70;;szt.;30000,0000;Straż Graniczna
12.04.2025 08:05:00;wewnątrz kraju;strefa;Podlaski;PSG w Sejnach;;Litwa;Pojazdy;Osobowy;60000,00;BMW X3;szt.;1,0000;Straż Graniczna
07.05.2025 14:00:00;Z RP;przejście;Nadbużański;PSG w Hrebennem;Hrebenne - Rawa Ruska;Ukraina;Inne;Podzespoły samochodowe;4500,00;przednia prawa ćwiartka karoserii BMW X5 ;szt.;1,0000;Straż Graniczna
07.05.2025 13:16:00;Z RP;przejście;Bieszczadzki;PSG w Medyce;Medyka - Szeginie;Ukraina;Inne;Inne;12000,00;e-  papierosy, marki ELFBAR 1500;szt.;300,0000;Straż Graniczna
07.05.2025 16:00:00;Do RP;przejście;Nadbużański;PSG w Hrubieszowie;Zosin - Ustiług;Ukraina;Papierosy;Papierosy;105,44;marka BRUT;szt.;120,0000;SC | SG
07.05.2025 16:00:00;Do RP;przejście;Nadbużański;PSG w Hrubieszowie;Zosin - Ustiług;Ukraina;Papierosy;Papierosy;140,59;marka COMPLIMENT;szt.;160,0000;SC | SG
07.05.2025 16:00:00;Do RP;przejście;Nadbużański;PSG w Hrubieszowie;Zosin - Ustiług;Ukraina;Alkohol;Wódka;40,00;OFICER;litr;1,0000;SC | SG
07.05.2025 16:00:00;Do RP;przejście;Nadbużański;PSG w Hrubieszowie;Zosin - Ustiług;Ukraina;Alkohol;Wódka;30,00;HLIBNY DAR;litr;1,0000;SC | SG
07.05.2025 16:00:00;Do RP;przejście;Nadbużański;PSG w Hrubieszowie;Zosin - Ustiług;Ukraina;Alkohol;Wódka;35,00;NIEMIROFF;litr;1,0000;SC | SG
07.05.2025 16:00:00;Do RP;przejście;Nadbużański;PSG w Hrubieszowie;Zosin - Ustiług;Ukraina;Alkohol;Wódka;30,00;MEDOFF;litr;1,0000;SC | SG
07.05.2025 16:00:00;Do RP;przejście;Nadbużański;PSG w Hrubieszowie;Zosin - Ustiług;Ukraina;Alkohol;Wódka;30,00;PORECZSKAJA;litr;1,0000;SC | SG
07.05.2025 16:00:00;Do RP;przejście;Nadbużański;PSG w Hrubieszowie;Zosin - Ustiług;Ukraina;Alkohol;Wódka;80,00;OXY GEN;litr;2,0000;SC | SG
07.05.2025 23:50:00;Do RP;przejście;Nadbużański;PSG w Dorohusku;Dorohusk - Jagodzin;Ukraina;Papierosy;Papierosy;79,08;;szt.;90,0000;KAS | SG
07.05.2025 22:53:00;Z RP;strefa;Morski;PSG w Świnoujściu;;morska;Narkotyki;Kokaina;;;kg;0,1588;Policja | Policja | SG
07.05.2025 22:53:00;Z RP;strefa;Morski;PSG w Świnoujściu;;morska;Narkotyki;Inne;;MEFEDRON;kg;2,7568;Policja | Policja | SG
08.05.2025 09:36:00;Do RP;przejście;Nadbużański;PSG w Dołhobyczowie;Dołhobyczów - Uhrynów;Ukraina;Broń;Inna;;kastet;szt.;1,0000;SC | SG
08.05.2025 09:36:00;Do RP;przejście;Nadbużański;PSG w Dołhobyczowie;Dołhobyczów - Uhrynów;Ukraina;Papierosy;Papierosy;316,33;18 paczek po 20 sztruk papierosów marki Winston;szt.;360,0000;SC | SG
08.05.2025 12:05:00;wewnątrz kraju;strefa;Bieszczadzki;PSG w Krościenku;;Ukraina;Alkohol;Wódka;200,00;;litr;5,0000;Straż Graniczna
08.05.2025 12:25:00;Do RP;przejście;Nadbużański;PSG w Dorohusku;Dorohusk - Jagodzin;Ukraina;Papierosy;Papierosy;42,18;;szt.;48,0000;Straż Graniczna
08.05.2025 13:10:00;Z RP;przejście;Bieszczadzki;PSG w Medyce;Medyka - Szeginie;Ukraina;Inne;Inne;34000,00;urządzenie przemysłowe – zagęszczarka WACKER NEUSON 500 KG model DPU6555HEH;szt.;1,0000;Straż Graniczna
08.05.2025 22:10:00;Do RP;przejście;Nadbużański;PSG w Dorohusku;Dorohusk - Jagodzin;Ukraina;Papierosy;Papierosy;50,96;wniosek 172;szt.;58,0000;Straż Graniczna
08.05.2025 22:10:00;Do RP;przejście;Nadbużański;PSG w Dorohusku;Dorohusk - Jagodzin;Ukraina;Papierosy;Papierosy;49,21;;szt.;56,0000;Straż Graniczna
08.05.2025 21:23:00;Z RP;przejście;Bieszczadzki;PSG w Korczowej;Korczowa - Krakowiec;Ukraina;Pojazdy;Osobowy;140000,00;VOLKSWAGEN T-ROC  produkcji 2022  figuruje w bazie INTERPOL pod ID: 27824D41B21303E4E063816610AC3D89 oraz w bazie SIS-R (art. 38) ID: DE 0004.02S05231030040700000002.01;szt.;1,0000;Straż Graniczna
09.05.2025 07:40:00;Do RP;strefa;Morski;PSG w Świnoujściu;Świnoujście;morska;Pojazdy;Ciężarowy;107600,00;;szt.;1,0000;Straż Graniczna
09.05.2025 07:40:00;Do RP;strefa;Morski;PSG w Świnoujściu;Świnoujście;morska;Pojazdy;Inny;3000,00;Rower CENTURION;szt.;1,0000;Straż Graniczna
09.05.2025 07:40:00;Do RP;strefa;Morski;PSG w Świnoujściu;Świnoujście;morska;Pojazdy;Inny;500,00;Rower dziecięcy KAYOBA ;szt.;1,0000;Straż Graniczna
09.05.2025 07:40:00;Do RP;strefa;Morski;PSG w Świnoujściu;Świnoujście;morska;Pojazdy;Inny;700,00;Rower RONHILO;szt.;1,0000;Straż Graniczna
09.05.2025 07:40:00;Do RP;strefa;Morski;PSG w Świnoujściu;Świnoujście;morska;Pojazdy;Inny;600,00;Hulajnoga elektryczna SEGWAY;szt.;1,0000;Straż Graniczna
09.05.2025 07:40:00;Do RP;strefa;Morski;PSG w Świnoujściu;Świnoujście;morska;Pojazdy;Inny;7600,00;Kosiarka samojezdna spalinowa CUB CADET;szt.;1,0000;Straż Graniczna
09.05.2025 10:50:00;Do RP;przejście;Nadbużański;PSG w Hrebennem;Hrebenne - Rawa Ruska;Ukraina;Papierosy;Papierosy;158,16;Uszczuplenia celne 258 PLN.;szt.;180,0000;Straż Graniczna
24.04.2025 09:00:00;wewnątrz kraju;strefa;Nadbużański;PSG w Hrubieszowie;;Ukraina;Pojazdy;Motocykl;18000,00;PIAGGIO;szt.;1,0000;Policja
09.05.2025 15:00:00;Z RP;przejście;Nadbużański;PSG w Hrubieszowie;Zosin - Ustiług;Ukraina;Pojazdy;Osobowy;40000,00;NISSAN NAVARA rok produkcji 2007, kolor czarny;szt.;1,0000;Straż Graniczna
09.05.2025 16:58:00;Z RP;przejście;Bieszczadzki;PSG w Lubaczowie;Budomierz - Hruszew;Ukraina;Pojazdy;Osobowy;38000,00;Toyota Land Cruiser r. prod. 2001;szt.;1,0000;Straż Graniczna
09.05.2025 17:00:00;wewnątrz kraju;kraj;Bieszczadzki;Bieszczadzki;;wewnątrz kraju;Pojazdy;Osobowy;400000,00;BMW 520i, rok prod. 2024r. ;szt.;1,0000;Policja | Policja | SG | SG
09.05.2025 19:50:00;wewnątrz kraju;kraj;Nadodrzański;PSG w Świecku;;wewnątrz kraju;Pojazdy;Osobowy;70000,00;Ford Kuga;szt.;1,0000;Straż Graniczna
09.05.2025 22:17:00;wewnątrz kraju;kraj;Nadwiślański;Nadwiślański;;wewnątrz kraju;Inne;Inne;;podrobiony dokument w postaci prawa jazdy wydanego przez władze Białorusi ;szt.;1,0000;Straż Graniczna
09.05.2025 21:30:00;wewnątrz kraju;kraj;Warmińsko-Mazurski;PSG w Grzechotkach;;wewnątrz kraju;Papierosy;Papierosy;155440,26;;szt.;176900,0000;Straż Graniczna
10.05.2025 09:50:00;wewnątrz kraju;strefa;Nadodrzański;PSG w Kłodzku;;Czechy;Inne;Inne;80000,00;perfumy z podrobionymi znakami towarowymi;szt.;1,0000;Straż Graniczna
10.05.2025 09:50:00;wewnątrz kraju;strefa;Nadodrzański;PSG w Kłodzku;;Czechy;Inne;Inne;170000,00;odzież z podrobionymi znakami towarowymi;szt.;1,0000;Straż Graniczna
10.05.2025 20:20:00;Do RP;przejście;Nadbużański;PSG w Dorohusku;Dorohusk - Jagodzin;Ukraina;Papierosy;Papierosy;92,26;;szt.;105,0000;KAS | SG
11.05.2025 13:00:00;Do RP;przejście;Bieszczadzki;PSG w Korczowej;Korczowa - Krakowiec;Ukraina;Amunicja;Ostra;3,00;kaliber 8,6x70mm;szt.;1,0000;Straż Graniczna
12.05.2025 00:10:00;Do RP;przejście;Nadbużański;PSG w Terespolu;Terespol - Brześć;Białoruś;Inne;Inne;45,00;PRODUKTY POCHODZENIA ZWIERZĘCEGO;kg;3,0000;KAS | SG
12.05.2025 00:10:00;Do RP;przejście;Nadbużański;PSG w Terespolu;Terespol - Brześć;Białoruś;Papierosy;Papierosy;140,59;;szt.;160,0000;KAS | SG
12.05.2025 03:25:00;Do RP;przejście;Nadbużański;PSG w Dołhobyczowie;Dołhobyczów - Uhrynów;Ukraina;Papierosy;Papierosy;87,87;5 paczek (100 szt.) papierosów marki LM;szt.;100,0000;Straż Graniczna
12.05.2025 09:52:00;Z RP;przejście;Nadwiślański;PSG w Warszawie-Okęciu;Warszawa-Okęcie;lotnicza;Amunicja;Ostra;;,,IAI 09” – 2 szt. i „IAI 20” – 1 szt.;szt.;3,0000;Straż Graniczna
12.05.2025 10:35:00;wewnątrz kraju;strefa;Podlaski;PSG w Nowym Dworze;;Białoruś;Papierosy;Papierosy;8786,90;Minsk Superslims;szt.;10000,0000;Straż Graniczna
12.05.2025 09:30:00;Do RP;przejście;Nadbużański;PSG w Dorohusku;Dorohusk - Jagodzin;Ukraina;Alkohol;Inne;;ALKOHOL PRODUKCJI WŁASNEJ 50 %;litr;2,0000;KAS | SG
12.05.2025 03:56:00;Do RP;strefa;Podlaski;PSG w Michałowie;;Białoruś;Papierosy;Papierosy;26360,70;;szt.;30000,0000;Straż Graniczna
12.05.2025 11:10:00;Z RP;strefa;Śląski;PSG w Katowicach-Pyrzowicach;;lotnicza;Amunicja;Ostra;5,00;"amunicja koloru żółto-brązowego z napisem na spodzie łuski ""PMC"",  ""223”";szt.;1,0000;Straż Graniczna
12.05.2025 15:13:00;wewnątrz kraju;kraj;Bieszczadzki;Bieszczadzki;;wewnątrz kraju;Pojazdy;Osobowy;250000,00;Lexus NX350, 2024 ROK PRODUKCJI;szt.;1,0000;Policja | Policja | SG | SG
12.05.2025 14:30:00;wewnątrz kraju;strefa;Nadodrzański;PSG w Jeleniej Górze;;Czechy;Tytoń;krajanka tytoniowa;22115,77;;kg;33,1000;Straż Graniczna
12.05.2025 14:30:00;wewnątrz kraju;strefa;Nadodrzański;PSG w Jeleniej Górze;;Czechy;Papierosy;Papierosy;281,18;14 paczek Marlboro czerwone, 2 paczki Parliamont niebieskie;szt.;320,0000;Straż Graniczna
12.05.2025 04:40:00;Do RP;strefa;Podlaski;PSG w Krynkach;;Białoruś;Papierosy;Papierosy;29875,46;;szt.;34000,0000;Straż Graniczna
12.05.2025 16:00:00;wewnątrz kraju;kraj;Morski;PSG w Elblągu;;wewnątrz kraju;Inne;Inne;60000,00;Automaty do gier hazardowych ;szt.;5,0000;SC | SG
12.05.2025 16:00:00;wewnątrz kraju;kraj;Morski;PSG w Elblągu;;wewnątrz kraju;Inne;Inne;210,00;Klucze do zamków w automatów;szt.;42,0000;SC | SG
12.05.2025 16:00:00;wewnątrz kraju;kraj;Morski;PSG w Elblągu;;wewnątrz kraju;Waluta;Złoty - PLN;7000,00;;szt.;35,0000;SC | SG
12.05.2025 16:00:00;wewnątrz kraju;kraj;Morski;PSG w Elblągu;;wewnątrz kraju;Waluta;Złoty - PLN;800,00;;szt.;8,0000;SC | SG
12.05.2025 16:00:00;wewnątrz kraju;kraj;Morski;PSG w Elblągu;;wewnątrz kraju;Waluta;Złoty - PLN;50,00;;szt.;1,0000;SC | SG
12.05.2025 16:00:00;wewnątrz kraju;kraj;Morski;PSG w Elblągu;;wewnątrz kraju;Waluta;Złoty - PLN;20,00;;szt.;1,0000;SC | SG
12.05.2025 16:00:00;wewnątrz kraju;kraj;Morski;PSG w Elblągu;;wewnątrz kraju;Waluta;Złoty - PLN;10,00;;szt.;1,0000;SC | SG
12.05.2025 16:00:00;wewnątrz kraju;kraj;Morski;PSG w Elblągu;;wewnątrz kraju;Waluta;Złoty - PLN;2,00;;szt.;1,0000;SC | SG
13.05.2025 09:46:00;wewnątrz kraju;kraj;Nadodrzański;PSG w Kłodzku;;wewnątrz kraju;Narkotyki;Marihuana;400,00;;kg;0,0100;Straż Graniczna
12.05.2025 07:20:00;wewnątrz kraju;kraj;Bieszczadzki;PSG w Rzeszowie–Jasionce;;wewnątrz kraju;Narkotyki;Marihuana;98,00;Susz roślinny o silnym zapachu marichuany;kg;0,0020;Straż Graniczna
13.05.2025 06:00:00;wewnątrz kraju;kraj;Śląski;PSG w Katowicach-Pyrzowicach;;wewnątrz kraju;Narkotyki;Marihuana;89,00;;kg;0,0018;Policja | SG
13.05.2025 08:00:00;Do RP;przejście;Nadbużański;PSG w Dorohusku;Dorohusk - Jagodzin;Ukraina;Tytoń;Tytoń do palenia (wkłady);;wyroby nowatorskie;kg;0,0530;KAS | SG
13.05.2025 15:40:00;wewnątrz kraju;strefa;Podlaski;PSG w Nowym Dworze;;Białoruś;Papierosy;Papierosy;8786,90;;szt.;10000,0000;Straż Graniczna
13.05.2025 15:15:00;wewnątrz kraju;kraj;Śląski;PSG w Katowicach-Pyrzowicach;;wewnątrz kraju;Narkotyki;Marihuana;57,05;;kg;0,0011;Straż Graniczna
13.05.2025 13:30:00;Do RP;przejście;Nadwiślański;PSG w Warszawie-Okęciu;Warszawa-Okęcie;lotnicza;Narkotyki;Marihuana;23130,00;susz roślinny ;kg;0,5140;Straż Graniczna
13.05.2025 13:30:00;Do RP;przejście;Nadwiślański;PSG w Warszawie-Okęciu;Warszawa-Okęcie;lotnicza;Narkotyki;Extasy;;dwieście czterdzieści różnokolorowych tabletek;tabletka;240,0000;Straż Graniczna
13.05.2025 16:05:00;Do RP;przejście;Nadbużański;PSG w Lublinie;Świdnik k/Lublina;lotnicza;Alkohol;Wódka;405,01;;litr;2,1000;SC | SG
13.05.2025 13:30:00;wewnątrz kraju;strefa;Podlaski;PSG w Nowym Dworze;;Białoruś;Papierosy;Papierosy;21088,56;NZ;szt.;24000,0000;Straż Graniczna
13.05.2025 13:30:00;wewnątrz kraju;strefa;Podlaski;PSG w Nowym Dworze;;Białoruś;Papierosy;Papierosy;351,48;Queen Mentol;szt.;400,0000;Straż Graniczna
14.05.2025 04:00:00;Do RP;przejście;Nadbużański;PSG w Hrubieszowie;Zosin - Ustiług;Ukraina;Inne;Inne;138,00;produkty zwierzęce;kg;6,9000;SC | SG
14.05.2025 08:00:00;wewnątrz kraju;kraj;Nadodrzański;PSG w Świecku;;wewnątrz kraju;Pojazdy;Osobowy;30000,00;AUDI A4;szt.;1,0000;Straż Graniczna
14.05.2025 07:30:00;wewnątrz kraju;kraj;Śląski;PSG w Rudzie Śląskiej;;wewnątrz kraju;Narkotyki;Marihuana;4575,00;;kg;0,0915;Straż Graniczna
14.05.2025 04:30:00;wewnątrz kraju;kraj;Nadbużański;PSG w Terespolu;;wewnątrz kraju;Papierosy;Papierosy;8505,72;;szt.;9680,0000;KAS | SG
14.05.2025 12:20:00;wewnątrz kraju;strefa;Podlaski;PSG w Rutce-Tartak;;Litwa;Pojazdy;Osobowy;487500,00;LAMBORGINI;szt.;1,0000;Policja
14.05.2025 12:20:00;wewnątrz kraju;strefa;Podlaski;PSG w Rutce-Tartak;;Litwa;Pojazdy;Osobowy;487500,00;LAMBORGINI;szt.;1,0000;Straż Graniczna
15.05.2025 01:52:00;Do RP;przejście;Nadbużański;PSG w Dołhobyczowie;Dołhobyczów - Uhrynów;Ukraina;Papierosy;Papierosy;20,21;marka Rothmans;szt.;23,0000;SC | SG
14.05.2025 17:00:00;Do RP;przejście;Nadbużański;PSG w Terespolu;Terespol - Brześć;Białoruś;Papierosy;Papierosy;720,53;;szt.;820,0000;SC | SG
15.05.2025 08:23:00;wewnątrz kraju;strefa;Bieszczadzki;PSG w Medyce;;Ukraina;Alkohol;Wódka;80,00;0,4;litr;2,0000;Straż Graniczna
15.05.2025 08:23:00;wewnątrz kraju;strefa;Bieszczadzki;PSG w Medyce;;Ukraina;Alkohol;Wódka;60,00;;litr;1,5000;Straż Graniczna
15.05.2025 12:00:00;Z RP;przejście;Nadbużański;PSG w Hrubieszowie;Zosin - Ustiług;Ukraina;Inne;Podzespoły samochodowe;2000,00;ćwiartka przawa przednia MITSUBISHI Qutlander;szt.;1,0000;Straż Graniczna
15.05.2025 12:10:00;Do RP;przejście;Nadbużański;PSG w Terespolu;Terespol - Brześć;Białoruś;Papierosy;Papierosy;35,15;;szt.;40,0000;Straż Graniczna
15.05.2025 12:10:00;Do RP;przejście;Nadbużański;PSG w Terespolu;Terespol - Brześć;Białoruś;Alkohol;Wódka;21,00;0,4;litr;0,7000;Straż Graniczna
15.05.2025 14:30:00;wewnątrz kraju;strefa;Podlaski;PSG w Kuźnicy;;Białoruś;Papierosy;Papierosy;263,61;;szt.;300,0000;Straż Graniczna
15.05.2025 14:30:00;wewnątrz kraju;strefa;Podlaski;PSG w Kuźnicy;;Białoruś;Papierosy;Papierosy;263,61;;szt.;300,0000;SC | SG
15.05.2025 09:00:00;wewnątrz kraju;strefa;Warmińsko-Mazurski;PSG w Braniewie;;Rosja;Papierosy;Papierosy;28118,08;;szt.;32000,0000;Straż Graniczna
15.05.2025 21:00:00;wewnątrz kraju;kraj;Nadodrzański;PSG w Świecku;;wewnątrz kraju;Pojazdy;Osobowy;40000,00;Ranault Megane;szt.;1,0000;Straż Graniczna
16.05.2025 06:30:00;Do RP;przejście;Nadbużański;PSG w Hrubieszowie;Zosin - Ustiług;Ukraina;Papierosy;Papierosy;123,02;Wniosek do OC D70/2025;szt.;140,0000;Straż Graniczna
16.05.2025 08:05:00;wewnątrz kraju;kraj;Warmińsko-Mazurski;PSG w Bezledach;;wewnątrz kraju;Pojazdy;Osobowy;150000,00;TOYOTA RAV 4;szt.;1,0000;Policja | Policja | SG
16.05.2025 05:00:00;Do RP;przejście;Nadbużański;PSG w Terespolu;Terespol - Brześć;Białoruś;Inne;Inne;2720,00;perfumy;szt.;34,0000;KAS | SG
16.05.2025 05:00:00;Do RP;przejście;Nadbużański;PSG w Terespolu;Terespol - Brześć;Białoruś;Inne;Inne;281,94;paliwo;litr;37,0000;KAS | SG
16.05.2025 05:00:00;Do RP;przejście;Nadbużański;PSG w Terespolu;Terespol - Brześć;Białoruś;Inne;Inne;1298,80;paliwo;litr;170,0000;KAS | SG
16.05.2025 17:00:00;Z RP;przejście;Nadbużański;PSG w Dołhobyczowie;Dołhobyczów - Uhrynów;Ukraina;Pojazdy;Osobowy;120000,00;TOYOTA - LAND CRUISER ;szt.;1,0000;Straż Graniczna
16.05.2025 18:04:00;wewnątrz kraju;kraj;Bieszczadzki;PSG w Krościenku;;wewnątrz kraju;Papierosy;Papierosy;1581,64;Compliment;szt.;1800,0000;Straż Graniczna
16.05.2025 17:50:00;wewnątrz kraju;kraj;Podlaski;PSG w Augustowie;;wewnątrz kraju;Tytoń;susz tytoniowy;34371,14;;kg;40,8000;Straż Graniczna
16.05.2025 17:50:00;wewnątrz kraju;kraj;Podlaski;PSG w Augustowie;;wewnątrz kraju;Tytoń;susz tytoniowy;34371,14;;kg;40,8000;KAS | SG
16.05.2025 21:16:00;wewnątrz kraju;strefa;Nadodrzański;PSG w Zgorzelcu;;Niemcy;Papierosy;Papierosy;878690,00;;szt.;1000000,0000;SC
16.05.2025 21:16:00;wewnątrz kraju;strefa;Nadodrzański;PSG w Zgorzelcu;;Niemcy;Papierosy;Papierosy;597,51;różne marki;szt.;680,0000;SC
16.05.2025 20:40:00;Z RP;przejście;Nadbużański;PSG w Terespolu;Terespol - Brześć;Białoruś;Pojazdy;Osobowy;50000,00;HYUNDAI ,nr rej. GE905BA, VIN KMHST81XDEU231998;szt.;1,0000;Straż Graniczna
16.05.2025 21:49:00;Do RP;przejście;Nadbużański;PSG w Dorohusku;Dorohusk - Jagodzin;Ukraina;Inne;Inne;250,00;POJEMNIK Z CZYNNIKIEM CHŁODZĄCYM;kg;3,4000;KAS | SG
17.05.2025 16:20:00;Do RP;przejście;Nadbużański;PSG w Dorohusku;Dorohusk - Jagodzin;Ukraina;Papierosy;Papierosy;316,33;;szt.;360,0000;Straż Graniczna
17.05.2025 16:45:00;Z RP;przejście;Karpacki;PSG w Krakowie-Balicach;Kraków-Balice;lotnicza;Amunicja;Ostra;24,00;macarov;szt.;8,0000;Straż Graniczna
17.05.2025 19:45:00;Do RP;przejście;Bieszczadzki;PSG w Korczowej;Korczowa - Krakowiec;Ukraina;Amunicja;Ostra;5,00;5,56 x 45mm;szt.;2,0000;Straż Graniczna
17.05.2025 22:13:00;wewnątrz kraju;kraj;Śląski;PSG w Katowicach-Pyrzowicach;;wewnątrz kraju;Narkotyki;Amfetamina;113,10;;kg;0,0029;Policja | SG
17.05.2025 22:13:00;wewnątrz kraju;kraj;Śląski;PSG w Katowicach-Pyrzowicach;;wewnątrz kraju;Narkotyki;Extasy;51,24;;kg;0,0024;Policja | SG
17.05.2025 22:13:00;wewnątrz kraju;kraj;Śląski;PSG w Katowicach-Pyrzowicach;;wewnątrz kraju;Narkotyki;Inne;1911,65;metaamfetamina;kg;0,0225;Policja | SG
17.05.2025 22:13:00;wewnątrz kraju;kraj;Śląski;PSG w Katowicach-Pyrzowicach;;wewnątrz kraju;Narkotyki;Marihuana;181,92;;kg;0,0038;Policja | SG
17.05.2025 17:31:00;Z RP;przejście;Bieszczadzki;PSG w Lubaczowie;Budomierz - Hruszew;Ukraina;Inne;Inne;40,00;niemieckie tablice rejestracyjne nr ELXG700;szt.;2,0000;Straż Graniczna
17.05.2025 23:10:00;Z RP;przejście;Nadbużański;PSG w Hrebennem;Hrebenne - Rawa Ruska;Ukraina;Narkotyki;Marihuana;19,80;substancji roślinnej koloru zielono  brązowego ;kg;0,0004;Straż Graniczna
17.05.2025 22:00:00;Do RP;przejście;Bieszczadzki;PSG w Krościenku;Krościenko - Smolnica;Ukraina;Tytoń;krajanka tytoniowa;1770,60;;kg;2,6500;Straż Graniczna
18.05.2025 06:15:00;Z RP;przejście;Nadodrzański;PSG w Poznaniu-Ławicy;Poznań-Ławica;lotnicza;Amunicja;Ostra;1,00;Luger 9mm Lapua;szt.;1,0000;Straż Graniczna
18.05.2025 12:35:00;Z RP;przejście;Bieszczadzki;PSG w Korczowej;Korczowa - Krakowiec;Ukraina;Pojazdy;Osobowy;80000,00;;szt.;1,0000;Straż Graniczna
18.05.2025 15:00:00;wewnątrz kraju;strefa;Podlaski;PSG w Dubiczach Cerkiewnych;;Białoruś;Papierosy;Papierosy;26360,70;Qeueen Menthol;szt.;30000,0000;Straż Graniczna
18.05.2025 21:15:00;wewnątrz kraju;kraj;Nadodrzański;PSG w Świecku;;wewnątrz kraju;Pojazdy;Osobowy;150000,00;Mercedes GLC;szt.;1,0000;Straż Graniczna
18.05.2025 23:30:00;Do RP;strefa;Śląski;PSG w Katowicach-Pyrzowicach;;lotnicza;Narkotyki;Marihuana;467,65;Susz roślinny koloru zielono-brązowego o intensywnym zapachu.;kg;0,0094;Straż Graniczna
18.05.2025 23:30:00;Do RP;strefa;Śląski;PSG w Katowicach-Pyrzowicach;;lotnicza;Narkotyki;Marihuana;116,55;Susz roślinny koloru zielono-brązowego o intensywnym zapachu.;kg;0,0023;Straż Graniczna
19.05.2025 03:30:00;wewnątrz kraju;kraj;Podlaski;PSG w Augustowie;;wewnątrz kraju;Papierosy;Papierosy;30754,15;;szt.;35000,0000;Straż Graniczna
19.05.2025 06:00:00;wewnątrz kraju;strefa;Podlaski;PSG w Kuźnicy;;Białoruś;Papierosy;Papierosy;26360,70;;szt.;30000,0000;Straż Graniczna
19.05.2025 03:45:00;wewnątrz kraju;kraj;Podlaski;PSG w Augustowie;;wewnątrz kraju;Papierosy;Papierosy;26360,70;;szt.;30000,0000;Straż Graniczna
19.05.2025 08:00:00;wewnątrz kraju;strefa;Podlaski;PSG w Nowym Dworze;;Białoruś;Papierosy;Papierosy;26360,70;NZ Gold;szt.;30000,0000;Straż Graniczna
19.05.2025 06:15:00;wewnątrz kraju;strefa;Podlaski;PSG w Kuźnicy;;Białoruś;Papierosy;Papierosy;30754,15;;szt.;35000,0000;Straż Graniczna
19.05.2025 03:25:00;wewnątrz kraju;strefa;Nadbużański;PSG w Bohukałach;;Białoruś;Papierosy;Papierosy;26290,40;Przy wykorzystaniu balonu meteorologicznego;szt.;29920,0000;Straż Graniczna
19.05.2025 11:30:00;wewnątrz kraju;strefa;Podlaski;PSG w Kuźnicy;;Białoruś;Papierosy;Papierosy;26360,70;;szt.;30000,0000;Straż Graniczna
19.05.2025 11:03:00;Z RP;przejście;Bieszczadzki;PSG w Medyce;Medyka - Szeginie;Ukraina;Inne;Inne;3500,00;rower Marki Cube;szt.;1,0000;Straż Graniczna
19.05.2025 08:55:00;wewnątrz kraju;strefa;Podlaski;PSG w Płaskiej;;Białoruś;Papierosy;Papierosy;26360,70;EZ;szt.;30000,0000;Straż Graniczna
19.05.2025 17:10:00;Do RP;przejście;Nadbużański;PSG w Terespolu;Kukuryki - Kozłowiczy;Białoruś;Papierosy;Papierosy;2636,07;;szt.;3000,0000;Straż Graniczna
19.05.2025 17:10:00;Do RP;przejście;Nadbużański;PSG w Terespolu;Kukuryki - Kozłowiczy;Białoruś;Alkohol;Inne;120,00;BRANDY;litr;2,0000;Straż Graniczna
19.05.2025 14:40:00;Z RP;przejście;Bieszczadzki;PSG w Rzeszowie–Jasionce;Rzeszów-Jasionka;lotnicza;Amunicja;Ostra;2,50;oznaczenie na dnie łuski 270 86;szt.;1,0000;Straż Graniczna
19.05.2025 13:55:00;wewnątrz kraju;strefa;Nadbużański;PSG w Bohukałach;;Białoruś;Papierosy;Papierosy;26360,70;Przy wykorzystaniu balonu meteorologicznego.;szt.;30000,0000;Straż Graniczna
19.05.2025 12:00:00;wewnątrz kraju;strefa;Nadbużański;PSG w Bohukałach;;Białoruś;Papierosy;Papierosy;26360,70;Przy wykorzystaniu balonu meteorologicznego;szt.;30000,0000;Straż Graniczna
19.05.2025 11:45:00;wewnątrz kraju;strefa;Nadbużański;PSG w Bohukałach;;Białoruś;Papierosy;Papierosy;26343,13;Przy wykorzystaniu balonu meteorologicznego;szt.;29980,0000;Straż Graniczna
20.05.2025 10:00:00;Do RP;przejście;Nadbużański;PSG w Dorohusku;Dorohusk - Jagodzin;Ukraina;Papierosy;Papierosy;52,72;;szt.;60,0000;Straż Graniczna
20.05.2025 17:50:00;Do RP;przejście;Nadbużański;PSG w Hrubieszowie;Zosin - Ustiług;Ukraina;Pojazdy;Ciężarowy;80000,00;MERCEDES;szt.;1,0000;Straż Graniczna
20.05.2025 14:30:00;Do RP;przejście;Nadwiślański;PSG w Warszawie-Okęciu;Warszawa-Okęcie;lotnicza;Inne;Inne;47000,00;suszu roślinnego koloru;kg;0,9400;Straż Graniczna
20.05.2025 20:15:00;Z RP;przejście;Nadwiślański;PSG w Warszawie-Okęciu;Warszawa-Okęcie;lotnicza;Amunicja;Ostra;;o oznaczeniu „S&B 7x64”.;szt.;1,0000;Straż Graniczna
20.05.2025 23:00:00;Do RP;przejście;Nadbużański;PSG w Terespolu;Kukuryki - Kozłowiczy;Białoruś;Papierosy;Papierosy;702,95;;szt.;800,0000;Straż Graniczna
21.05.2025 13:15:00;Do RP;przejście;Nadbużański;PSG w Terespolu;Kukuryki - Kozłowiczy;Białoruś;Papierosy;Papierosy;702,95;wyroby tytoniowe bez polskich znaków skarbowych akcyzy w postaci papierosów w ilości 800 sztuk;szt.;800,0000;Straż Graniczna
21.05.2025 12:00:00;wewnątrz kraju;strefa;Nadbużański;PSG w Bohukałach;;Białoruś;Papierosy;Papierosy;26360,70;Przy wykorzystaniu balonu metorologicznego.;szt.;30000,0000;Straż Graniczna
13.03.2025 16:30:00;wewnątrz kraju;kraj;Śląski;PSG w Sosnowcu;;wewnątrz kraju;Narkotyki;Marihuana;1000,00;;kg;0,0200;Straż Graniczna
13.03.2025 16:30:00;wewnątrz kraju;kraj;Śląski;PSG w Sosnowcu;;wewnątrz kraju;Narkotyki;Marihuana;1300,00;trzy zawinątka w folii aluminiowej ;kg;0,0260;Straż Graniczna
21.05.2025 12:00:00;Do RP;przejście;Nadbużański;PSG w Hrebennem;Hrebenne - Rawa Ruska;Ukraina;Alkohol;Wódka;43,75;uszczuplenia celne 53.00 zł.  ;litr;1,2500;SC | SG
21.05.2025 19:00:00;Z RP;przejście;Nadbużański;PSG w Terespolu;Kukuryki - Kozłowiczy;Białoruś;Pojazdy;Naczepa;100000,00;SCHMITZ;szt.;1,0000;Straż Graniczna
22.05.2025 13:10:00;Z RP;przejście;Nadbużański;PSG w Hrebennem;Hrebenne - Rawa Ruska;Ukraina;Inne;Podzespoły samochodowe;3500,00;pas przedni wraz z chłodnicami i wzmocnieniem zderzaka pochodzący z pojazdu FORD FOCUS ST-3 TURBO ;szt.;1,0000;Straż Graniczna
22.05.2025 12:00:00;wewnątrz kraju;kraj;Nadodrzański;PSG w Zgorzelcu;;wewnątrz kraju;Papierosy;Papierosy;128288,74;marki DOVE ( 80 000 szt.) i WINSTON ( 66 000 szt.) z białoruskimi znakami skarbowymi ak-cyzy;szt.;146000,0000;SC
22.05.2025 14:29:00;wewnątrz kraju;kraj;Bieszczadzki;Bieszczadzki;;wewnątrz kraju;Pojazdy;Osobowy;107000,00;Seat Ateca rok produkcji 2024 ;szt.;1,0000;Policja | Policja | SG
22.05.2025 14:00:00;wewnątrz kraju;kraj;Nadbużański;PSG w Terespolu;;wewnątrz kraju;Pojazdy;Osobowy;150000,00;TOYOTA RAV 4;szt.;1,0000;Policja | Policja | SG
22.05.2025 21:20:00;Do RP;przejście;Nadbużański;PSG w Dorohusku;Dorohusk - Jagodzin;Ukraina;Papierosy;Papierosy;35,15;wniosek nr 181;szt.;40,0000;Straż Graniczna
22.05.2025 21:30:00;Do RP;przejście;Nadbużański;PSG w Dorohusku;Dorohusk - Jagodzin;Ukraina;Papierosy;Papierosy;52,72;WNIOSEK NR 182;szt.;60,0000;Straż Graniczna
22.05.2025 16:00:00;wewnątrz kraju;strefa;Bieszczadzki;PSG w Medyce;;Ukraina;Narkotyki;Extasy;5750,00;;tabletka;250,0000;Policja | SG
22.05.2025 16:00:00;wewnątrz kraju;strefa;Bieszczadzki;PSG w Medyce;;Ukraina;Narkotyki;Marihuana;27500,00;;kg;0,5000;Policja | SG
23.05.2025 07:00:00;wewnątrz kraju;kraj;Warmińsko-Mazurski;PSG w Bezledach;;wewnątrz kraju;Pojazdy;Osobowy;100000,00;;szt.;1,0000;Policja | SG | Policja
23.05.2025 08:15:00;Do RP;przejście;Bieszczadzki;PSG w Medyce;Medyka - Szeginie;Ukraina;Papierosy;Papierosy;31,63;;szt.;36,0000;Straż Graniczna
23.05.2025 13:39:00;Z RP;przejście;Bieszczadzki;PSG w Lubaczowie;Budomierz - Hruszew;Ukraina;Pojazdy;Osobowy;26000,00;PEUGEOT 3008 ;szt.;1,0000;Straż Graniczna
23.05.2025 11:20:00;Do RP;przejście;Nadbużański;PSG w Dołhobyczowie;Dołhobyczów - Uhrynów;Ukraina;Papierosy;Papierosy;87,87;;szt.;100,0000;Straż Graniczna
23.05.2025 11:20:00;Do RP;przejście;Nadbużański;PSG w Dołhobyczowie;Dołhobyczów - Uhrynów;Ukraina;Tytoń;Tytoń do palenia;16,30;wyroby nowatorskie marki TEREA;kg;0,0244;Straż Graniczna
23.05.2025 09:30:00;Do RP;przejście;Bieszczadzki;PSG w Medyce;Medyka - Szeginie;Ukraina;Papierosy;Papierosy;418,26;377 szt. marki CLASSIC, 59 szt. marki WEST, 40 szt. marki FREDO;szt.;476,0000;KAS | SG
23.05.2025 17:15:00;wewnątrz kraju;kraj;Warmińsko-Mazurski;Warmińsko-Mazurski;;wewnątrz kraju;Papierosy;Papierosy;70,30;Marlboro;szt.;80,0000;Straż Graniczna
23.05.2025 17:50:00;Do RP;przejście;Nadbużański;PSG w Hrebennem;Hrebenne - Rawa Ruska;Ukraina;Broń;Inna;600,00;przedmiot przeznaczony do obezwładniania osób za pomocą energii elektrycznej;szt.;1,0000;Straż Graniczna
23.05.2025 20:30:00;wewnątrz kraju;kraj;Bieszczadzki;Bieszczadzki;;wewnątrz kraju;Pojazdy;Osobowy;89000,00;Vauxhall Grandland ;szt.;1,0000;Policja | SG
23.05.2025 20:30:00;wewnątrz kraju;kraj;Bieszczadzki;Bieszczadzki;;wewnątrz kraju;Pojazdy;Osobowy;66000,00;Peugeot 3008;szt.;1,0000;Policja | SG
24.05.2025 10:00:00;Z RP;przejście;Nadbużański;PSG w Terespolu;Terespol - Brześć;Białoruś;Pojazdy;Osobowy;65000,00;Renault, rok produkcji 2016;szt.;1,0000;Straż Graniczna
25.05.2025 08:04:00;Z RP;przejście;Bieszczadzki;PSG w Lubaczowie;Budomierz - Hruszew;Ukraina;Pojazdy;Osobowy;27000,00;Volkswagen Passat;szt.;1,0000;Straż Graniczna
25.05.2025 06:45:00;wewnątrz kraju;strefa;Nadbużański;PSG w Bohukałach;;Białoruś;Papierosy;Papierosy;4920,66;;szt.;5600,0000;Straż Graniczna
25.05.2025 10:24:00;Z RP;przejście;Śląski;PSG w Katowicach-Pyrzowicach;Katowice-Pyrzowice;lotnicza;Amunicja;Ostra;2,00;SB 21 9x19;szt.;1,0000;Straż Graniczna
25.05.2025 07:34:00;Z RP;przejście;Bieszczadzki;PSG w Korczowej;Korczowa - Krakowiec;Ukraina;Pojazdy;Osobowy;45000,00;Mercedes Benz;szt.;1,0000;Straż Graniczna
25.05.2025 16:08:00;Do RP;przejście;Nadbużański;PSG w Dorohusku;Dorohusk - Jagodzin;Ukraina;Tytoń;Tytoń do palenia (wkłady);;wniosek nr 184;kg;0,0371;Straż Graniczna
25.05.2025 17:04:00;Do RP;przejście;Nadbużański;PSG w Dorohusku;Dorohusk - Jagodzin;Ukraina;Papierosy;Papierosy;57,11;wniosek nr 183;szt.;65,0000;Straż Graniczna
25.05.2025 14:00:00;Do RP;strefa;Nadodrzański;PSG w Jeleniej Górze;;Czechy;Narkotyki;Haszysz;16,00;;kg;0,0003;Straż Graniczna
26.05.2025 04:25:00;Z RP;przejście;Śląski;PSG w Katowicach-Pyrzowicach;Katowice-Pyrzowice;lotnicza;Broń;Inna;160,00;Pałka teleskopowa;szt.;1,0000;Straż Graniczna
25.05.2025 20:45:00;Do RP;przejście;Nadbużański;PSG w Dorohusku;Dorohusk - Jagodzin;Ukraina;Papierosy;Papierosy;105,44;;szt.;120,0000;KAS
26.05.2025 06:25:00;wewnątrz kraju;kraj;Nadbużański;PSG w Dołhobyczowie;;wewnątrz kraju;Narkotyki;Marihuana;157,60;;kg;0,0039;Straż Graniczna
26.05.2025 12:05:00;Z RP;przejście;Nadbużański;PSG w Hrubieszowie;Zosin - Ustiług;Ukraina;Pojazdy;Inny;1500,00;Rower górski marki CUBE;szt.;1,0000;Straż Graniczna
26.05.2025 12:05:00;Z RP;przejście;Nadbużański;PSG w Hrubieszowie;Zosin - Ustiług;Ukraina;Pojazdy;Inny;1500,00;Rower górski marki HAIBIKE;szt.;1,0000;Straż Graniczna
26.05.2025 13:50:00;Do RP;strefa;Podlaski;PSG w Szudziałowie;;Białoruś;Papierosy;Papierosy;26360,70;MIŃSK;szt.;30000,0000;Straż Graniczna
26.05.2025 13:45:00;wewnątrz kraju;kraj;Nadodrzański;PSG w Świecku;;wewnątrz kraju;Pojazdy;Osobowy;50000,00;BMW 218d;szt.;1,0000;Straż Graniczna
26.05.2025 15:30:00;Z RP;przejście;Bieszczadzki;PSG w Rzeszowie–Jasionce;Rzeszów-Jasionka;lotnicza;Amunicja;Ostra;3,00;bez oznaczenia na dnie łuski;szt.;1,0000;Straż Graniczna
26.05.2025 23:40:00;Do RP;przejście;Nadbużański;PSG w Dołhobyczowie;Dołhobyczów - Uhrynów;Ukraina;Papierosy;Papierosy;105,44;6 paczek po 20 szt. papierosów (120 szt.);szt.;120,0000;Straż Graniczna
26.05.2025 23:30:00;wewnątrz kraju;kraj;Bieszczadzki;Bieszczadzki;;wewnątrz kraju;Pojazdy;Inny;115000,00;Przyczepa kempingowa;szt.;1,0000;Policja | SG
26.05.2025 23:30:00;wewnątrz kraju;kraj;Bieszczadzki;Bieszczadzki;;wewnątrz kraju;Pojazdy;Inny;100000,00;Przyczepa kempingowa;szt.;1,0000;Policja | SG
26.05.2025 18:00:00;Do RP;przejście;Nadbużański;PSG w Dorohusku;Dorohusk - Jagodzin;Ukraina;Inne;Inne;2700,00;ZEGAREK MARKI HUBLOT;szt.;1,0000;KAS | SG
26.05.2025 18:00:00;Do RP;przejście;Nadbużański;PSG w Dorohusku;Dorohusk - Jagodzin;Ukraina;Inne;Inne;5200,00;ZEGAREK MARKI BREITLING;szt.;1,0000;KAS | SG
26.05.2025 18:00:00;Do RP;przejście;Nadbużański;PSG w Dorohusku;Dorohusk - Jagodzin;Ukraina;Inne;Inne;5000,00;ZEGAREK MARKI LUMINOR SUBMERSIBLE;szt.;1,0000;KAS | SG
26.05.2025 18:00:00;Do RP;przejście;Nadbużański;PSG w Dorohusku;Dorohusk - Jagodzin;Ukraina;Inne;Inne;5200,00;ZEGAREK MARKI LUMINOR PANERAI;szt.;1,0000;KAS | SG
26.05.2025 20:05:00;Z RP;przejście;Nadbużański;PSG w Dorohusku;Dorohusk - Jagodzin;Ukraina;Inne;Inne;587557,81;ŚRODKI PIENIĘŻNE W WALUCIE UAH;szt.;6542960,0000;KAS | SG
27.05.2025 10:00:00;Do RP;przejście;Bieszczadzki;PSG w Korczowej;Korczowa - Krakowiec;Ukraina;Amunicja;Inna;3,50;1 sztuka amunicji kal. 7,56mmx45mm;szt.;1,0000;Straż Graniczna
27.05.2025 12:00:00;wewnątrz kraju;kraj;Śląski;PSG w Katowicach-Pyrzowicach;;wewnątrz kraju;Narkotyki;Inne;20,00;Butelka o poj. ok. 200ml z zawartością gęstego płynu w kolorze brązowym;litr;0,2000;Straż Graniczna
27.05.2025 12:58:00;wewnątrz kraju;strefa;Bieszczadzki;PSG w Medyce;;Ukraina;Alkohol;Koniak;440,00;marka Amber;litr;11,0000;Straż Graniczna
27.05.2025 12:58:00;wewnątrz kraju;strefa;Bieszczadzki;PSG w Medyce;;Ukraina;Alkohol;Wódka;768,00;;litr;19,2000;Straż Graniczna
27.05.2025 13:30:00;Z RP;przejście;Bieszczadzki;PSG w Rzeszowie–Jasionce;Rzeszów-Jasionka;lotnicza;Amunicja;Ostra;3,00;"nabój karabinowy 9x39 z opisem na dnie łuski ""539 71""";szt.;1,0000;Straż Graniczna
27.05.2025 16:45:00;wewnątrz kraju;kraj;Karpacki;PSG w Krakowie;;wewnątrz kraju;Narkotyki;Marihuana;400,00;;kg;0,0100;Straż Graniczna
27.05.2025 16:45:00;wewnątrz kraju;kraj;Karpacki;PSG w Krakowie;;wewnątrz kraju;Narkotyki;Marihuana;120,00;;kg;0,0030;Straż Graniczna
27.05.2025 22:30:00;Do RP;przejście;Nadbużański;PSG w Terespolu;Kukuryki - Kozłowiczy;Białoruś;Papierosy;Papierosy;1054,43;;szt.;1200,0000;Straż Graniczna
27.05.2025 20:30:00;wewnątrz kraju;kraj;Nadbużański;Nadbużański;;wewnątrz kraju;Papierosy;Papierosy;1757344,85;;szt.;1999960,0000;Straż Graniczna
27.05.2025 15:31:00;wewnątrz kraju;kraj;Morski;PSG w Gdańsku;;wewnątrz kraju;Narkotyki;Inne;15674,00;konopie indyjskie;kg;0,3919;Straż Graniczna
27.05.2025 15:31:00;wewnątrz kraju;kraj;Morski;PSG w Gdańsku;;wewnątrz kraju;Narkotyki;Inne;9920,00;susz konopii indyjskich;kg;0,2480;Straż Graniczna
27.05.2025 15:31:00;wewnątrz kraju;kraj;Morski;PSG w Gdańsku;;wewnątrz kraju;Narkotyki;Inne;12500,00;klefedron;kg;0,2500;Straż Graniczna
27.05.2025 15:31:00;wewnątrz kraju;kraj;Morski;PSG w Gdańsku;;wewnątrz kraju;Narkotyki;Extasy;5000,00;;tabletka;200,0000;Straż Graniczna
27.05.2025 17:00:00;wewnątrz kraju;kraj;Morski;PSG w Ustce;;wewnątrz kraju;Narkotyki;Inne;15,00;MDMA;kg;0,0005;Straż Graniczna
28.05.2025 08:23:00;Z RP;strefa;Śląski;PSG w Katowicach-Pyrzowicach;;lotnicza;Amunicja;Ostra;3,00;SB  9x19 18;szt.;2,0000;Straż Graniczna
28.05.2025 13:30:00;Do RP;przejście;Nadbużański;PSG w Hrubieszowie;Zosin - Ustiług;Ukraina;Broń;Inna;60,00;imitacja kija bejsbolowego;szt.;1,0000;Straż Graniczna
28.05.2025 10:00:00;wewnątrz kraju;strefa;Nadbużański;PSG w Chłopiatynie;;Ukraina;Narkotyki;Marihuana;502,80;;kg;0,0126;Policja | SG
29.05.2025 10:37:00;Z RP;przejście;Nadwiślański;PSG w Warszawie-Okęciu;Warszawa-Okęcie;lotnicza;Amunicja;Ostra;;"amunicja niepozbawiona cech bojowych o oznaczeniach ""S&B 22 9x19""";szt.;1,0000;Straż Graniczna
29.05.2025 13:00:00;wewnątrz kraju;kraj;Nadbużański;PSG w Hrubieszowie;;wewnątrz kraju;Pojazdy;Osobowy;145000,00;;szt.;1,0000;Policja | SG | SG | SG
29.05.2025 08:30:00;Do RP;przejście;Bieszczadzki;PSG w Hermanowicach;Malhowice - Niżankowice;Ukraina;Alkohol;Inne;26,25;Alkohol powyżej 40% bez oznaczenia;litr;1,5000;SC | SG
25.05.2025 15:35:00;wewnątrz kraju;strefa;Podlaski;PSG w Narewce;;Białoruś;Narkotyki;Amfetamina;;;kg;0,0004;Straż Graniczna
29.05.2025 11:00:00;wewnątrz kraju;kraj;Podlaski;PSG w Bobrownikach;;wewnątrz kraju;Papierosy;Papierosy;702,95;Minsk superslim;szt.;800,0000;Straż Graniczna
29.05.2025 17:48:00;Z RP;przejście;Bieszczadzki;PSG w Korczowej;Korczowa - Krakowiec;Ukraina;Inne;Inne;11000,00;Rower elektryczny marki GIANT ;szt.;1,0000;Straż Graniczna
29.05.2025 22:00:00;Do RP;przejście;Nadbużański;PSG w Dołhobyczowie;Dołhobyczów - Uhrynów;Ukraina;Amunicja;Ostra;350,00;kal. 5.56x45 mm;szt.;7,0000;Straż Graniczna
30.05.2025 09:00:00;wewnątrz kraju;strefa;Bieszczadzki;PSG w Korczowej;;Ukraina;Papierosy;Papierosy;87,87;;szt.;100,0000;Straż Graniczna
30.05.2025 09:50:00;wewnątrz kraju;strefa;Bieszczadzki;PSG w Korczowej;Korczowa - Krakowiec;Ukraina;Papierosy;Papierosy;158,16;;szt.;180,0000;Straż Graniczna
31.05.2025 10:00:00;Do RP;przejście;Bieszczadzki;PSG w Korczowej;Korczowa - Krakowiec;Ukraina;Amunicja;Ostra;7,20;3 szt. amunicji o kalibrze 5,56x45 mm (amunicja ostra);szt.;3,0000;Straż Graniczna
31.05.2025 10:00:00;Do RP;przejście;Bieszczadzki;PSG w Korczowej;Korczowa - Krakowiec;Ukraina;Amunicja;Ostra;1,65;1 szt. amunicja sportowa 22LR kaliber 5,6x15 mm R (amunicja ostra);szt.;1,0000;Straż Graniczna
31.05.2025 14:30:00;Do RP;przejście;Bieszczadzki;PSG w Korczowej;Korczowa - Krakowiec;Ukraina;Amunicja;Ostra;2,50;1 szt. amunicji kaliber 5,45x39mm (amunicja ostra);szt.;1,0000;Straż Graniczna
31.05.2025 21:00:00;Z RP;przejście;Nadbużański;PSG w Hrebennem;Hrebenne - Rawa Ruska;Ukraina;Inne;Podzespoły samochodowe;3900,00;Prawa przednia ćwiartka karoserii z pojazdu marki BMW;szt.;1,0000;Straż Graniczna
31.05.2025 18:40:00;Z RP;przejście;Bieszczadzki;PSG w Rzeszowie–Jasionce;Rzeszów-Jasionka;lotnicza;Amunicja;Ostra;3,00;kaliber 5,54 z oznaczeniem na dnie łuski 17 81;szt.;1,0000;Straż Graniczna
31.05.2025 21:15:00;Do RP;przejście;Nadbużański;PSG w Dołhobyczowie;Dołhobyczów - Uhrynów;Ukraina;Papierosy;Papierosy;59,75;69 sztuk papierosów;szt.;68,0000;Straż Graniczna
31.05.2025 17:25:00;wewnątrz kraju;kraj;Nadbużański;PSG w Terespolu;;wewnątrz kraju;Narkotyki;Amfetamina;7942,90;;kg;0,1135;Straż Graniczna
01.06.2025 01:45:00;Do RP;przejście;Nadbużański;PSG w Dołhobyczowie;Dołhobyczów - Uhrynów;Ukraina;Papierosy;Papierosy;117,74;134 sztuki papierosów MARLBORO;szt.;134,0000;Straż Graniczna
01.06.2025 01:45:00;Do RP;przejście;Nadbużański;PSG w Dołhobyczowie;Dołhobyczów - Uhrynów;Ukraina;Inne;Inne;102,00;6,8 kg produktów pochodzenia zwierzęcego;kg;6,8000;Straż Graniczna
31.05.2025 19:00:00;Do RP;przejście;Nadbużański;PSG w Terespolu;Terespol - Brześć;Białoruś;Papierosy;Papierosy;140,59;;szt.;160,0000;KAS | SG
01.06.2025 06:00:00;Do RP;przejście;Nadbużański;PSG w Terespolu;Terespol - Brześć;Białoruś;Papierosy;Papierosy;4744,93;;szt.;5400,0000;Straż Graniczna
01.06.2025 06:12:00;wewnątrz kraju;strefa;Nadbużański;PSG w Terespolu;;Białoruś;Papierosy;Papierosy;74688,65;;szt.;85000,0000;Straż Graniczna
01.06.2025 12:35:00;wewnątrz kraju;strefa;Podlaski;PSG w Mielniku;;Białoruś;Papierosy;Papierosy;17573,80;Queen Menthol;szt.;20000,0000;Straż Graniczna
01.06.2025 20:15:00;Do RP;przejście;Nadbużański;PSG w Dorohusku;Dorohusk - Jagodzin;Ukraina;Tytoń;Tytoń do palenia;31,87;wyroby nowatorskie;kg;0,0477;SC | SG
02.06.2025 08:00:00;Do RP;przejście;Bieszczadzki;PSG w Korczowej;Korczowa - Krakowiec;Ukraina;Amunicja;Ostra;5,00;;szt.;2,0000;Straż Graniczna
02.06.2025 08:00:00;Do RP;przejście;Bieszczadzki;PSG w Korczowej;Korczowa - Krakowiec;Ukraina;Amunicja;Ostra;2,50;;szt.;1,0000;Straż Graniczna
22.05.2025 23:00:00;Z RP;przejście;Nadbużański;PSG w Terespolu;Kukuryki - Kozłowiczy;Białoruś;Pojazdy;Naczepa;230000,00;;szt.;1,0000;Straż Graniczna
26.05.2025 20:30:00;Do RP;przejście;Nadbużański;PSG w Terespolu;Terespol - Brześć;Białoruś;Pojazdy;Osobowy;125000,00;;szt.;1,0000;Straż Graniczna
02.06.2025 07:00:00;Do RP;przejście;Nadbużański;PSG w Terespolu;Terespol - Brześć;Białoruś;Inne;Inne;4200,00;czynnik chłodniczy R22;kg;30,0000;KAS | SG
02.06.2025 15:50:00;wewnątrz kraju;kraj;Nadwiślański;PSG w Łodzi;;wewnątrz kraju;Narkotyki;Marihuana;39,48;susz roślinny koloru brunatno-zielonego;kg;0,0010;Straż Graniczna
02.06.2025 21:05:00;Do RP;przejście;Nadbużański;PSG w Dorohusku;Dorohusk - Jagodzin;Ukraina;Inne;Inne;60,01;produkty pochodzenia zwierzęcego;kg;2,6000;SC | SG
02.06.2025 21:05:00;Do RP;przejście;Nadbużański;PSG w Dorohusku;Dorohusk - Jagodzin;Ukraina;Tytoń;Tytoń do palenia;133,63;tytoń;kg;0,2000;SC | SG
29.05.2025 20:00:00;Do RP;przejście;Nadbużański;PSG w Dorohusku;Dorohusk - Jagodzin;Ukraina;Waluta;Dolar amerykański - USD;59680,00;;szt.;16000,0000;SC | SG
03.06.2025 09:30:00;Do RP;przejście;Nadbużański;PSG w Dorohusku;Dorohusk - Jagodzin;Ukraina;Papierosy;Papierosy;89,63;;szt.;102,0000;Straż Graniczna
03.06.2025 10:50:00;Do RP;przejście;Nadbużański;PSG w Dorohusku;Dorohusk - Jagodzin;Ukraina;Papierosy;Papierosy;70,30;;szt.;80,0000;Straż Graniczna
03.06.2025 14:15:00;Do RP;przejście;Nadbużański;PSG w Dorohusku;Dorohusk - Jagodzin;Ukraina;Papierosy;Papierosy;105,44;;szt.;120,0000;Straż Graniczna
03.06.2025 14:30:00;Do RP;przejście;Nadbużański;PSG w Dorohusku;Dorohusk - Jagodzin;Ukraina;Papierosy;Papierosy;52,72;;szt.;60,0000;Straż Graniczna
03.06.2025 14:50:00;Do RP;przejście;Nadbużański;PSG w Dorohusku;Dorohusk - Jagodzin;Ukraina;Papierosy;Papierosy;35,15;;szt.;40,0000;Straż Graniczna
03.06.2025 06:01:00;wewnątrz kraju;kraj;Karpacki;PSG w Zakopanem;;wewnątrz kraju;Papierosy;Papierosy;22142,99;;szt.;25200,0000;Straż Graniczna
03.06.2025 06:01:00;wewnątrz kraju;kraj;Karpacki;PSG w Zakopanem;;wewnątrz kraju;Papierosy;Papierosy;22142,99;;szt.;25200,0000;Straż Graniczna
03.06.2025 23:00:00;wewnątrz kraju;strefa;Nadodrzański;PSG w Tuplicach;;Niemcy;Tytoń;susz tytoniowy;599210,25;;kg;657,7500;Straż Graniczna
04.06.2025 04:20:00;Z RP;strefa;Śląski;PSG w Katowicach-Pyrzowicach;;lotnicza;Broń;Inna;70,00;Przedmiot przypominający pałkę teleskopową koloru czarnego.;szt.;1,0000;Straż Graniczna
04.06.2025 08:30:00;Do RP;przejście;Bieszczadzki;PSG w Korczowej;Korczowa - Krakowiec;Ukraina;Amunicja;Ostra;0,30;kaliber 5.45x39mm;szt.;1,0000;Straż Graniczna
04.06.2025 08:50:00;Do RP;przejście;Bieszczadzki;PSG w Korczowej;Korczowa - Krakowiec;Ukraina;Amunicja;Ostra;0,45;kaliber 5.56mm x 45mm;szt.;1,0000;Straż Graniczna
04.06.2025 10:00:00;wewnątrz kraju;strefa;Bieszczadzki;PSG w Medyce;;Ukraina;Alkohol;Wino;15,00;wino musujące 7%;litr;0,7500;Straż Graniczna
04.06.2025 10:00:00;wewnątrz kraju;strefa;Bieszczadzki;PSG w Medyce;;Ukraina;Alkohol;Wódka;80,00;marka nemirof 40%;litr;2,0000;Straż Graniczna
04.06.2025 10:00:00;wewnątrz kraju;strefa;Bieszczadzki;PSG w Medyce;;Ukraina;Alkohol;Wódka;20,00;marka Kalganoff 40%;litr;0,5000;Straż Graniczna
04.06.2025 10:00:00;wewnątrz kraju;strefa;Bieszczadzki;PSG w Medyce;;Ukraina;Papierosy;Papierosy;175,74;marka Compliment;szt.;200,0000;Straż Graniczna
04.06.2025 10:00:00;wewnątrz kraju;strefa;Bieszczadzki;PSG w Medyce;;Ukraina;Papierosy;Papierosy;527,21;marka NZ;szt.;600,0000;Straż Graniczna
04.06.2025 10:00:00;wewnątrz kraju;strefa;Bieszczadzki;PSG w Medyce;;Ukraina;Papierosy;Papierosy;9665,59;marka ROTHMANS;szt.;11000,0000;Straż Graniczna
04.06.2025 10:00:00;wewnątrz kraju;strefa;Bieszczadzki;PSG w Medyce;;Ukraina;Papierosy;Papierosy;351,48;marka Davidof;szt.;400,0000;Straż Graniczna
04.06.2025 10:00:00;wewnątrz kraju;strefa;Bieszczadzki;PSG w Medyce;;Ukraina;Papierosy;Papierosy;175,74;marka Winston;szt.;200,0000;Straż Graniczna
04.06.2025 10:00:00;wewnątrz kraju;strefa;Bieszczadzki;PSG w Medyce;;Ukraina;Papierosy;Papierosy;878,69;marka Richmond;szt.;1000,0000;Straż Graniczna
04.06.2025 10:00:00;wewnątrz kraju;strefa;Bieszczadzki;PSG w Medyce;;Ukraina;Papierosy;Papierosy;456,92;marka PARAMOUNT;szt.;520,0000;Straż Graniczna
04.06.2025 10:00:00;wewnątrz kraju;strefa;Bieszczadzki;PSG w Medyce;;Ukraina;Papierosy;Papierosy;5623,62;marka PS;szt.;6400,0000;Straż Graniczna
04.06.2025 10:00:00;wewnątrz kraju;strefa;Bieszczadzki;PSG w Medyce;;Ukraina;Papierosy;Papierosy;351,48;marka MALBORO ;szt.;400,0000;Straż Graniczna
04.06.2025 10:00:00;wewnątrz kraju;strefa;Bieszczadzki;PSG w Medyce;;Ukraina;Papierosy;Papierosy;3901,38;Marki lifa Menthol;szt.;4440,0000;Straż Graniczna
04.06.2025 09:00:00;Do RP;przejście;Bieszczadzki;PSG w Korczowej;Korczowa - Krakowiec;Ukraina;Amunicja;Ostra;0,45;kaliber 5.56x45mm;szt.;1,0000;Straż Graniczna
04.06.2025 18:10:00;Do RP;przejście;Nadbużański;PSG w Terespolu;Terespol - Brześć;Białoruś;Papierosy;Papierosy;702,95;wyroby tytoniowe bez polskich znaków skarbowych akcyzy w postaci papierosów w ilości 800 sztuk o łącznej wartości 702,95zł.;szt.;800,0000;Straż Graniczna
05.06.2025 04:40:00;wewnątrz kraju;kraj;Bieszczadzki;PSG w Rzeszowie–Jasionce;Rzeszów-Jasionka;wewnątrz kraju;Amunicja;Ostra;2,00;1 sztuka amunicji kal. 5.56x45mm ;szt.;1,0000;Straż Graniczna
05.06.2025 16:50:00;Do RP;strefa;Morski;PSG w Świnoujściu;;morska;Inne;Inne;260000,00;Głowica od harvestera leśnego John Deere H423;szt.;1,0000;Straż Graniczna
05.06.2025 15:30:00;wewnątrz kraju;kraj;Nadodrzański;PSG w Świecku;;wewnątrz kraju;Narkotyki;Marihuana;47,60;;kg;0,0012;Straż Graniczna
06.06.2025 09:40:00;Do RP;przejście;Nadbużański;PSG w Dorohusku;Dorohusk - Jagodzin;Ukraina;Papierosy;Papierosy;70,30;;szt.;80,0000;Straż Graniczna
06.06.2025 09:47:00;Do RP;przejście;Nadbużański;PSG w Dorohusku;Dorohusk - Jagodzin;Ukraina;Papierosy;Papierosy;50,96;;szt.;58,0000;Straż Graniczna
06.06.2025 09:58:00;Do RP;przejście;Nadbużański;PSG w Dorohusku;Dorohusk - Jagodzin;Ukraina;Papierosy;Papierosy;123,02;;szt.;140,0000;Straż Graniczna
06.06.2025 08:55:00;wewnątrz kraju;strefa;Bieszczadzki;PSG w Hermanowicach;;Ukraina;Papierosy;Papierosy;5447,88;;szt.;6200,0000;Straż Graniczna
06.06.2025 12:15:00;Do RP;przejście;Nadbużański;PSG w Terespolu;Terespol - Brześć;Białoruś;Papierosy;Papierosy;2372,46;;szt.;2700,0000;Straż Graniczna
06.06.2025 09:30:00;wewnątrz kraju;strefa;Bieszczadzki;PSG w Korczowej;;Ukraina;Papierosy;Papierosy;193,31;Papierosy marki Compliment ;szt.;220,0000;Straż Graniczna
06.06.2025 13:30:00;Z RP;przejście;Nadbużański;PSG w Terespolu;Kukuryki - Kozłowiczy;Białoruś;Pojazdy;Motocykl;11000,00;HONDA CRF110 nr VIN: LALJE02A6R3600760, kolor czerwony, rok produkcji 2024;szt.;1,0000;Straż Graniczna
06.06.2025 07:00:00;Do RP;przejście;Nadbużański;PSG w Terespolu;Terespol - Brześć;Białoruś;Papierosy;Papierosy;1054,43;;szt.;1200,0000;KAS | SG
06.06.2025 15:40:00;Do RP;przejście;Nadbużański;PSG w Terespolu;Terespol - Brześć;Białoruś;Papierosy;Papierosy;1757,38;;szt.;2000,0000;KAS | SG
06.06.2025 17:08:00;wewnątrz kraju;strefa;Podlaski;PSG w Nowym Dworze;;Białoruś;Papierosy;Papierosy;24603,32;QUEEN MENTHOL ;szt.;28000,0000;Straż Graniczna
06.06.2025 17:08:00;wewnątrz kraju;strefa;Podlaski;PSG w Nowym Dworze;;Białoruś;Papierosy;Papierosy;1757,38;NZ BLACK;szt.;2000,0000;Straż Graniczna
06.06.2025 20:55:00;wewnątrz kraju;kraj;Nadodrzański;PSG w Świecku;;wewnątrz kraju;Narkotyki;Heroina;1182,00;;kg;0,0059;Straż Graniczna
07.06.2025 09:13:00;Z RP;przejście;Karpacki;PSG w Krakowie-Balicach;Kraków-Balice;morska;Amunicja;Ostra;4,00;Mark Ruger IV (KBKS);szt.;4,0000;Straż Graniczna
07.06.2025 16:50:00;Do RP;przejście;Bieszczadzki;PSG w Korczowej;Korczowa - Krakowiec;Ukraina;Amunicja;Ostra;1,20;1 szt. nabój 9x19mm (aminicja ostra);szt.;1,0000;Straż Graniczna
07.06.2025 20:00:00;Do RP;przejście;Bieszczadzki;PSG w Lubaczowie;Budomierz - Hruszew;Ukraina;Alkohol;Wódka;120,00;Ciecz o zapachu alkoholu;litr;3,0000;SC | SG
08.06.2025 13:46:00;wewnątrz kraju;strefa;Podlaski;PSG w Płaskiej;;Białoruś;Papierosy;Papierosy;175,74;Mińsk;szt.;200,0000;Straż Graniczna
08.06.2025 14:10:00;Z RP;strefa;Śląski;PSG w Katowicach-Pyrzowicach;;lotnicza;Amunicja;Ostra;1,30;przedmiot przypominający nabój koloru żółtego z napisem na spodzie łuski 9x19 NX 22 S&B;szt.;1,0000;Straż Graniczna
08.06.2025 16:46:00;Z RP;przejście;Nadwiślański;PSG w Warszawie-Okęciu;Warszawa-Okęcie;lotnicza;Narkotyki;Marihuana;499,00;susz roślinny koloru zielono-brązowego;kg;0,0100;Straż Graniczna
08.06.2025 20:21:00;wewnątrz kraju;kraj;Warmińsko-Mazurski;PSG w Gołdapi;;wewnątrz kraju;Pojazdy;Osobowy;16200,00;Bus;szt.;1,0000;Straż Graniczna
08.06.2025 21:00:00;Do RP;przejście;Bieszczadzki;PSG w Korczowej;Korczowa - Krakowiec;Ukraina;Amunicja;Ostra;12,50;Amunicja ostra ;szt.;1,0000;Straż Graniczna
08.06.2025 21:05:00;Do RP;przejście;Bieszczadzki;PSG w Korczowej;Korczowa - Krakowiec;Ukraina;Amunicja;Ostra;12,50;Amunicja kaliber 5,45;szt.;1,0000;Straż Graniczna
09.06.2025 03:20:00;Z RP;przejście;Bieszczadzki;PSG w Medyce;Medyka - Szeginie;Ukraina;Pojazdy;Inny;12000,00;rower marka CUBE, kolor szary, nr WOW59821KGKP;szt.;1,0000;Straż Graniczna
09.06.2025 12:52:00;Do RP;przejście;Nadbużański;PSG w Terespolu;Terespol - Brześć;Białoruś;Alkohol;Wódka;60,00;;litr;2,0000;Straż Graniczna
09.06.2025 12:00:00;wewnątrz kraju;kraj;Nadbużański;PSG w Lublinie;;wewnątrz kraju;Narkotyki;Inne;1159,50;Mefedron;kg;0,0232;Policja | SG
09.06.2025 12:00:00;wewnątrz kraju;kraj;Nadbużański;PSG w Lublinie;;wewnątrz kraju;Narkotyki;Marihuana;1233,00;;kg;0,0247;Policja | SG
09.06.2025 17:50:00;Do RP;przejście;Nadbużański;PSG w Dorohusku;Dorohusk - Jagodzin;Ukraina;Papierosy;Papierosy;123,02;WNIOSEK NR 192;szt.;140,0000;Straż Graniczna
09.06.2025 18:00:00;Do RP;przejście;Nadbużański;PSG w Dorohusku;Dorohusk - Jagodzin;Ukraina;Papierosy;Papierosy;87,87;wniosek nr 191;szt.;100,0000;Straż Graniczna
06.06.2025 11:00:00;wewnątrz kraju;kraj;Bieszczadzki;PSG w Rzeszowie–Jasionce;;wewnątrz kraju;Papierosy;Papierosy;20209,87;papierosy różnych marek bez polskich znaków akcyzy;szt.;23000,0000;Straż Graniczna
06.06.2025 11:00:00;wewnątrz kraju;kraj;Bieszczadzki;PSG w Rzeszowie–Jasionce;;wewnątrz kraju;Alkohol;Spirytus;2250,00;25 butelek o pojemności 1 litr;litr;25,0000;Straż Graniczna
06.06.2025 11:00:00;wewnątrz kraju;kraj;Bieszczadzki;PSG w Rzeszowie–Jasionce;;wewnątrz kraju;Papierosy;Papierosy;10210,38;papierosy różnych marek, bez polskich znaków skarbowych akcyzy;szt.;11620,0000;Straż Graniczna
06.06.2025 11:00:00;wewnątrz kraju;kraj;Bieszczadzki;PSG w Rzeszowie–Jasionce;;wewnątrz kraju;Papierosy;Papierosy;4006,83;papierosy różnych marek, bez polskich znaków skarbowych akcyzy;szt.;4560,0000;Straż Graniczna
10.06.2025 06:50:00;Z RP;przejście;Śląski;PSG w Katowicach-Pyrzowicach;Katowice-Pyrzowice;lotnicza;Amunicja;Ostra;1,00;Przedmiot przypominający amunicję z literą na spodzie: C;szt.;2,0000;Straż Graniczna
10.06.2025 06:00:00;wewnątrz kraju;strefa;Bieszczadzki;PSG w Medyce;;Ukraina;Papierosy;Papierosy;8997,79;;szt.;10240,0000;Straż Graniczna
10.06.2025 06:00:00;wewnątrz kraju;strefa;Bieszczadzki;PSG w Medyce;;Ukraina;Papierosy;Papierosy;47080,21;380 paczek papierosów marki „MALBORO”, 750 paczek papierosów marki „ROTHMANS”, 500 paczek papierosów marki „RICHMOND”, 600 paczek papierosów marki „LIFA”, 449 paczek papierosów marki „COMPLIMENT”;szt.;53580,0000;Straż Graniczna
10.06.2025 11:30:00;Do RP;przejście;Bieszczadzki;PSG w Korczowej;Korczowa - Krakowiec;Ukraina;Amunicja;Ostra;0,45;kaliber 7,62mm x 39mm;szt.;1,0000;Straż Graniczna
10.06.2025 13:30:00;Do RP;przejście;Bieszczadzki;PSG w Korczowej;Korczowa - Krakowiec;Ukraina;Amunicja;Ostra;0,45;kaliber 5.56x45;szt.;1,0000;Straż Graniczna
10.06.2025 10:30:00;Do RP;przejście;Nadwiślański;PSG w Warszawie-Okęciu;Warszawa-Okęcie;lotnicza;Narkotyki;Inne;14130,00;susz roślinny ;kg;0,2826;Straż Graniczna
10.06.2025 13:13:00;wewnątrz kraju;kraj;Bieszczadzki;Bieszczadzki;;wewnątrz kraju;Pojazdy;Osobowy;180000,00;KIA EV6;szt.;1,0000;Straż Graniczna
10.06.2025 15:50:00;Do RP;przejście;Nadbużański;PSG w Lublinie;Świdnik k/Lublina;lotnicza;Narkotyki;Marihuana;61,20;;kg;0,0015;Straż Graniczna
10.06.2025 15:50:00;Do RP;przejście;Nadbużański;PSG w Lublinie;Świdnik k/Lublina;lotnicza;Narkotyki;Marihuana;101,60;;kg;0,0025;Straż Graniczna
10.06.2025 14:30:00;Z RP;przejście;Bieszczadzki;PSG w Medyce;Medyka - Szeginie;Ukraina;Inne;Inne;68,04;WKŁADY TYTONIOWY;kg;0,0540;Straż Graniczna
11.06.2025 08:28:00;Z RP;przejście;Bieszczadzki;PSG w Lubaczowie;Budomierz - Hruszew;Ukraina;Inne;Inne;15000,00;rower elektryczny marki CUBE ;szt.;1,0000;Straż Graniczna
11.06.2025 09:50:00;Z RP;przejście;Bieszczadzki;PSG w Korczowej;Korczowa - Krakowiec;Ukraina;Inne;Inne;1000,00;hulajnoga elektryczna marki Xiaomi model Electricc-Skooter 4;szt.;1,0000;Straż Graniczna
11.06.2025 06:20:00;wewnątrz kraju;kraj;Warmińsko-Mazurski;PSG w Bezledach;;wewnątrz kraju;Papierosy;Papierosy;70,30;;szt.;80,0000;Straż Graniczna
11.06.2025 06:20:00;wewnątrz kraju;kraj;Warmińsko-Mazurski;PSG w Bezledach;;wewnątrz kraju;Tytoń;krajanka tytoniowa;404,20;;kg;0,4600;Straż Graniczna
11.06.2025 06:20:00;wewnątrz kraju;kraj;Warmińsko-Mazurski;PSG w Bezledach;;wewnątrz kraju;Tytoń;krajanka tytoniowa;12349,99;;kg;14,0550;Straż Graniczna
11.06.2025 09:00:00;Do RP;przejście;Bieszczadzki;PSG w Medyce;Medyka - Szeginie;Ukraina;Papierosy;Papierosy;140,59;Winston Blue;szt.;160,0000;Straż Graniczna
11.06.2025 09:40:00;wewnątrz kraju;strefa;Bieszczadzki;PSG w Hermanowicach;;Ukraina;Papierosy;Papierosy;1054,43;;szt.;1200,0000;SC | SG
11.06.2025 09:40:00;wewnątrz kraju;strefa;Bieszczadzki;PSG w Hermanowicach;;Ukraina;Papierosy;Papierosy;527,21;;szt.;600,0000;SC | SG
11.06.2025 20:30:00;Z RP;przejście;Nadbużański;PSG w Terespolu;Kukuryki - Kozłowiczy;Białoruś;Pojazdy;Naczepa;130000,00;;szt.;1,0000;Straż Graniczna
11.06.2025 21:10:00;wewnątrz kraju;kraj;Warmińsko-Mazurski;PSG w Olsztynie;;wewnątrz kraju;Papierosy;Papierosy;69767,99;;szt.;79400,0000;Straż Graniczna
11.06.2025 10:00:00;wewnątrz kraju;strefa;Podlaski;PSG w Kuźnicy;;Białoruś;Narkotyki;Marihuana;1534,59;;kg;0,0341;Straż Graniczna
11.06.2025 22:50:00;wewnątrz kraju;kraj;Nadodrzański;PSG w Świecku;;wewnątrz kraju;Pojazdy;Osobowy;120000,00;;szt.;1,0000;Straż Graniczna
12.06.2025 06:45:00;wewnątrz kraju;strefa;Nadbużański;PSG w Woli Uhruskiej;;Ukraina;Papierosy;Papierosy;1107,15;;szt.;1260,0000;Straż Graniczna
12.06.2025 09:00:00;wewnątrz kraju;kraj;Bieszczadzki;PSG w Rzeszowie–Jasionce;;wewnątrz kraju;Papierosy;Papierosy;193,31;;szt.;220,0000;Straż Graniczna
12.06.2025 07:30:00;wewnątrz kraju;kraj;Nadbużański;PSG w Terespolu;;wewnątrz kraju;Pojazdy;Osobowy;135000,00;LEXUS;szt.;1,0000;Policja | SG
12.06.2025 07:30:00;wewnątrz kraju;kraj;Nadbużański;PSG w Terespolu;;wewnątrz kraju;Pojazdy;Osobowy;35000,00;NISSAN;szt.;1,0000;Policja | SG
12.06.2025 07:30:00;wewnątrz kraju;kraj;Nadbużański;PSG w Terespolu;;wewnątrz kraju;Pojazdy;Osobowy;65000,00;RENAULT KADJAR;szt.;1,0000;Policja | SG
12.06.2025 07:30:00;wewnątrz kraju;kraj;Nadbużański;PSG w Terespolu;;wewnątrz kraju;Pojazdy;Osobowy;130000,00;LEXUS;szt.;1,0000;Policja | SG
12.06.2025 11:25:00;Z RP;przejście;Bieszczadzki;PSG w Medyce;Medyka - Szeginie;Ukraina;Płyn do e-papierosów;Płyn do e-papierosów;8000,00;Marka ELFBAR;szt.;200,0000;Straż Graniczna
12.06.2025 14:30:00;wewnątrz kraju;kraj;Nadbużański;PSG w Sławatyczach;;wewnątrz kraju;Narkotyki;Marihuana;30,00;susz ;kg;0,0008;Policja | SG
13.06.2025 01:00:00;Z RP;przejście;Nadbużański;PSG w Dołhobyczowie;Dołhobyczów - Uhrynów;Ukraina;Pojazdy;Ciężarowy;25000,00;NISSAN;szt.;1,0000;Straż Graniczna
12.06.2025 20:00:00;wewnątrz kraju;kraj;Nadbużański;PSG w Terespolu;;wewnątrz kraju;Papierosy;Papierosy;23548,89;;szt.;26800,0000;SC | Policja | SG
13.06.2025 12:30:00;Do RP;przejście;Nadbużański;PSG w Dorohusku;Dorohusk - Jagodzin;Ukraina;Papierosy;Papierosy;52,72;WNIOSEK NR 193 ;szt.;60,0000;Straż Graniczna
13.06.2025 12:40:00;Do RP;przejście;Nadbużański;PSG w Dorohusku;Dorohusk - Jagodzin;Ukraina;Papierosy;Papierosy;80,84;WNIOSEK NR 194;szt.;92,0000;Straż Graniczna
13.06.2025 10:40:00;wewnątrz kraju;strefa;Bieszczadzki;PSG w Medyce;;Ukraina;Pojazdy;Osobowy;80000,00;BMW X6;szt.;1,0000;Policja | SG
12.06.2025 15:35:00;wewnątrz kraju;kraj;Bieszczadzki;Bieszczadzki;;wewnątrz kraju;Tytoń;krajanka tytoniowa;4332820,39;;kg;4931,0000;Policja | KAS | SG
12.06.2025 15:35:00;wewnątrz kraju;kraj;Bieszczadzki;Bieszczadzki;;wewnątrz kraju;Tytoń;susz tytoniowy;19778,40;;kg;984,0000;Policja | KAS | SG
14.05.2025 17:30:00;wewnątrz kraju;kraj;Podlaski;PSG w Narewce;;wewnątrz kraju;Papierosy;Papierosy;19689,60;;szt.;22400,0000;Policja | SG
14.05.2025 17:30:00;wewnątrz kraju;kraj;Podlaski;PSG w Narewce;;wewnątrz kraju;Płyn do e-papierosów;Płyn do e-papierosów;4136,00;;litr;1175,0000;Policja | SG
13.06.2025 12:05:00;Z RP;przejście;Nadodrzański;PSG w Zielonej Górze-Babimoście;Zielona Góra-Babimost;lotnicza;Amunicja;Inna;4,00;kal. 12/70 śrutowa myśliwska;szt.;1,0000;Straż Graniczna
13.06.2025 13:40:00;Do RP;przejście;Nadwiślański;PSG w Warszawie-Okęciu;Warszawa-Okęcie;lotnicza;Narkotyki;Marihuana;3000,00;;kg;0,0600;Straż Graniczna
13.06.2025 23:50:00;Do RP;przejście;Nadbużański;PSG w Terespolu;Terespol - Brześć;Białoruś;Papierosy;Papierosy;131,80;;szt.;150,0000;Straż Graniczna
14.06.2025 10:50:00;Do RP;przejście;Bieszczadzki;PSG w Korczowej;Korczowa - Krakowiec;Ukraina;Amunicja;Ostra;1,80;kaliber 7,62x51mm;szt.;2,0000;Straż Graniczna
14.06.2025 12:30:00;Do RP;przejście;Nadbużański;PSG w Dołhobyczowie;Dołhobyczów - Uhrynów;Ukraina;Papierosy;Papierosy;158,16;9 paczek po 20 szt. papierosów bez polskich znaków skarbowych akcyzy;szt.;180,0000;Straż Graniczna
14.06.2025 12:30:00;Do RP;przejście;Nadbużański;PSG w Dołhobyczowie;Dołhobyczów - Uhrynów;Ukraina;Inne;Inne;37,50;Produkty pochodzenia zwierzęcego;kg;2,5000;Straż Graniczna
14.06.2025 04:06:00;wewnątrz kraju;strefa;Podlaski;PSG w Narewce;;Białoruś;Papierosy;Papierosy;26360,70;;szt.;30000,0000;Straż Graniczna
14.06.2025 08:20:00;wewnątrz kraju;strefa;Nadbużański;PSG w Sławatyczach;;Białoruś;Papierosy;Papierosy;26360,70;przy użyciu balonu meteorologicznego;szt.;30000,0000;Straż Graniczna
14.06.2025 09:00:00;wewnątrz kraju;strefa;Nadbużański;PSG w Białej Podlaskiej;;Białoruś;Papierosy;Papierosy;26360,70;"Queen Menthol ""przy użyciu balonu meteorologicznego""";szt.;30000,0000;Straż Graniczna
14.06.2025 17:31:00;Do RP;przejście;Nadbużański;PSG w Dorohusku;Dorohusk - Jagodzin;Ukraina;Papierosy;Papierosy;52,72;;szt.;60,0000;Straż Graniczna
14.06.2025 17:38:00;Do RP;przejście;Nadbużański;PSG w Dorohusku;Dorohusk - Jagodzin;Ukraina;Papierosy;Papierosy;52,72;;szt.;60,0000;Straż Graniczna
14.06.2025 20:52:00;Do RP;przejście;Nadbużański;PSG w Dołhobyczowie;Dołhobyczów - Uhrynów;Ukraina;Papierosy;Papierosy;140,59;8 paczek  po 20 sztuk papierosów;szt.;160,0000;Straż Graniczna
15.06.2025 00:20:00;Z RP;przejście;Nadbużański;PSG w Hrebennem;Hrebenne - Rawa Ruska;Ukraina;Pojazdy;Osobowy;20000,00;NISSAN model Navara rok prod. 2007 kolor granatowy o nr rejestracyjnym AI0CBE numer VIN VSKCVND40U0188945;szt.;1,0000;Straż Graniczna
09.06.2025 00:45:00;Z RP;przejście;Śląski;PSG w Katowicach-Pyrzowicach;Katowice-Pyrzowice;lotnicza;Broń;Inna;100,00;paralizator;szt.;1,0000;Straż Graniczna
15.06.2025 04:15:00;wewnątrz kraju;strefa;Podlaski;PSG w Kuźnicy;;Białoruś;Papierosy;Papierosy;26360,70;MINSK SUPERSLIMS;szt.;30000,0000;Straż Graniczna
15.06.2025 14:00:00;Do RP;przejście;Bieszczadzki;PSG w Korczowej;Korczowa - Krakowiec;Ukraina;Amunicja;Ostra;18,70;17 szt. baboi 9mm (amunicja ostra);szt.;17,0000;Straż Graniczna
15.06.2025 14:35:00;Do RP;przejście;Bieszczadzki;PSG w Korczowej;Korczowa - Krakowiec;Ukraina;Amunicja;Ostra;14,40;6 szt. naboi 5,45 (amunicja ostra);szt.;6,0000;Straż Graniczna
15.06.2025 14:35:00;Do RP;przejście;Bieszczadzki;PSG w Korczowej;Korczowa - Krakowiec;Ukraina;Amunicja;Ostra;5,50;1 szt. naboju o kalibrze 5,65 (amunicja ostra);szt.;1,0000;Straż Graniczna
15.06.2025 14:50:00;Do RP;przejście;Bieszczadzki;PSG w Korczowej;Korczowa - Krakowiec;Ukraina;Amunicja;Ostra;3,50;1 szt. naboju 5.56 (amunicja ostra);szt.;1,0000;Straż Graniczna
15.06.2025 15:05:00;Do RP;przejście;Bieszczadzki;PSG w Korczowej;Korczowa - Krakowiec;Ukraina;Amunicja;Ostra;2,50;1 szt. naboju 7.62 mm (amunicja ostra);szt.;1,0000;Straż Graniczna
15.06.2025 15:25:00;Do RP;przejście;Bieszczadzki;PSG w Korczowej;Korczowa - Krakowiec;Ukraina;Broń;Granat;86,00;2 szt. granat ręczny (Bojowy F1);szt.;2,0000;Straż Graniczna
15.06.2025 09:10:00;Z RP;przejście;Nadwiślański;PSG w Warszawie-Okęciu;Warszawa-Okęcie;lotnicza;Narkotyki;Marihuana;825000,00;Opakowania 141 sztuk z zawartością susz roślinny koloru zielonego. ;kg;33,0000;Straż Graniczna
15.06.2025 15:50:00;Do RP;przejście;Nadbużański;PSG w Lublinie;Świdnik k/Lublina;lotnicza;Inne;Inne;100,00;Mięso ;kg;2,5000;SC | SG
15.06.2025 17:25:00;Do RP;przejście;Bieszczadzki;PSG w Korczowej;Korczowa - Krakowiec;Ukraina;Amunicja;Ostra;2,50;1 szt. nabój 7.62 mm;szt.;1,0000;Straż Graniczna
15.06.2025 17:25:00;Do RP;przejście;Bieszczadzki;PSG w Korczowej;Korczowa - Krakowiec;Ukraina;Amunicja;Ostra;2,50;1 szt. nabój 5,45 mm (amunicja ostra);szt.;1,0000;Straż Graniczna
15.06.2025 20:00:00;Do RP;przejście;Bieszczadzki;PSG w Medyce;Medyka - Szeginie;Ukraina;Narkotyki;Extasy;50,00;Tabletki;tabletka;2,0000;Straż Graniczna
16.06.2025 09:36:00;wewnątrz kraju;kraj;Karpacki;PSG w Kielcach;;wewnątrz kraju;Tytoń;susz tytoniowy;1462,55;;kg;2,5000;Straż Graniczna
16.06.2025 09:36:00;wewnątrz kraju;kraj;Karpacki;PSG w Kielcach;;wewnątrz kraju;Papierosy;Papierosy;105,44;papierosy pakowane na sztuki w woreczki strunowe;szt.;120,0000;Straż Graniczna
16.06.2025 09:36:00;wewnątrz kraju;kraj;Karpacki;PSG w Kielcach;;wewnątrz kraju;Tytoń;susz tytoniowy;11700,40;;kg;20,0000;Straż Graniczna
16.06.2025 09:36:00;wewnątrz kraju;kraj;Karpacki;PSG w Kielcach;;wewnątrz kraju;Papierosy;Papierosy;1195,02;;szt.;1360,0000;Straż Graniczna
16.06.2025 04:25:00;wewnątrz kraju;strefa;Nadbużański;PSG w Dołhobrodach;;Białoruś;Papierosy;Papierosy;3163,28;MIŃSK;szt.;3600,0000;Straż Graniczna
16.06.2025 01:57:00;Do RP;strefa;Nadbużański;PSG w Dołhobrodach;;Białoruś;Papierosy;Papierosy;8786,90;MIŃSK;szt.;10000,0000;Straż Graniczna
16.06.2025 13:05:00;Do RP;przejście;Nadbużański;PSG w Dorohusku;Dorohusk - Jagodzin;Ukraina;Tytoń;Tytoń do palenia (wkłady);27,00;współdziałanie z KAS - wyroby nowatorskie;kg;0,0270;SC | SG
16.06.2025 16:50:00;Z RP;przejście;Nadwiślański;PSG w Warszawie-Okęciu;Warszawa-Okęcie;lotnicza;Amunicja;Ostra;;"o oznaczeniu ""545x39 N70""";szt.;3,0000;Straż Graniczna
16.06.2025 19:50:00;Z RP;przejście;Bieszczadzki;PSG w Korczowej;Korczowa - Krakowiec;Ukraina;Pojazdy;Osobowy;130000,00;VIN wybity na elemencie karoserii odbiega kształtem od przyjętego wzoru ;szt.;1,0000;Straż Graniczna
16.06.2025 23:10:00;Do RP;przejście;Nadbużański;PSG w Hrubieszowie;Zosin - Ustiług;Ukraina;Papierosy;Papierosy;87,87;100 sztuk Lucky Stricke;szt.;100,0000;Straż Graniczna
16.06.2025 06:30:00;wewnątrz kraju;kraj;Nadbużański;PSG w Hrebennem;;wewnątrz kraju;Pojazdy;Osobowy;400000,00;Jeep Wrangler ;szt.;2,0000;Policja | SG
16.06.2025 06:30:00;wewnątrz kraju;kraj;Nadbużański;PSG w Hrebennem;;wewnątrz kraju;Pojazdy;Osobowy;200000,00;Dodge Ram ;szt.;1,0000;Policja | SG
16.06.2025 06:30:00;wewnątrz kraju;kraj;Nadbużański;PSG w Hrebennem;;wewnątrz kraju;Pojazdy;Osobowy;150000,00;Dodge Ram czarny bez silnika i częściowo bez środka;szt.;1,0000;Policja | SG
16.06.2025 06:30:00;wewnątrz kraju;kraj;Nadbużański;PSG w Hrebennem;;wewnątrz kraju;Pojazdy;Motocykl;20000,00;BMW GS ;szt.;1,0000;Policja | SG
16.06.2025 06:30:00;wewnątrz kraju;kraj;Nadbużański;PSG w Hrebennem;;wewnątrz kraju;Pojazdy;Osobowy;5000,00;Audi ;szt.;1,0000;Policja | SG
16.06.2025 06:30:00;wewnątrz kraju;kraj;Nadbużański;PSG w Hrebennem;;wewnątrz kraju;Pojazdy;Osobowy;150000,00;Alfa Romeo Stelvio ;szt.;1,0000;Policja | SG
16.06.2025 06:30:00;wewnątrz kraju;kraj;Nadbużański;PSG w Hrebennem;;wewnątrz kraju;Inne;Podzespoły samochodowe;862000,00;Części samochodowe ;szt.;87,0000;Policja | SG
16.06.2025 06:30:00;wewnątrz kraju;kraj;Nadbużański;PSG w Hrebennem;Hrebenne - Rawa Ruska;wewnątrz kraju;Pojazdy;Osobowy;300000,00;Mercedes V classe kamper ;szt.;1,0000;Policja | SG
17.06.2025 05:00:00;Do RP;przejście;Nadbużański;PSG w Terespolu;Kukuryki - Kozłowiczy;Białoruś;Pojazdy;Naczepa;150000,00;SCHMITZ;szt.;1,0000;Straż Graniczna
17.06.2025 06:00:00;Do RP;przejście;Nadbużański;PSG w Terespolu;Kukuryki - Kozłowiczy;Białoruś;Papierosy;Papierosy;3922472,16;;szt.;4464000,0000;KAS | SG
17.06.2025 22:48:00;wewnątrz kraju;kraj;Bieszczadzki;Bieszczadzki;;wewnątrz kraju;Pojazdy;Osobowy;50000,00;Kia Rio;szt.;1,0000;Policja | Policja | SG
17.06.2025 22:54:00;wewnątrz kraju;kraj;Bieszczadzki;Bieszczadzki;;wewnątrz kraju;Pojazdy;Osobowy;130000,00;Toyota RAV4;szt.;1,0000;Policja | Policja | SG
17.06.2025 21:40:00;wewnątrz kraju;kraj;Śląski;PSG w Katowicach-Pyrzowicach;;wewnątrz kraju;Narkotyki;Marihuana;16,80;Susz roślinny w woreczku strunowym;kg;0,0004;Straż Graniczna
18.06.2025 09:25:00;wewnątrz kraju;strefa;Bieszczadzki;PSG w Korczowej;;Ukraina;Papierosy;Papierosy;527,21;COMPLIEMENT;szt.;600,0000;Straż Graniczna
18.06.2025 14:40:00;Do RP;przejście;Nadwiślański;PSG w Warszawie-Okęciu;Warszawa-Okęcie;lotnicza;Inne;Inne;25000,00;Sprasowane kostli z brązową substancją lacznie 4 duże kostki i 2 małe kostki;kg;0,5000;Straż Graniczna
19.06.2025 09:35:00;Z RP;strefa;Śląski;PSG w Katowicach-Pyrzowicach;;lotnicza;Amunicja;Ostra;3,00;Przedmiot przypominający amunicję w kolorze żółtym z różowym pociskiem i wygrawerowanym napisem na spodzie: S&B 12 9x19;szt.;1,0000;Straż Graniczna
19.06.2025 16:45:00;Do RP;przejście;Nadbużański;PSG w Hrebennem;Hrebenne - Rawa Ruska;Ukraina;Papierosy;Papierosy;35,15;uszczuplenia celne  61,00 zł. ;szt.;40,0000;Straż Graniczna
19.06.2025 19:25:00;Do RP;przejście;Nadbużański;PSG w Hrubieszowie;Zosin - Ustiług;Ukraina;Papierosy;Papierosy;17,57;;szt.;20,0000;Straż Graniczna
19.06.2025 18:00:00;wewnątrz kraju;kraj;Nadbużański;PSG w Hrubieszowie;;wewnątrz kraju;Inne;Podzespoły samochodowe;144000,00;Skrzynie biegów;szt.;18,0000;Policja | SG
19.06.2025 18:00:00;wewnątrz kraju;kraj;Nadbużański;PSG w Hrubieszowie;;wewnątrz kraju;Inne;Podzespoły samochodowe;4000,00;Fotele ;szt.;4,0000;Policja | SG
19.06.2025 18:00:00;wewnątrz kraju;kraj;Nadbużański;PSG w Hrubieszowie;;wewnątrz kraju;Inne;Podzespoły samochodowe;2000,00;Zderzak;szt.;1,0000;Policja | SG
19.06.2025 18:00:00;wewnątrz kraju;kraj;Nadbużański;PSG w Hrubieszowie;;wewnątrz kraju;Inne;Podzespoły samochodowe;1000,00;moduł elektroniczny;szt.;1,0000;Policja | SG
19.06.2025 11:42:00;wewnątrz kraju;kraj;Karpacki;PSG w Zakopanem;;wewnątrz kraju;Narkotyki;Marihuana;103,50;;kg;0,0023;Straż Graniczna
19.06.2025 15:03:00;wewnątrz kraju;kraj;Podlaski;PSG w Rutce-Tartak;;wewnątrz kraju;Narkotyki;Marihuana;140,80;susz roślinny koloru zielonego ;kg;0,0035;Straż Graniczna
19.06.2025 22:25:00;wewnątrz kraju;kraj;Bieszczadzki;PSG w Lubaczowie;;wewnątrz kraju;Tytoń;susz tytoniowy;1336300,00;;kg;2000,0000;SC | SG
19.06.2025 22:25:00;wewnątrz kraju;kraj;Bieszczadzki;PSG w Lubaczowie;;wewnątrz kraju;Tytoń;krajanka tytoniowa;130046,12;;kg;148,0000;SC | SG
19.06.2025 22:25:00;wewnątrz kraju;kraj;Bieszczadzki;PSG w Lubaczowie;;wewnątrz kraju;Inne;Inne;10000,00;Maszyna do krojenia;szt.;1,0000;SC | SG
20.06.2025 10:00:00;Do RP;przejście;Nadbużański;PSG w Dorohusku;Dorohusk - Jagodzin;Ukraina;Papierosy;Papierosy;80,84;WNIOSEK NR 197;szt.;92,0000;Straż Graniczna
20.06.2025 10:15:00;Do RP;przejście;Nadbużański;PSG w Dorohusku;Dorohusk - Jagodzin;Ukraina;Papierosy;Papierosy;105,44;wniosek nr 198;szt.;120,0000;Straż Graniczna
20.06.2025 19:20:00;wewnątrz kraju;kraj;Warmińsko-Mazurski;PSG w Olsztynie;;wewnątrz kraju;Papierosy;Papierosy;83036,21;;szt.;94500,0000;Straż Graniczna
21.06.2025 09:45:00;Z RP;przejście;Karpacki;PSG w Krakowie-Balicach;Kraków-Balice;lotnicza;Amunicja;Ostra;2,00;oznaczenie na denku S&B 5,56x45  22;szt.;1,0000;Straż Graniczna
21.06.2025 09:00:00;Z RP;przejście;Nadbużański;PSG w Lublinie;Świdnik k/Lublina;lotnicza;Amunicja;Ostra;26,00;22 LR;szt.;50,0000;Straż Graniczna
21.06.2025 17:30:00;Z RP;przejście;Karpacki;PSG w Krakowie-Balicach;Kraków-Balice;lotnicza;Amunicja;Ostra;1,00;oznaczenie na denku S&B 9mm M;szt.;1,0000;Straż Graniczna
22.06.2025 04:50:00;Do RP;przejście;Bieszczadzki;PSG w Korczowej;Korczowa - Krakowiec;Ukraina;Amunicja;Ostra;2,50;;szt.;1,0000;Straż Graniczna
22.06.2025 05:10:00;Z RP;przejście;Karpacki;PSG w Krakowie-Balicach;Kraków-Balice;lotnicza;Amunicja;Ostra;2,00;Oznaczenie na denku LC 24;szt.;1,0000;Straż Graniczna
22.06.2025 05:45:00;Do RP;przejście;Bieszczadzki;PSG w Korczowej;Korczowa - Krakowiec;Ukraina;Amunicja;Ostra;2,50;;szt.;1,0000;Straż Graniczna
22.06.2025 09:15:00;Do RP;przejście;Nadbużański;PSG w Terespolu;Terespol - Brześć;Białoruś;Alkohol;Wódka;50,00;wódki w ilości 1 litra o wartości 40 zł;litr;1,0000;Straż Graniczna
22.06.2025 08:10:00;wewnątrz kraju;kraj;Nadodrzański;PSG we Wrocławiu-Strachowicach;;wewnątrz kraju;Papierosy;Papierosy;7732,47;;szt.;8800,0000;Straż Graniczna
22.06.2025 08:10:00;wewnątrz kraju;kraj;Nadodrzański;PSG we Wrocławiu-Strachowicach;;wewnątrz kraju;Papierosy;Papierosy;14059,04;;szt.;16000,0000;Straż Graniczna
22.06.2025 21:01:00;Do RP;przejście;Nadbużański;PSG w Dorohusku;Dorohusk - Jagodzin;Ukraina;Papierosy;Papierosy;217,04;wniosek nr 199;szt.;247,0000;Straż Graniczna
22.06.2025 21:22:00;Do RP;przejście;Nadbużański;PSG w Dorohusku;Dorohusk - Jagodzin;Ukraina;Papierosy;Papierosy;52,72;WNIOSEK NR 200;szt.;60,0000;Straż Graniczna
22.06.2025 21:29:00;Do RP;przejście;Nadbużański;PSG w Dorohusku;Dorohusk - Jagodzin;Ukraina;Papierosy;Papierosy;35,15;WNIOSEK NR 201;szt.;40,0000;Straż Graniczna
22.06.2025 21:35:00;Do RP;przejście;Nadbużański;PSG w Dorohusku;Dorohusk - Jagodzin;Ukraina;Papierosy;Papierosy;52,72;WNIOSEK NR 202;szt.;60,0000;Straż Graniczna
22.06.2025 22:00:00;Do RP;przejście;Nadbużański;PSG w Hrebennem;Hrebenne - Rawa Ruska;Ukraina;Papierosy;Papierosy;333,90;ujawniono 380 szt. papierosów  uszczuplenia celne 568 zł ;szt.;380,0000;SC | SG
22.06.2025 22:00:00;Do RP;przejście;Nadbużański;PSG w Hrebennem;Hrebenne - Rawa Ruska;Ukraina;Inne;Inne;84,50;produkty pochodzenia roślinnego o wadze 8,45 kg;kg;8,4500;SC | SG
22.06.2025 22:00:00;Do RP;przejście;Nadbużański;PSG w Hrebennem;Hrebenne - Rawa Ruska;Ukraina;Inne;Inne;122,25;rodukty pochodzenia zwierzęcego o wadze 8,15kg ;kg;8,1500;SC | SG
18.06.2025 19:00:00;wewnątrz kraju;kraj;Nadbużański;PSG w Terespolu;;wewnątrz kraju;Inne;Podzespoły samochodowe;100000,00;;szt.;1,0000;Policja | SG
23.06.2025 06:00:00;wewnątrz kraju;kraj;Nadodrzański;PSG w Kłodzku;;wewnątrz kraju;Narkotyki;Marihuana;280,00;;kg;0,0070;Policja | SG
23.06.2025 06:00:00;wewnątrz kraju;kraj;Nadodrzański;PSG w Kłodzku;;wewnątrz kraju;Narkotyki;Inne;7040,00;metaamfetamina;kg;0,0880;Policja | SG
23.06.2025 06:00:00;wewnątrz kraju;kraj;Nadodrzański;PSG w Kłodzku;;wewnątrz kraju;Waluta;Złoty - PLN;106580,00;;szt.;106580,0000;Policja | SG
23.06.2025 06:00:00;wewnątrz kraju;kraj;Nadodrzański;PSG w Kłodzku;;wewnątrz kraju;Waluta;Euro - EUR;4042,00;;szt.;940,0000;Policja | SG
23.06.2025 06:00:00;wewnątrz kraju;kraj;Nadodrzański;PSG w Kłodzku;;wewnątrz kraju;Waluta;Dolar amerykański - USD;1052,19;;szt.;283,0000;Policja | SG
23.06.2025 13:42:00;Z RP;strefa;Śląski;PSG w Katowicach-Pyrzowicach;Katowice-Pyrzowice;lotnicza;Broń;Inna;150,00;kastet;szt.;1,0000;Straż Graniczna
24.06.2025 11:10:00;Z RP;przejście;Karpacki;PSG w Krakowie-Balicach;Kraków-Balice;lotnicza;Amunicja;Ostra;1,00;oznaczenie na denku S&B 9x19;szt.;1,0000;Straż Graniczna
24.06.2025 08:45:00;wewnątrz kraju;kraj;Nadbużański;PSG w Terespolu;;wewnątrz kraju;Pojazdy;Osobowy;120000,00;LEXUS;szt.;1,0000;Policja | SG
24.06.2025 13:50:00;wewnątrz kraju;strefa;Warmińsko-Mazurski;PSG w Grzechotkach;;Rosja;Papierosy;Papierosy;4481,32;;szt.;5100,0000;Straż Graniczna
24.06.2025 22:50:00;Do RP;przejście;Nadbużański;PSG w Dołhobyczowie;Dołhobyczów - Uhrynów;Ukraina;Alkohol;Koniak;30,00;dwie butelki koniaku po 500 ml marki OLD KAKHETI oraz AZNAURI;litr;1,0000;KAS | SG
24.06.2025 22:00:00;wewnątrz kraju;kraj;Bieszczadzki;Bieszczadzki;;wewnątrz kraju;Pojazdy;Osobowy;190000,00;Audi RS Q3;szt.;1,0000;Policja | Policja | SG
25.06.2025 10:15:00;Do RP;przejście;Nadbużański;PSG w Dorohusku;Dorohusk - Jagodzin;Ukraina;Papierosy;Papierosy;105,44;wniosek 204;szt.;120,0000;Straż Graniczna
25.06.2025 10:15:00;Do RP;przejście;Nadbużański;PSG w Dorohusku;Dorohusk - Jagodzin;Ukraina;Papierosy;Papierosy;219,67;wniosek 205;szt.;250,0000;Straż Graniczna
25.06.2025 10:15:00;Do RP;przejście;Nadbużański;PSG w Dorohusku;Dorohusk - Jagodzin;Ukraina;Papierosy;Papierosy;52,72;wniosek 203;szt.;60,0000;Straż Graniczna
25.06.2025 11:45:00;wewnątrz kraju;kraj;Morski;PSG w Świnoujściu;;wewnątrz kraju;Pojazdy;Osobowy;150000,00;;szt.;1,0000;Straż Graniczna
25.06.2025 10:50:00;Do RP;przejście;Nadbużański;PSG w Dorohusku;Dorohusk - Jagodzin;Ukraina;Tytoń;Tytoń do palenia (wkłady);;współdziałanie;kg;0,0646;SC | SG
25.06.2025 17:05:00;Do RP;przejście;Bieszczadzki;PSG w Medyce;Medyka - Szeginie;Ukraina;Papierosy;Papierosy;27,24;marki COMPLIMENT;szt.;31,0000;Straż Graniczna
25.06.2025 20:20:00;Do RP;przejście;Bieszczadzki;PSG w Medyce;Medyka - Szeginie;Ukraina;Papierosy;Papierosy;105,44;;szt.;120,0000;Straż Graniczna
25.06.2025 19:35:00;wewnątrz kraju;kraj;Morski;PSG w Świnoujściu;;wewnątrz kraju;Pojazdy;Osobowy;170000,00;;szt.;1,0000;Straż Graniczna
25.06.2025 22:45:00;Do RP;przejście;Nadbużański;PSG w Hrubieszowie;Zosin - Ustiług;Ukraina;Inne;Inne;60,00;Produkt pochodzenia zwierzęcego;kg;3,0000;Straż Graniczna
26.06.2025 05:25:00;Z RP;przejście;Nadbużański;PSG w Dołhobyczowie;Dołhobyczów - Uhrynów;Ukraina;Pojazdy;Osobowy;30000,00;Audi Q7 rok prod. 2006;szt.;1,0000;Straż Graniczna
26.06.2025 06:10:00;wewnątrz kraju;kraj;Nadbużański;PSG w Hrubieszowie;;wewnątrz kraju;Pojazdy;Motocykl;65000,00;BMW F 850 GS;szt.;1,0000;Policja | SG
26.06.2025 07:00:00;Do RP;przejście;Nadbużański;PSG w Dorohusku;Dorohusk - Jagodzin;Ukraina;Broń;Inna;;alarmowa STALKER;szt.;1,0000;KAS
26.06.2025 07:00:00;Do RP;przejście;Nadbużański;PSG w Dorohusku;Dorohusk - Jagodzin;Ukraina;Amunicja;Inna;; 9 mm;szt.;5,0000;KAS
26.06.2025 07:00:00;Do RP;przejście;Nadbużański;PSG w Dorohusku;Dorohusk - Jagodzin;Ukraina;Amunicja;Inna;;bez oznaczeń i numerów ;szt.;18,0000;KAS
26.06.2025 07:30:00;Do RP;przejście;Bieszczadzki;PSG w Korczowej;Korczowa - Krakowiec;Ukraina;Amunicja;Ostra;2,50;Amunicja 5.45x39mm;szt.;1,0000;Straż Graniczna
26.06.2025 10:15:00;Do RP;przejście;Bieszczadzki;PSG w Korczowej;Korczowa - Krakowiec;Ukraina;Amunicja;Ostra;2,50;Amunicja 5.45x39mm;szt.;1,0000;Straż Graniczna
26.06.2025 07:00:00;Do RP;przejście;Nadbużański;PSG w Terespolu;Terespol - Brześć;Białoruś;Inne;Inne;7800,00;FARMACEUTYKI - ampułeki Actovegin lek sterydowy;szt.;600,0000;KAS | SG
26.06.2025 07:00:00;Do RP;przejście;Nadbużański;PSG w Terespolu;Terespol - Brześć;Białoruś;Inne;Inne;5520,00;FARMACEUTYKI - ampułki Komdang 2 ;szt.;184,0000;KAS | SG
26.06.2025 07:00:00;Do RP;przejście;Nadbużański;PSG w Terespolu;Terespol - Brześć;Białoruś;Inne;Inne;3600,00;FARMACEUTYKI - lek od robaków Peaziquantel.;szt.;1200,0000;KAS | SG
26.06.2025 07:30:00;Do RP;przejście;Bieszczadzki;PSG w Korczowej;Korczowa - Krakowiec;Ukraina;Amunicja;Ostra;2,50;Amunicja 5,45 x 39mm ;szt.;1,0000;Straż Graniczna
26.06.2025 13:35:00;Do RP;przejście;Nadbużański;PSG w Hrubieszowie;Zosin - Ustiług;Ukraina;Papierosy;Papierosy;123,02;Lucky Stricke;szt.;140,0000;Straż Graniczna
26.06.2025 13:00:00;wewnątrz kraju;kraj;Bieszczadzki;Bieszczadzki;;wewnątrz kraju;Papierosy;Papierosy;694147,53;papierosy różnych marek;szt.;789980,0000;KAS | Policja | SG
26.06.2025 13:00:00;wewnątrz kraju;kraj;Bieszczadzki;Bieszczadzki;;wewnątrz kraju;Waluta;Euro - EUR;277387,87;banknoty o różnych nominałach;szt.;65300,0000;KAS | Policja | SG
27.06.2025 07:05:00;Do RP;przejście;Nadbużański;PSG w Dołhobyczowie;Dołhobyczów - Uhrynów;Ukraina;Papierosy;Papierosy;35,15;2 paczki po 20 szt. papierosów w paczce;szt.;40,0000;Straż Graniczna
27.06.2025 02:54:00;Do RP;strefa;Nadbużański;PSG w Sławatyczach;;Białoruś;Papierosy;Papierosy;8786,90;NZ;szt.;10000,0000;Straż Graniczna
27.06.2025 08:26:00;wewnątrz kraju;kraj;Śląski;PSG w Rudzie Śląskiej;;wewnątrz kraju;Narkotyki;Marihuana;21,00;;kg;0,0004;Straż Graniczna
27.06.2025 11:30:00;wewnątrz kraju;kraj;Bieszczadzki;PSG w Rzeszowie–Jasionce;;wewnątrz kraju;Pojazdy;Osobowy;85000,00;MERCEDES BENZ A 200;szt.;1,0000;Policja | Policja | Policja | SG
27.06.2025 14:50:00;wewnątrz kraju;strefa;Nadbużański;PSG w Dołhobrodach;;Białoruś;Papierosy;Papierosy;8786,90;QUEEN MENTHOL;szt.;10000,0000;Straż Graniczna
28.06.2025 13:15:00;Do RP;przejście;Bieszczadzki;PSG w Korczowej;Korczowa - Krakowiec;Ukraina;Broń;Inna;350,00;pistolet startowy marki RETAY 17 kaliber  9mm  P.A.  ;szt.;1,0000;Straż Graniczna
28.06.2025 00:00:00;wewnątrz kraju;kraj;Nadbużański;PSG w Terespolu;;wewnątrz kraju;Narkotyki;Inne;3292328,80;metamfetamina;kg;41,1541;Straż Graniczna
28.06.2025 00:00:00;wewnątrz kraju;kraj;Nadbużański;PSG w Terespolu;;wewnątrz kraju;Narkotyki;Inne;140337,60;Mefedron ;kg;2,3390;Straż Graniczna
28.06.2025 18:00:00;Do RP;przejście;Bieszczadzki;PSG w Medyce;Medyka - Szeginie;Ukraina;Pojazdy;Osobowy;40000,00;Toyota RV 4;szt.;1,0000;Straż Graniczna
28.06.2025 20:15:00;Do RP;przejście;Nadbużański;PSG w Hrebennem;Hrebenne - Rawa Ruska;Ukraina;Amunicja;Ostra;20,00;STV 9mm Luger ;szt.;10,0000;Straż Graniczna
29.06.2025 02:05:00;Do RP;strefa;Nadodrzański;PSG w Świecku;;Niemcy;Pojazdy;Osobowy;50000,00;Renault Megan;szt.;1,0000;Straż Graniczna
29.06.2025 09:20:00;Do RP;przejście;Nadbużański;PSG w Dorohusku;Dorohusk - Jagodzin;Ukraina;Papierosy;Papierosy;105,44;wniosek 206;szt.;120,0000;Straż Graniczna
29.06.2025 09:20:00;Do RP;przejście;Nadbużański;PSG w Dorohusku;Dorohusk - Jagodzin;Ukraina;Papierosy;Papierosy;123,02;wniosek 207;szt.;140,0000;Straż Graniczna
29.06.2025 09:20:00;Do RP;przejście;Nadbużański;PSG w Dorohusku;Dorohusk - Jagodzin;Ukraina;Papierosy;Papierosy;52,72;wniosek 208;szt.;60,0000;Straż Graniczna
29.06.2025 09:20:00;Do RP;przejście;Nadbużański;PSG w Dorohusku;Dorohusk - Jagodzin;Ukraina;Papierosy;Papierosy;162,56;wniosek 210;szt.;185,0000;Straż Graniczna
29.06.2025 09:20:00;Do RP;przejście;Nadbużański;PSG w Dorohusku;Dorohusk - Jagodzin;Ukraina;Papierosy;Papierosy;78,20;wniosek 209;szt.;89,0000;Straż Graniczna
29.06.2025 07:50:00;wewnątrz kraju;kraj;Karpacki;PSG w Kielcach;;wewnątrz kraju;Papierosy;Papierosy;7205,26;8200szt różnych marek;szt.;8200,0000;Straż Graniczna
29.06.2025 07:50:00;wewnątrz kraju;kraj;Karpacki;PSG w Kielcach;;wewnątrz kraju;Tytoń;susz tytoniowy;8347,56;;kg;9,5000;Straż Graniczna
29.06.2025 07:50:00;wewnątrz kraju;kraj;Karpacki;PSG w Kielcach;;wewnątrz kraju;Alkohol;Spirytus;400,00;10 plastikowych butelek 1 litr kazda butelka;litr;10,0000;Straż Graniczna
29.06.2025 11:45:00;Z RP;przejście;Bieszczadzki;PSG w Rzeszowie–Jasionce;Rzeszów-Jasionka;lotnicza;Amunicja;Ostra;2,50;1 szt. naboju karabionowego kal. 5.54x39;szt.;1,0000;Straż Graniczna
29.06.2025 19:40:00;Do RP;przejście;Bieszczadzki;PSG w Hermanowicach;Malhowice - Niżankowice;Ukraina;Alkohol;Inne;40,00;GIN marki Bombay Sapphire;litr;1,0000;Straż Graniczna
27.05.2025 15:40:00;wewnątrz kraju;kraj;Morski;PSG w Kołobrzegu;;wewnątrz kraju;Narkotyki;Inne;161,60;metaamfetamina;kg;0,0020;Straż Graniczna
28.06.2025 18:58:00;wewnątrz kraju;kraj;Morski;PSG w Kołobrzegu;;wewnątrz kraju;Tytoń;krajanka tytoniowa;160356,00;12 worków polipropylenowych;kg;240,0000;Straż Graniczna
28.06.2025 18:58:00;wewnątrz kraju;kraj;Morski;PSG w Kołobrzegu;;wewnątrz kraju;Tytoń;krajanka tytoniowa;20712,65;2 worki polipropylenowe;kg;31,0000;Straż Graniczna
28.06.2025 18:58:00;wewnątrz kraju;kraj;Morski;PSG w Kołobrzegu;;wewnątrz kraju;Tytoń;susz tytoniowy;4944,00;wysuszone liście tytoniu;kg;246,0000;Straż Graniczna
30.06.2025 17:30:00;Do RP;przejście;Nadwiślański;PSG w Warszawie-Okęciu;Warszawa-Okęcie;lotnicza;Amunicja;Ostra;;1 sztukę amunicji o oznaczeniu na kryzie łuski „LCW 9x18.;szt.;1,0000;Straż Graniczna
01.07.2025 08:00:00;wewnątrz kraju;kraj;Nadbużański;PSG w Terespolu;;wewnątrz kraju;Papierosy;Papierosy;22406,60;;szt.;25500,0000;KAS | SG
01.07.2025 11:10:00;Do RP;przejście;Nadbużański;PSG w Dorohusku;Dorohusk - Jagodzin;Ukraina;Papierosy;Papierosy;70,30;wniosek nr 211;szt.;80,0000;Straż Graniczna
01.07.2025 11:20:00;Do RP;przejście;Nadbużański;PSG w Dorohusku;Dorohusk - Jagodzin;Ukraina;Tytoń;Tytoń do palenia (wkłady);;WNIOSEK NR 212;kg;0,0421;Straż Graniczna
01.07.2025 11:25:00;Do RP;przejście;Nadbużański;PSG w Dorohusku;Dorohusk - Jagodzin;Ukraina;Papierosy;Papierosy;35,15;wniosek nr 213;szt.;40,0000;Straż Graniczna
01.07.2025 11:35:00;Do RP;przejście;Nadbużański;PSG w Dorohusku;Dorohusk - Jagodzin;Ukraina;Papierosy;Papierosy;70,30;WNIOSEK NR 314;szt.;80,0000;Straż Graniczna
01.07.2025 12:15:00;Z RP;przejście;Nadbużański;PSG w Hrebennem;Hrebenne - Rawa Ruska;Ukraina;Pojazdy;Inny;10000,00;Rower elektryczny HAIBIKE nr HY6AH8A56R;szt.;1,0000;Straż Graniczna
03.06.2025 20:00:00;Do RP;przejście;Nadbużański;PSG w Dorohusku;Dorohusk - Jagodzin;Ukraina;Alkohol;Wódka;13,00;;litr;1,0000;SC | SG
25.06.2025 18:35:00;Do RP;przejście;Nadbużański;PSG w Hrebennem;Hrebenne - Rawa Ruska;Ukraina;Papierosy;Papierosy;421,77;;szt.;480,0000;KAS | SG
01.07.2025 13:00:00;wewnątrz kraju;kraj;Podlaski;PSG w Augustowie;;wewnątrz kraju;Papierosy;Papierosy;30754,15;Mińsk, NZ;szt.;35000,0000;Straż Graniczna
01.07.2025 13:00:00;wewnątrz kraju;kraj;Podlaski;PSG w Augustowie;;wewnątrz kraju;Papierosy;Papierosy;30754,15;Mińsk, NZ;szt.;35000,0000;Policja | SG
01.07.2025 14:00:00;Do RP;przejście;Nadbużański;PSG w Dorohusku;Dorohusk - Jagodzin;Ukraina;Papierosy;Papierosy;5272,14;współdziałanie z KAS;szt.;6000,0000;SC | SG
01.07.2025 17:00:00;Do RP;przejście;Nadbużański;PSG w Terespolu;Kukuryki - Kozłowiczy;Białoruś;Papierosy;Papierosy;667,80;;szt.;760,0000;Straż Graniczna
01.07.2025 18:00:00;Do RP;przejście;Nadbużański;PSG w Terespolu;Kukuryki - Kozłowiczy;Białoruś;Papierosy;Papierosy;527,21;;szt.;600,0000;Straż Graniczna
01.07.2025 19:30:00;Z RP;przejście;Nadwiślański;PSG w Warszawie-Okęciu;Warszawa-Okęcie;lotnicza;Narkotyki;Inne;4500,00;susz roślinny koloru zielonego;kg;0,1000;Straż Graniczna
01.07.2025 12:05:00;wewnątrz kraju;kraj;Warmińsko-Mazurski;PSG w Braniewie;;wewnątrz kraju;Papierosy;Papierosy;14902,58;;szt.;16960,0000;Straż Graniczna
02.07.2025 10:00:00;wewnątrz kraju;kraj;Bieszczadzki;Bieszczadzki;;wewnątrz kraju;Pojazdy;Osobowy;105000,00;KIA XCeed;szt.;1,0000;Policja | SG
02.07.2025 08:10:00;Z RP;przejście;Nadbużański;PSG w Dołhobyczowie;Dołhobyczów - Uhrynów;Ukraina;Narkotyki;Marihuana;56,00;susz pochodzenia roślinnego w postaci szyszki koloru zielono-brunatnego o wadze netto 1,12g (najprawdopodobniej marihuana);kg;0,0011;Straż Graniczna
30.06.2025 18:30:00;wewnątrz kraju;kraj;Bieszczadzki;Bieszczadzki;;wewnątrz kraju;Tytoń;krajanka tytoniowa;5446120,62;;kg;6198,0000;Straż Graniczna
30.06.2025 18:30:00;wewnątrz kraju;kraj;Bieszczadzki;Bieszczadzki;;wewnątrz kraju;Papierosy;Papierosy;2229605,58;Różne marki;szt.;2537420,0000;Straż Graniczna
02.07.2025 15:15:00;Z RP;przejście;Nadbużański;PSG w Hrebennem;Hrebenne - Rawa Ruska;Ukraina;Pojazdy;Osobowy;20000,00;MERCEDES VITO ;szt.;1,0000;Straż Graniczna
03.07.2025 05:05:00;Do RP;przejście;Nadbużański;PSG w Dorohusku;Dorohusk - Jagodzin;Ukraina;Narkotyki;Amfetamina;67,20;;kg;0,0010;Straż Graniczna
03.06.2025 10:00:00;wewnątrz kraju;kraj;Nadbużański;PSG w Hrebennem;;wewnątrz kraju;Papierosy;Papierosy;5113272,85;;szt.;5819200,0000;KAS | Policja | SG
03.07.2025 10:31:00;Do RP;przejście;Bieszczadzki;PSG w Medyce;Medyka - Szeginie;Ukraina;Papierosy;Papierosy;140,59;PARLIAMENT;szt.;160,0000;Straż Graniczna
03.07.2025 12:20:00;wewnątrz kraju;kraj;Nadbużański;PSG w Hrubieszowie;;wewnątrz kraju;Pojazdy;Osobowy;40000,00;BMW 318D 2013r.;szt.;1,0000;Policja | SG
03.07.2025 11:00:00;wewnątrz kraju;strefa;Bieszczadzki;PSG w Medyce;;Ukraina;Pojazdy;Osobowy;30000,00;NISSAN NAVARA;szt.;1,0000;Straż Graniczna
03.07.2025 09:10:00;wewnątrz kraju;kraj;Morski;PSG w Ustce;;wewnątrz kraju;Narkotyki;Marihuana;130,01;;kg;0,0029;Straż Graniczna
03.07.2025 09:10:00;wewnątrz kraju;kraj;Morski;PSG w Ustce;;wewnątrz kraju;Narkotyki;Inne;;krzaki konopi indyjskich;szt.;4,0000;Straż Graniczna
03.07.2025 17:28:00;wewnątrz kraju;kraj;Podlaski;Podlaski;;wewnątrz kraju;Papierosy;Papierosy;51148,54;;szt.;58210,0000;Straż Graniczna
03.07.2025 23:10:00;Z RP;przejście;Nadbużański;PSG w Hrebennem;Hrebenne - Rawa Ruska;Ukraina;Narkotyki;Marihuana;4,00;susz roślinny o kolorze brązowo-zielonym (marihuana) wadze 0,08 grama netto o szacunkowej wartości 4 zł;kg;0,0001;Straż Graniczna
04.07.2025 12:50:00;Do RP;przejście;Bieszczadzki;PSG w Lubaczowie;Budomierz - Hruszew;Ukraina;Inne;Inne;241,60;Olej napędowy;litr;40,0000;SC | SG
04.07.2025 04:10:00;Do RP;przejście;Bieszczadzki;PSG w Medyce;Medyka - Szeginie;Ukraina;Broń;Inna;50,00;kastet;szt.;1,0000;SC | SG
04.07.2025 18:05:00;Do RP;przejście;Nadbużański;PSG w Dorohusku;Dorohusk - Jagodzin;Ukraina;Papierosy;Papierosy;35,15;wniosek nr 215;szt.;40,0000;Straż Graniczna
04.07.2025 18:15:00;Do RP;przejście;Nadbużański;PSG w Dorohusku;Dorohusk - Jagodzin;Ukraina;Papierosy;Papierosy;52,72;WNIOSEK NR 216;szt.;60,0000;Straż Graniczna
04.07.2025 17:40:00;wewnątrz kraju;kraj;Śląski;PSG w Katowicach-Pyrzowicach;;wewnątrz kraju;Narkotyki;Marihuana;22,95;;kg;0,0005;Straż Graniczna
04.07.2025 18:20:00;Do RP;przejście;Nadbużański;PSG w Dorohusku;Dorohusk - Jagodzin;Ukraina;Papierosy;Papierosy;158,16;WNIOSEK NR 217;szt.;180,0000;Straż Graniczna
04.07.2025 16:00:00;Do RP;strefa;Nadodrzański;PSG w Świecku;;Niemcy;Pojazdy;Inny;250000,00;Kamping marki KNAUS;szt.;1,0000;Straż Graniczna
04.07.2025 22:00:00;wewnątrz kraju;kraj;Bieszczadzki;Bieszczadzki;;wewnątrz kraju;Pojazdy;Ciężarowy;212000,00;Renault T520;szt.;1,0000;Policja | SG
05.07.2025 08:15:00;Z RP;przejście;Bieszczadzki;PSG w Korczowej;Korczowa - Krakowiec;Ukraina;Pojazdy;Ciężarowy;80000,00;DAF;szt.;1,0000;Straż Graniczna
05.07.2025 12:45:00;Z RP;przejście;Bieszczadzki;PSG w Korczowej;Korczowa - Krakowiec;Ukraina;Inne;Inne;28000,00;Części samochodowe pochodzące z pojazdu figurujacego w SIS jako kradziony;szt.;4,0000;Straż Graniczna
05.07.2025 11:40:00;Z RP;przejście;Bieszczadzki;PSG w Rzeszowie–Jasionce;Rzeszów-Jasionka;lotnicza;Amunicja;Ostra;34,00;kal 9 mm LUGER;szt.;17,0000;Straż Graniczna
05.07.2025 11:20:00;Z RP;przejście;Nadwiślański;PSG w Warszawie-Okęciu;Warszawa-Okęcie;lotnicza;Amunicja;Ostra;;amunicja o oznaczeniu na kryzie łuski „S & B, 9x19, NX, 14”.;szt.;1,0000;Straż Graniczna
05.07.2025 13:20:00;Z RP;przejście;Nadwiślański;PSG w Warszawie-Okęciu;Warszawa-Okęcie;lotnicza;Amunicja;Ostra;;9 mm;szt.;5,0000;Straż Graniczna
05.07.2025 20:40:00;Do RP;przejście;Bieszczadzki;PSG w Korczowej;Korczowa - Krakowiec;Ukraina;Amunicja;Ostra;2,00;amunicja kaliber 5,56x45mm;szt.;1,0000;Straż Graniczna
06.07.2025 00:03:00;Z RP;przejście;Bieszczadzki;PSG w Krościenku;Krościenko - Smolnica;Ukraina;Pojazdy;Osobowy;25000,00;;szt.;1,0000;Straż Graniczna
06.07.2025 14:22:00;Z RP;przejście;Bieszczadzki;PSG w Lubaczowie;Budomierz - Hruszew;Ukraina;Pojazdy;Osobowy;28000,00;Ford Kuga;szt.;1,0000;Straż Graniczna
06.07.2025 11:10:00;wewnątrz kraju;strefa;Nadbużański;PSG w Dołhobrodach;;Białoruś;Papierosy;Papierosy;8786,90;MINSK;szt.;10000,0000;Straż Graniczna
07.07.2025 08:00:00;Do RP;przejście;Bieszczadzki;PSG w Korczowej;Korczowa - Krakowiec;Ukraina;Broń;Inna;50,00;KASTET ;szt.;1,0000;Straż Graniczna
07.07.2025 02:34:00;Z RP;przejście;Bieszczadzki;PSG w Korczowej;Korczowa - Krakowiec;Ukraina;Inne;Inne;22000,00;rower marki KTM ;szt.;1,0000;Straż Graniczna
07.07.2025 02:34:00;Z RP;przejście;Bieszczadzki;PSG w Korczowej;Korczowa - Krakowiec;Ukraina;Inne;Inne;15000,00;rower marki CUBER;szt.;1,0000;Straż Graniczna
07.07.2025 02:34:00;Z RP;przejście;Bieszczadzki;PSG w Korczowej;Korczowa - Krakowiec;Ukraina;Inne;Inne;10000,00;Rower marki CUBE;szt.;1,0000;Straż Graniczna
07.07.2025 10:40:00;Z RP;strefa;Śląski;PSG w Katowicach-Pyrzowicach;;lotnicza;Amunicja;Ostra;1,30;Przedmiot przypominająccy amunicję z napisem na denku łuski „GECO 9 mm LUGER”;szt.;1,0000;Straż Graniczna
06.07.2025 16:15:00;Do RP;przejście;Nadbużański;PSG w Hrubieszowie;Zosin - Ustiług;Ukraina;Broń;Inna;60,00;IMITACJA KIJ BEJSBOLOWY;szt.;1,0000;Straż Graniczna
07.07.2025 18:10:00;Do RP;przejście;Nadbużański;PSG w Hrubieszowie;Zosin - Ustiług;Ukraina;Broń;Inna;60,00;imitacja kija bejsbolowego;szt.;1,0000;Straż Graniczna
07.07.2025 09:30:00;wewnątrz kraju;kraj;Śląski;PSG w Katowicach-Pyrzowicach;;wewnątrz kraju;Narkotyki;Marihuana;116,50;susz roślinnyk koloru brązowego;kg;0,0023;Policja | SG
07.07.2025 07:00:00;Do RP;przejście;Bieszczadzki;PSG w Rzeszowie–Jasionce;Rzeszów-Jasionka;lotnicza;Papierosy;Papierosy;702,95;papierosy marki Malboro bez polskich znaków akcyzy;szt.;800,0000;KAS | SG
08.07.2025 04:00:00;Z RP;przejście;Nadbużański;PSG w Hrubieszowie;Zosin - Ustiług;Ukraina;Pojazdy;Osobowy;110000,00;Volkswagen;szt.;1,0000;Straż Graniczna
07.07.2025 12:15:00;Do RP;przejście;Bieszczadzki;PSG w Rzeszowie–Jasionce;Rzeszów-Jasionka;lotnicza;Inne;Inne;72,00;nabiał - sery,jogurty;kg;3,6000;KAS | SG
07.07.2025 12:15:00;Do RP;przejście;Bieszczadzki;PSG w Rzeszowie–Jasionce;Rzeszów-Jasionka;lotnicza;Inne;Inne;14,00;owoce mango;kg;1,0000;KAS | SG
08.07.2025 17:20:00;Do RP;przejście;Nadbużański;PSG w Terespolu;Kukuryki - Kozłowiczy;Białoruś;Tytoń;Tytoń;5977,20;TYTOŃ DO FAJKI WODNEJ;kg;6,8000;Straż Graniczna
08.07.2025 17:10:00;Z RP;przejście;Bieszczadzki;PSG w Rzeszowie–Jasionce;Rzeszów-Jasionka;lotnicza;Amunicja;Ostra;2,00;kal. 9x19 Parabellum;szt.;1,0000;Straż Graniczna
09.07.2025 02:20:00;Z RP;przejście;Śląski;PSG w Katowicach-Pyrzowicach;Katowice-Pyrzowice;lotnicza;Narkotyki;Inne;303,54;Metaamfetamina;kg;0,0036;Straż Graniczna
09.07.2025 01:23:00;Z RP;strefa;Śląski;PSG w Katowicach-Pyrzowicach;;lotnicza;Amunicja;Ostra;2,60;przedmiot przypominający amunicję koloru żółtego ;szt.;2,0000;Straż Graniczna
08.07.2025 08:55:00;wewnątrz kraju;strefa;Nadbużański;PSG we Włodawie;;Białoruś;Pojazdy;Osobowy;100000,00;samochód osobowy;szt.;1,0000;Straż Graniczna
09.07.2025 06:00:00;Do RP;przejście;Nadbużański;PSG w Dołhobyczowie;Dołhobyczów - Uhrynów;Ukraina;Tytoń;Tytoń do palenia;3,61;wyroby nowatorskie marki HEETS;kg;0,0054;Straż Graniczna
09.07.2025 08:32:00;wewnątrz kraju;strefa;Bieszczadzki;PSG w Medyce;;Ukraina;Papierosy;Papierosy;105,44;marka paramount;szt.;120,0000;Straż Graniczna
09.07.2025 08:32:00;wewnątrz kraju;strefa;Bieszczadzki;PSG w Medyce;;Ukraina;Alkohol;Wódka;40,00;marki PREVAK;litr;1,0000;Straż Graniczna
08.07.2025 15:50:00;wewnątrz kraju;strefa;Nadbużański;PSG w Chłopiatynie;;Ukraina;Narkotyki;Marihuana;856,50;;kg;0,0171;Policja | SG
09.07.2025 09:20:00;Do RP;przejście;Nadbużański;PSG w Dorohusku;Dorohusk - Jagodzin;Ukraina;Inne;Inne;80,00;PRODUKTY POCHODZENIA ZWIERZĘCEGO;kg;8,0000;KAS | SG
09.07.2025 09:00:00;wewnątrz kraju;strefa;Podlaski;PSG w Bobrownikach;;Białoruś;Papierosy;Papierosy;26360,70;Mińsk Superslims;szt.;30000,0000;Straż Graniczna
09.07.2025 14:35:00;Do RP;przejście;Nadbużański;PSG w Dołhobyczowie;Dołhobyczów - Uhrynów;Ukraina;Papierosy;Papierosy;105,44;6 paczek po 20 szt. papierosów w paczce;szt.;120,0000;Straż Graniczna
09.07.2025 06:20:00;wewnątrz kraju;kraj;Nadodrzański;PSG w Kłodzku;;wewnątrz kraju;Narkotyki;Marihuana;13405,50;;kg;0,2979;Straż Graniczna
09.07.2025 19:46:00;wewnątrz kraju;kraj;Karpacki;PSG w Kielcach;;wewnątrz kraju;Papierosy;Papierosy;17573,80;1000 paczek marki WINSTON;szt.;20000,0000;Straż Graniczna
10.07.2025 04:08:00;Z RP;przejście;Śląski;PSG w Katowicach-Pyrzowicach;Katowice-Pyrzowice;lotnicza;Amunicja;Ostra;2,00;G. F. L. 7.65 mm;szt.;1,0000;Straż Graniczna
10.06.2025 12:00:00;wewnątrz kraju;kraj;Nadbużański;PSG w Hrubieszowie;;wewnątrz kraju;Pojazdy;Motocykl;10000,00;KTM 690 SMC R14;szt.;1,0000;Policja | SG
10.07.2025 14:20:00;Do RP;przejście;Nadbużański;PSG w Hrubieszowie;Zosin - Ustiług;Ukraina;Broń;Inna;60,00;IMITACJA KIJ BEJSBOLOWY;szt.;1,0000;Straż Graniczna
10.07.2025 16:50:00;Z RP;przejście;Nadbużański;PSG w Terespolu;Kukuryki - Kozłowiczy;Białoruś;Pojazdy;Inny;50000,00;podwozie ciągnika siodłowego marki DAF;szt.;1,0000;Straż Graniczna
10.07.2025 18:05:00;wewnątrz kraju;strefa;Nadbużański;PSG w Dorohusku;;Ukraina;Papierosy;Papierosy;52721,40;;szt.;60000,0000;Straż Graniczna
11.07.2025 17:23:00;Do RP;przejście;Nadbużański;PSG w Dołhobyczowie;Dołhobyczów - Uhrynów;Ukraina;Papierosy;Papierosy;175,74;10 paczek po 20szt. papierosów;szt.;200,0000;Straż Graniczna
11.07.2025 14:15:00;wewnątrz kraju;kraj;Karpacki;PSG w Krakowie;;wewnątrz kraju;Narkotyki;Inne;131,04;META AMFETAMINA;kg;0,0012;Straż Graniczna
11.07.2025 21:30:00;wewnątrz kraju;kraj;Podlaski;PSG w Bobrownikach;;wewnątrz kraju;Papierosy;Papierosy;9665,59;;szt.;11000,0000;Straż Graniczna
11.07.2025 16:10:00;wewnątrz kraju;kraj;Nadodrzański;PSG w Świecku;;wewnątrz kraju;Narkotyki;Marihuana;38,80;;kg;0,0010;Straż Graniczna
11.07.2025 16:10:00;wewnątrz kraju;kraj;Nadodrzański;PSG w Świecku;;wewnątrz kraju;Narkotyki;LSD;12,25;;kg;0,0005;Straż Graniczna
11.07.2025 16:10:00;wewnątrz kraju;kraj;Nadodrzański;PSG w Świecku;;wewnątrz kraju;Narkotyki;Extasy;175,00;;tabletka;7,0000;Straż Graniczna
11.07.2025 16:10:00;wewnątrz kraju;kraj;Nadodrzański;PSG w Świecku;;wewnątrz kraju;Narkotyki;Inne;1075,80;Mefedron;kg;0,0179;Straż Graniczna
12.07.2025 10:00:00;Do RP;przejście;Nadbużański;PSG w Dorohusku;Dorohusk - Jagodzin;Ukraina;Narkotyki;Marihuana;190,40;;kg;0,0048;Straż Graniczna
12.07.2025 12:30:00;wewnątrz kraju;strefa;Podlaski;PSG w Kuźnicy;;Białoruś;Papierosy;Papierosy;26360,70;NZ;szt.;30000,0000;Straż Graniczna
12.07.2025 18:20:00;Do RP;przejście;Nadbużański;PSG w Dorohusku;Dorohusk - Jagodzin;Ukraina;Alkohol;Wódka;93,00;NIEMIROFF, KALGANOFF;litr;2,4000;SC | SC
12.07.2025 23:10:00;Do RP;przejście;Nadbużański;PSG w Dorohusku;Dorohusk - Jagodzin;Ukraina;Inne;Inne;;PRODUKTY POCHODZENIA ZWIERZĘCEGO ;kg;1,0400;KAS | SG
13.07.2025 07:20:00;wewnątrz kraju;strefa;Nadbużański;PSG w Dołhobrodach;;Białoruś;Papierosy;Papierosy;8786,90;Mińsk;szt.;10000,0000;Straż Graniczna
13.07.2025 15:25:00;Z RP;przejście;Bieszczadzki;PSG w Korczowej;Korczowa - Krakowiec;Ukraina;Amunicja;Ostra;2,00;amunicja śrutowa RC STEEL SHOT T3 kal. 20/70,  24g. ;szt.;1,0000;Straż Graniczna
13.07.2025 18:28:00;Z RP;przejście;Bieszczadzki;PSG w Lubaczowie;Budomierz - Hruszew;Ukraina;Pojazdy;Ciężarowy;10000,00;Renault T35D;szt.;1,0000;Straż Graniczna
13.07.2025 15:45:00;Do RP;przejście;Bieszczadzki;PSG w Medyce;Medyka - Szeginie;Ukraina;Amunicja;Ostra;7,00;kaliber 7,62x51Nato;szt.;1,0000;SC | SG
13.07.2025 15:45:00;Do RP;przejście;Bieszczadzki;PSG w Medyce;Medyka - Szeginie;Ukraina;Amunicja;Ostra;7,00;kaliber 7,62x54R;szt.;1,0000;SC | SG
13.07.2025 15:45:00;Do RP;przejście;Bieszczadzki;PSG w Medyce;Medyka - Szeginie;Ukraina;Amunicja;Ostra;5,00;kaliber 5,56x45;szt.;1,0000;SC | SG
13.07.2025 15:45:00;Do RP;przejście;Bieszczadzki;PSG w Medyce;Medyka - Szeginie;Ukraina;Amunicja;Inna;2,00;pocisk o wymiarach 63mm długości i 14 mm średnicy;szt.;1,0000;SC | SG
14.07.2025 12:10:00;Do RP;przejście;Nadwiślański;PSG w Warszawie-Okęciu;Warszawa-Okęcie;lotnicza;Narkotyki;Inne;116000,00;susz roślinny;kg;2,9000;Straż Graniczna
14.07.2025 18:30:00;wewnątrz kraju;kraj;Bieszczadzki;Bieszczadzki;;wewnątrz kraju;Pojazdy;Osobowy;140000,00;Volvo XC40;szt.;1,0000;Policja | SG
14.07.2025 19:30:00;Do RP;przejście;Bieszczadzki;PSG w Medyce;Medyka - Szeginie;Ukraina;Papierosy;Papierosy;70,30;;szt.;80,0000;Straż Graniczna
14.07.2025 19:30:00;Do RP;przejście;Bieszczadzki;PSG w Medyce;Medyka - Szeginie;Ukraina;Tytoń;Tytoń do palenia (wkłady);20,03;;kg;0,0053;Straż Graniczna
14.07.2025 23:45:00;Z RP;przejście;Bieszczadzki;PSG w Medyce;Medyka - Szeginie;Ukraina;Pojazdy;Osobowy;40000,00;toyota hilux, nr VIN AHTFR22G606032375;szt.;1,0000;Straż Graniczna
15.07.2025 11:30:00;Z RP;przejście;Nadwiślański;PSG w Warszawie-Okęciu;Warszawa-Okęcie;lotnicza;Amunicja;Ostra;;o oznaczeniu na kryzie łuski „IVI 21”;szt.;1,0000;Straż Graniczna
15.07.2025 11:50:00;Do RP;przejście;Bieszczadzki;PSG w Korczowej;Korczowa - Krakowiec;Ukraina;Amunicja;Ostra;3,00;kal. 7,62x51mm;szt.;1,0000;Straż Graniczna
27.06.2025 23:55:00;Do RP;strefa;Śląski;PSG w Katowicach-Pyrzowicach;;lotnicza;Inne;Inne;;Tłoczona okrągła pieczeć zawierającą na środku wizerunek orła ustalony dla godła Rzeczypospolitej Polskiej, a w otoku napis „Państwowy Wojewódzki Inspektor Sanitarny Warszawa”;szt.;1,0000;Straż Graniczna
15.07.2025 20:00:00;Z RP;przejście;Bieszczadzki;PSG w Korczowej;Korczowa - Krakowiec;Ukraina;Pojazdy;Osobowy;39000,00;Mercedes Sprinter;szt.;1,0000;Straż Graniczna
16.07.2025 10:15:00;Do RP;przejście;Nadbużański;PSG w Dorohusku;Dorohusk - Jagodzin;Ukraina;Papierosy;Papierosy;65,90;wniosek nr 218;szt.;75,0000;Straż Graniczna
16.07.2025 10:20:00;Do RP;przejście;Nadbużański;PSG w Dorohusku;Dorohusk - Jagodzin;Ukraina;Papierosy;Papierosy;35,15;WNIOSEK NR 219;szt.;40,0000;Straż Graniczna
16.07.2025 10:30:00;Do RP;przejście;Nadbużański;PSG w Dorohusku;Dorohusk - Jagodzin;Ukraina;Papierosy;Papierosy;96,66;WNIOSEK NR 220;szt.;110,0000;Straż Graniczna
16.07.2025 10:40:00;Do RP;przejście;Nadbużański;PSG w Dorohusku;Dorohusk - Jagodzin;Ukraina;Papierosy;Papierosy;153,77;WNIOSEK NR 221;szt.;175,0000;Straż Graniczna
16.07.2025 12:05:00;Z RP;przejście;Nadwiślański;PSG w Warszawie-Okęciu;Warszawa-Okęcie;lotnicza;Amunicja;Ostra;;kaliber 9 mm, o oznaczeniu na kryzie łuski „norma 9 mm Luger”.;szt.;1,0000;Straż Graniczna
15.07.2025 17:00:00;wewnątrz kraju;kraj;Warmińsko-Mazurski;Warmińsko-Mazurski;;wewnątrz kraju;Papierosy;Papierosy;527,21;;szt.;600,0000;Straż Graniczna
16.07.2025 07:56:00;wewnątrz kraju;strefa;Bieszczadzki;PSG w Medyce;;Ukraina;Papierosy;Papierosy;27854,47;Marka Compliment;szt.;31700,0000;Straż Graniczna
16.07.2025 07:56:00;wewnątrz kraju;strefa;Bieszczadzki;PSG w Medyce;;Ukraina;Papierosy;Papierosy;12143,50;Marka Richmond;szt.;13820,0000;Straż Graniczna
16.07.2025 07:56:00;wewnątrz kraju;strefa;Bieszczadzki;PSG w Medyce;;Ukraina;Papierosy;Papierosy;3813,51;Marka NZ;szt.;4340,0000;Straż Graniczna
16.07.2025 07:56:00;wewnątrz kraju;strefa;Bieszczadzki;PSG w Medyce;;Ukraina;Papierosy;Papierosy;5992,67;Marka Parker Simson;szt.;6820,0000;Straż Graniczna
16.07.2025 07:56:00;wewnątrz kraju;strefa;Bieszczadzki;PSG w Medyce;;Ukraina;Papierosy;Papierosy;386,62;Marka Denim;szt.;440,0000;Straż Graniczna
16.07.2025 07:56:00;wewnątrz kraju;strefa;Bieszczadzki;PSG w Medyce;;Ukraina;Papierosy;Papierosy;1985,84;Marka Paramount;szt.;2260,0000;Straż Graniczna
16.07.2025 07:56:00;wewnątrz kraju;strefa;Bieszczadzki;PSG w Medyce;;Ukraina;Papierosy;Papierosy;17,57;Marka Rothmans;szt.;20,0000;Straż Graniczna
16.07.2025 07:56:00;wewnątrz kraju;strefa;Bieszczadzki;PSG w Medyce;;Ukraina;Papierosy;Papierosy;17,57;Marka Brut;szt.;20,0000;Straż Graniczna
16.07.2025 07:56:00;wewnątrz kraju;strefa;Bieszczadzki;PSG w Medyce;;Ukraina;Papierosy;Papierosy;17,57;Marka Desert;szt.;20,0000;Straż Graniczna
16.07.2025 17:30:00;Do RP;przejście;Nadbużański;PSG w Hrebennem;Hrebenne - Rawa Ruska;Ukraina;Narkotyki;Haszysz;43,00;;kg;0,0009;Straż Graniczna
08.07.2025 22:44:00;wewnątrz kraju;kraj;Morski;PSG w Gdańsku;;wewnątrz kraju;Narkotyki;Grzyby halucynogenne;375,00;;szt.;15,0000;Straż Graniczna
08.07.2025 22:44:00;wewnątrz kraju;kraj;Morski;PSG w Gdańsku;;wewnątrz kraju;Narkotyki;Marihuana;816,00;;kg;0,0204;Straż Graniczna
16.07.2025 19:00:00;Do RP;przejście;Bieszczadzki;PSG w Korczowej;Korczowa - Krakowiec;Ukraina;Broń;Palna;1500,00;Pistolet hukowy FORT 12P o nr seryjnym A 3817;szt.;1,0000;Straż Graniczna
16.07.2025 19:00:00;Do RP;przejście;Bieszczadzki;PSG w Korczowej;Korczowa - Krakowiec;Ukraina;Amunicja;Inna;25,00;Amunicja hukowa 9mm ;szt.;10,0000;Straż Graniczna
17.07.2025 04:50:00;Z RP;przejście;Nadwiślański;PSG w Warszawie-Modlinie;Warszawa/Modlin;lotnicza;Amunicja;Ostra;;5.56x45 S&B;szt.;1,0000;Straż Graniczna
17.07.2025 08:00:00;wewnątrz kraju;kraj;Nadbużański;PSG w Lublinie;;wewnątrz kraju;Papierosy;Papierosy;8786,90;;szt.;10000,0000;Straż Graniczna
17.07.2025 07:10:00;wewnątrz kraju;kraj;Warmińsko-Mazurski;PSG w Bezledach;;wewnątrz kraju;Pojazdy;Osobowy;120000,00;;szt.;1,0000;Policja | Policja | SG
16.07.2025 12:00:00;wewnątrz kraju;kraj;Warmińsko-Mazurski;PSG w Braniewie;;wewnątrz kraju;Tytoń;krajanka tytoniowa;1265313,60;;kg;1440,0000;Straż Graniczna
16.07.2025 12:00:00;wewnątrz kraju;kraj;Warmińsko-Mazurski;PSG w Braniewie;;wewnątrz kraju;Papierosy;Papierosy;896263,80;;szt.;1020000,0000;Straż Graniczna
08.07.2025 13:30:00;wewnątrz kraju;kraj;Nadbużański;PSG w Dorohusku;;wewnątrz kraju;Inne;Inne;59080,24;mrożone mięso;kg;21796,0000;Policja | SG | Policja
08.07.2025 13:30:00;wewnątrz kraju;kraj;Nadbużański;PSG w Dorohusku;;wewnątrz kraju;Pojazdy;Naczepa;272831,96;KRONE;szt.;1,0000;Policja | SG | Policja
17.07.2025 13:49:00;Do RP;przejście;Nadbużański;PSG w Terespolu;Terespol - Brześć;Białoruś;Papierosy;Papierosy;913,84;;szt.;1040,0000;Straż Graniczna
17.07.2025 09:03:00;Do RP;przejście;Warmińsko-Mazurski;PSG w Grzechotkach;Grzechotki - Mamonowo II;Rosja;Inne;Bursztyn;5766,00;;szt.;120,0000;Straż Graniczna
17.07.2025 09:03:00;Do RP;przejście;Warmińsko-Mazurski;PSG w Grzechotkach;Grzechotki - Mamonowo II;Rosja;Inne;Bursztyn;3130,40;70 szt. naszyjniów ;szt.;70,0000;Straż Graniczna
17.07.2025 09:03:00;Do RP;przejście;Warmińsko-Mazurski;PSG w Grzechotkach;Grzechotki - Mamonowo II;Rosja;Inne;Bursztyn;1780,00;40 szt. naszyjników;szt.;40,0000;Straż Graniczna
17.07.2025 10:25:00;wewnątrz kraju;strefa;Podlaski;PSG w Mielniku;;Białoruś;Papierosy;Papierosy;27238,15;"marka ""Quenn Menthol""";szt.;31000,0000;Straż Graniczna
17.07.2025 21:15:00;Do RP;przejście;Nadbużański;PSG w Dorohusku;Dorohusk - Jagodzin;Ukraina;Papierosy;Papierosy;129,17;WNIOSEK NR 222;szt.;147,0000;Straż Graniczna
17.07.2025 21:20:00;Do RP;przejście;Nadbużański;PSG w Dorohusku;Dorohusk - Jagodzin;Ukraina;Papierosy;Papierosy;70,30;WNIOSEK NR 223;szt.;80,0000;Straż Graniczna
17.07.2025 21:30:00;Do RP;przejście;Nadbużański;PSG w Dorohusku;Dorohusk - Jagodzin;Ukraina;Papierosy;Papierosy;122,14;WNIOSEK NR 224;szt.;139,0000;Straż Graniczna
17.07.2025 21:35:00;Do RP;przejście;Nadbużański;PSG w Dorohusku;Dorohusk - Jagodzin;Ukraina;Papierosy;Papierosy;74,69;WNIOSEK NR 225;szt.;85,0000;Straż Graniczna
17.07.2025 21:00:00;Do RP;przejście;Nadbużański;PSG w Hrebennem;Hrebenne - Rawa Ruska;Ukraina;Broń;Inna;120,00;broń biała w postaci dwóch kastetów;szt.;2,0000;Straż Graniczna
17.07.2025 21:00:00;Do RP;przejście;Nadbużański;PSG w Hrebennem;Hrebenne - Rawa Ruska;Ukraina;Tytoń;Tytoń do palenia;21,25;wyrobów nowatorskich  uszczuplenia celne 48 zł.;kg;0,0318;Straż Graniczna
17.07.2025 21:45:00;Z RP;przejście;Bieszczadzki;PSG w Lubaczowie;Budomierz - Hruszew;Ukraina;Inne;Inne;1500,00;Rower marki ZUNDAP RED 3.0;szt.;1,0000;Straż Graniczna
18.07.2025 08:45:00;wewnątrz kraju;strefa;Podlaski;PSG w Lipsku;;Białoruś;Papierosy;Papierosy;26360,70;;szt.;30000,0000;Straż Graniczna
18.07.2025 15:30:00;wewnątrz kraju;kraj;Podlaski;PSG w Augustowie;;wewnątrz kraju;Papierosy;Papierosy;51719,69;;szt.;58860,0000;Policja | SG
18.07.2025 15:30:00;wewnątrz kraju;kraj;Podlaski;PSG w Augustowie;;wewnątrz kraju;Alkohol;Spirytus;4688,00;;litr;293,0000;Policja | SG
18.07.2025 10:46:00;wewnątrz kraju;strefa;Nadbużański;PSG w Janowie Podlaskim;;Białoruś;Papierosy;Papierosy;26360,70;Za pomocą balonu meteorologicznego;szt.;30000,0000;Straż Graniczna
19.07.2025 05:50:00;wewnątrz kraju;strefa;Podlaski;PSG w Nowym Dworze;;Białoruś;Papierosy;Papierosy;26360,70;NZ GOLD;szt.;30000,0000;Straż Graniczna
19.07.2025 02:00:00;wewnątrz kraju;strefa;Podlaski;PSG w Kuźnicy;;Białoruś;Papierosy;Papierosy;26360,70;;szt.;30000,0000;Straż Graniczna
19.07.2025 10:45:00;Do RP;przejście;Bieszczadzki;PSG w Korczowej;Korczowa - Krakowiec;Ukraina;Amunicja;Ostra;2,50;5.56x45 mm (amunicja ostra) ;szt.;1,0000;Straż Graniczna
19.07.2025 06:50:00;Do RP;przejście;Warmińsko-Mazurski;PSG w Grzechotkach;Grzechotki - Mamonowo II;Rosja;Inne;Inne;43359,18;Gotówka w walucie EURO;szt.;10200,0000;Straż Graniczna
18.07.2025 22:00:00;wewnątrz kraju;kraj;Śląski;PSG w Rudzie Śląskiej;;wewnątrz kraju;Narkotyki;Amfetamina;168,00;Kapsułki koloru brązowego oraz białego;kg;0,0048;Straż Graniczna
18.07.2025 22:00:00;wewnątrz kraju;kraj;Śląski;PSG w Rudzie Śląskiej;;wewnątrz kraju;Narkotyki;Extasy;165,00;przezroczysta fiolka z zawartością substancji stałej koloru brązowego w kształcie kilku podłużnych małych wałków;kg;0,0015;Straż Graniczna
19.07.2025 03:30:00;wewnątrz kraju;strefa;Podlaski;PSG w Kuźnicy;;Białoruś;Papierosy;Papierosy;52721,40;;szt.;60000,0000;Straż Graniczna
19.07.2025 14:30:00;wewnątrz kraju;strefa;Nadbużański;PSG we Włodawie;;Białoruś;Papierosy;Papierosy;26360,70;Papierosy marki QUEEN MENTHOL oraz marki MIŃSK przy użyciu balonu meteorologicznego;szt.;30000,0000;Straż Graniczna
19.07.2025 19:20:00;wewnątrz kraju;strefa;Podlaski;PSG w Kuźnicy;;Białoruś;Narkotyki;Inne;173,34;metamfetamina;kg;0,0010;Straż Graniczna
19.07.2025 18:00:00;Do RP;przejście;Nadbużański;PSG w Hrebennem;Hrebenne - Rawa Ruska;Ukraina;Broń;Inna;50,00;Broń biała w postaci kastetu.;szt.;1,0000;Straż Graniczna
19.07.2025 05:46:00;Z RP;przejście;Śląski;PSG w Katowicach-Pyrzowicach;Katowice-Pyrzowice;lotnicza;Amunicja;Ostra;2,50;9mm LUGER STN;szt.;1,0000;Straż Graniczna
20.07.2025 09:00:00;Do RP;przejście;Bieszczadzki;PSG w Korczowej;Korczowa - Krakowiec;Ukraina;Amunicja;Ostra;2,50;Amunicja ostra 5,45x39 mm;szt.;1,0000;Straż Graniczna
20.07.2025 00:05:00;wewnątrz kraju;strefa;Podlaski;PSG w Kuźnicy;;Białoruś;Papierosy;Papierosy;52721,40;;szt.;60000,0000;Straż Graniczna
20.07.2025 04:20:00;wewnątrz kraju;strefa;Podlaski;PSG w Kuźnicy;;Białoruś;Papierosy;Papierosy;26360,70;;szt.;30000,0000;Straż Graniczna
20.07.2025 01:20:00;wewnątrz kraju;strefa;Podlaski;PSG w Kuźnicy;;Białoruś;Papierosy;Papierosy;26360,70;;szt.;30000,0000;Straż Graniczna
20.07.2025 03:30:00;wewnątrz kraju;strefa;Nadbużański;PSG w Sławatyczach;;Białoruś;Papierosy;Papierosy;52721,40;przy wykorzystaniu balonu meteorologicznego;szt.;60000,0000;Straż Graniczna
20.07.2025 13:20:00;Do RP;przejście;Bieszczadzki;PSG w Korczowej;;Ukraina;Amunicja;Ostra;2,50;amunicja 5,45x39 mm;szt.;1,0000;Straż Graniczna
20.07.2025 13:20:00;Do RP;przejście;Bieszczadzki;PSG w Korczowej;Korczowa - Krakowiec;Ukraina;Amunicja;Ostra;2,50;Amunicka o kalibrze 5,45x39 mm;szt.;1,0000;Straż Graniczna
20.07.2025 13:20:00;Do RP;przejście;Bieszczadzki;PSG w Korczowej;Korczowa - Krakowiec;Ukraina;Amunicja;Ostra;2,50;Nabój o kalibrze 7,62x39mm;szt.;1,0000;Straż Graniczna
20.07.2025 00:50:00;Do RP;strefa;Podlaski;PSG w Krynkach;;Białoruś;Papierosy;Papierosy;26360,70;NG GOLD;szt.;30000,0000;Straż Graniczna
20.07.2025 23:59:00;Do RP;przejście;Bieszczadzki;PSG w Medyce;Medyka - Szeginie;Ukraina;Tytoń;Tytoń do palenia (wkłady);63,60;Marka TEREA;kg;0,0212;Straż Graniczna
21.07.2025 11:05:00;wewnątrz kraju;strefa;Bieszczadzki;PSG w Krościenku;;Ukraina;Alkohol;Wódka;220,00;;litr;5,5000;Straż Graniczna
21.07.2025 11:05:00;wewnątrz kraju;strefa;Bieszczadzki;PSG w Krościenku;;Ukraina;Alkohol;Whisky;20,00;;litr;0,5000;Straż Graniczna
21.07.2025 17:30:00;Do RP;przejście;Nadbużański;PSG w Hrubieszowie;Zosin - Ustiług;Ukraina;Broń;Inna;60,00;imitacja kija bejsbolowego;szt.;1,0000;Straż Graniczna
22.07.2025 00:30:00;Do RP;przejście;Nadodrzański;PSG w Świecku;Świecko – Frankfurt;Niemcy;Pojazdy;Osobowy;220000,00;Lexus NX450;szt.;1,0000;Straż Graniczna
22.07.2025 00:30:00;Do RP;przejście;Nadodrzański;PSG w Świecku;Świecko – Frankfurt;Niemcy;Pojazdy;Osobowy;100000,00;Hyundai;szt.;1,0000;Straż Graniczna
22.07.2025 08:00:00;wewnątrz kraju;kraj;Nadbużański;PSG w Lublinie;;wewnątrz kraju;Papierosy;Papierosy;1493,77;;szt.;1700,0000;SC | SG
22.07.2025 23:30:00;Z RP;przejście;Nadbużański;PSG w Dołhobyczowie;Dołhobyczów - Uhrynów;Ukraina;Pojazdy;Osobowy;10000,00;MITSUBISHI ;szt.;1,0000;Straż Graniczna
23.07.2025 11:15:00;Z RP;przejście;Bieszczadzki;PSG w Korczowej;Korczowa - Krakowiec;Ukraina;Inne;Inne;13000,00;rower marki KTM numer : KS221107197;szt.;1,0000;Straż Graniczna
23.07.2025 11:15:00;Z RP;przejście;Bieszczadzki;PSG w Korczowej;Korczowa - Krakowiec;Ukraina;Inne;Inne;9000,00;rower CENTURION numer: WC1714136S;szt.;1,0000;Straż Graniczna
23.07.2025 11:15:00;Z RP;przejście;Bieszczadzki;PSG w Korczowej;Korczowa - Krakowiec;Ukraina;Inne;Inne;8000,00;rower CANYON numer:  M12501B22A0189 ;szt.;1,0000;Straż Graniczna
23.07.2025 18:15:00;Do RP;przejście;Nadbużański;PSG w Dorohusku;Dorohusk - Jagodzin;Ukraina;Alkohol;Wódka;261,63;;litr;1,7000;KAS | SG
24.07.2025 04:30:00;Do RP;przejście;Nadbużański;PSG w Terespolu;Terespol - Brześć;Białoruś;Papierosy;Papierosy;492,07;;szt.;560,0000;KAS | SG
24.07.2025 03:00:00;Do RP;przejście;Bieszczadzki;PSG w Medyce;Medyka - Szeginie;Ukraina;Papierosy;Papierosy;52,72;60 sztuk PARLIAMENT;szt.;60,0000;Straż Graniczna
24.07.2025 08:58:00;Do RP;przejście;Bieszczadzki;PSG w Lubaczowie;Budomierz - Hruszew;Ukraina;Papierosy;Papierosy;140,59;Papierosy różnych marek bez polskich znaków akcyzy MF;szt.;160,0000;SC | SG
24.07.2025 10:45:00;Z RP;przejście;Nadbużański;PSG w Hrubieszowie;Zosin - Ustiług;Ukraina;Inne;Podzespoły samochodowe;7000,00;Drzwi lewe przednie z pojazdu LAND ROVER , Drzwi lewe przednie z pojazdu marki  AUDI;szt.;2,0000;Straż Graniczna
24.07.2025 13:06:00;Z RP;przejście;Nadwiślański;PSG w Warszawie-Okęciu;Warszawa-Okęcie;lotnicza;Amunicja;Ostra;;;szt.;1,0000;Straż Graniczna
24.07.2025 13:30:00;wewnątrz kraju;strefa;Nadbużański;PSG w Hrebennem;;Ukraina;Narkotyki;Haszysz;64,50;;kg;0,0013;Straż Graniczna
24.07.2025 08:50:00;wewnątrz kraju;kraj;Nadodrzański;PSG w Zgorzelcu;;wewnątrz kraju;Papierosy;Papierosy;263607,00;Malboro bez polskich znaków skarbowych akcyzy;szt.;300000,0000;SC
24.07.2025 14:27:00;Z RP;strefa;Śląski;PSG w Katowicach-Pyrzowicach;;lotnicza;Broń;Inna;150,00;Przedmiot przypominający kastet.;szt.;1,0000;Straż Graniczna
24.07.2025 15:40:00;Do RP;przejście;Bieszczadzki;PSG w Korczowej;Korczowa - Krakowiec;Ukraina;Amunicja;Ostra;1,50;Amunicja 9x19mm ;szt.;1,0000;Straż Graniczna
24.07.2025 16:10:00;Do RP;przejście;Nadbużański;PSG w Dołhobyczowie;Dołhobyczów - Uhrynów;Ukraina;Papierosy;Papierosy;105,44;KENT;szt.;120,0000;Straż Graniczna
24.07.2025 21:50:00;wewnątrz kraju;kraj;Morski;PSG we Władysławowie;;wewnątrz kraju;Tytoń;krajanka tytoniowa;5542,00;krajanka zapakowana w 9 woreczków po 0,5 kg każdy;kg;4,5000;Straż Graniczna
24.07.2025 21:50:00;wewnątrz kraju;kraj;Morski;PSG we Władysławowie;;wewnątrz kraju;Papierosy;Papierosy;808,39;Papierosy marki Marlboro 46 paczek;szt.;920,0000;Straż Graniczna
25.07.2025 08:50:00;wewnątrz kraju;strefa;Podlaski;PSG w Krynkach;;Białoruś;Papierosy;Papierosy;13180,35;;szt.;15000,0000;Straż Graniczna
25.07.2025 14:00:00;Do RP;przejście;Nadbużański;PSG w Terespolu;Terespol - Brześć;Białoruś;Alkohol;Wódka;60,00;;litr;2,0000;Straż Graniczna
25.07.2025 14:35:00;Do RP;przejście;Bieszczadzki;PSG w Korczowej;;Ukraina;Amunicja;Ostra;2,50;1 szt. naboju o kalibrze 5,45 (amunicja ostra);szt.;1,0000;Straż Graniczna
25.07.2025 11:07:00;wewnątrz kraju;kraj;Morski;Morski;;wewnątrz kraju;Pojazdy;Motocykl;23000,00;HONDA Cb500r;szt.;1,0000;Straż Graniczna
25.07.2025 07:00:00;Do RP;przejście;Nadbużański;PSG w Terespolu;Terespol - Brześć;Białoruś;Papierosy;Papierosy;87,87;;szt.;100,0000;KAS | SG
25.07.2025 07:00:00;Do RP;przejście;Nadbużański;PSG w Terespolu;Terespol - Brześć;Białoruś;Papierosy;Papierosy;140,59;;szt.;160,0000;KAS | SG
25.07.2025 17:45:00;Do RP;przejście;Nadbużański;PSG w Terespolu;Terespol - Brześć;Białoruś;Inne;Inne;72,00;produkty pochodzenia zwierzęcego;kg;3,6000;Straż Graniczna
25.07.2025 07:00:00;Do RP;przejście;Bieszczadzki;PSG w Rzeszowie–Jasionce;Rzeszów-Jasionka;lotnicza;Alkohol;Wódka;120,00;Wyroby akcyzowe bez polskich znaków skarbowych akcyzy;litr;3,0000;KAS | SG
26.07.2025 00:08:00;Do RP;przejście;Nadbużański;PSG w Dołhobyczowie;Dołhobyczów - Uhrynów;Ukraina;Papierosy;Papierosy;2987,55;;szt.;3400,0000;Straż Graniczna
26.07.2025 00:46:00;Do RP;przejście;Nadbużański;PSG w Dołhobyczowie;Dołhobyczów - Uhrynów;Ukraina;Papierosy;Papierosy;112,47;;szt.;128,0000;Straż Graniczna
26.07.2025 01:17:00;Z RP;przejście;Bieszczadzki;PSG w Korczowej;Korczowa - Krakowiec;Ukraina;Inne;Inne;10000,00;Rower elektryczny marki KTM kolor biały;szt.;1,0000;Straż Graniczna
25.07.2025 20:00:00;Do RP;przejście;Nadbużański;PSG w Hrebennem;Hrebenne - Rawa Ruska;Ukraina;Papierosy;Papierosy;105,44;CHESTERFIELD;szt.;120,0000;KAS | SG
26.07.2025 13:00:00;wewnątrz kraju;strefa;Bieszczadzki;PSG w Korczowej;;Ukraina;Narkotyki;Inne;;krystalicznej substancji koloru białego, przeprowadzony test wskazuje na mefydron ;kg;1,0200;Policja | SG | KAS
26.07.2025 13:00:00;wewnątrz kraju;strefa;Bieszczadzki;PSG w Korczowej;;Ukraina;Narkotyki;Marihuana;;suszu koloru zielono-brunatnego, przeprowadzony test wskazuje na marihuanę;kg;0,0109;Policja | SG | KAS
26.07.2025 13:00:00;wewnątrz kraju;strefa;Bieszczadzki;PSG w Korczowej;;Ukraina;Narkotyki;LSD;;15  listków substancji;szt.;15,0000;Policja | SG | KAS
26.07.2025 13:25:00;Do RP;przejście;Bieszczadzki;PSG w Korczowej;Korczowa - Krakowiec;Ukraina;Amunicja;Ostra;2,50;amunicja ostra kaliber 5,56 mm ;szt.;1,0000;Straż Graniczna
26.07.2025 13:25:00;Do RP;przejście;Bieszczadzki;PSG w Korczowej;Korczowa - Krakowiec;Ukraina;Amunicja;Ostra;2,50;amunicja ostra kaliber 7,62 mm;szt.;1,0000;Straż Graniczna
26.07.2025 13:30:00;Do RP;przejście;Bieszczadzki;PSG w Korczowej;Korczowa - Krakowiec;Ukraina;Amunicja;Ostra;2,50;amunicja ostra kaliber 5,45 mm;szt.;1,0000;Straż Graniczna
26.07.2025 22:45:00;Z RP;przejście;Nadbużański;PSG w Hrubieszowie;Zosin - Ustiług;Ukraina;Pojazdy;Osobowy;25000,00;Renault Scenic 2012 rok prod. ;szt.;1,0000;Straż Graniczna
27.07.2025 11:20:00;Z RP;przejście;Nadodrzański;PSG w Poznaniu-Ławicy;Poznań-Ławica;lotnicza;Amunicja;Ostra;1,00;9x19;szt.;1,0000;Straż Graniczna
27.07.2025 14:20:00;Do RP;przejście;Nadbużański;PSG w Terespolu;Terespol - Brześć;Białoruś;Papierosy;Papierosy;333,90;;szt.;380,0000;Straż Graniczna
27.07.2025 14:20:00;Do RP;przejście;Nadbużański;PSG w Terespolu;Terespol - Brześć;Białoruś;Inne;Inne;64,00;produkty pochodzenia roślinnego;kg;6,4000;Straż Graniczna
27.07.2025 15:10:00;Do RP;przejście;Bieszczadzki;PSG w Korczowej;Korczowa - Krakowiec;Ukraina;Amunicja;Ostra;5,00;5.56 mm amunicja ostra ;szt.;2,0000;Straż Graniczna
27.07.2025 15:30:00;Do RP;przejście;Bieszczadzki;PSG w Korczowej;Korczowa - Krakowiec;Ukraina;Amunicja;Ostra;5,00;5.56 mm amunicja ostra ;szt.;2,0000;Straż Graniczna
27.07.2025 15:30:00;Do RP;przejście;Bieszczadzki;PSG w Korczowej;Korczowa - Krakowiec;Ukraina;Amunicja;Ostra;2,50;5.56 mm amunicja ostra;szt.;1,0000;Straż Graniczna
27.07.2025 16:30:00;Do RP;przejście;Nadbużański;PSG w Hrubieszowie;Zosin - Ustiług;Ukraina;Amunicja;Ostra;90,00;amunicja kal.5.56x45;szt.;30,0000;Straż Graniczna
27.07.2025 16:30:00;Do RP;przejście;Nadbużański;PSG w Hrubieszowie;Zosin - Ustiług;Ukraina;Broń;Inna;200,00;magazynek L5-AWM;szt.;1,0000;Straż Graniczna
27.07.2025 17:50:00;Z RP;przejście;Nadbużański;PSG w Dołhobyczowie;Dołhobyczów - Uhrynów;Ukraina;Pojazdy;Motocykl;12000,00;Honda CBR600F, rok produkcji 2002,;szt.;1,0000;Straż Graniczna
27.07.2025 21:00:00;Do RP;przejście;Nadbużański;PSG w Terespolu;Kukuryki - Kozłowiczy;Białoruś;Papierosy;Papierosy;878,69;;szt.;1000,0000;Straż Graniczna
28.07.2025 03:15:00;wewnątrz kraju;strefa;Podlaski;PSG w Sejnach;;Litwa;Papierosy;Papierosy;26360,70;Mińsk Superslims;szt.;30000,0000;Straż Graniczna
28.07.2025 09:46:00;Z RP;przejście;Nadwiślański;PSG w Warszawie-Okęciu;Warszawa-Okęcie;lotnicza;Amunicja;Ostra;;oznaczenia na spodzie łuski:  WMA 20;szt.;2,0000;Straż Graniczna
28.07.2025 09:23:00;Z RP;przejście;Bieszczadzki;PSG w Medyce;Medyka - Szeginie;Ukraina;Amunicja;Ostra;42,00;Brenaka;szt.;6,0000;Straż Graniczna
28.07.2025 09:23:00;Z RP;przejście;Bieszczadzki;PSG w Medyce;Medyka - Szeginie;Ukraina;Amunicja;Ostra;15,00;223 REM HMC;szt.;2,0000;Straż Graniczna
28.07.2025 09:23:00;Z RP;przejście;Bieszczadzki;PSG w Medyce;Medyka - Szeginie;Ukraina;Amunicja;Ostra;90,00;223 REM HORNADY;szt.;12,0000;Straż Graniczna
28.07.2025 09:23:00;Z RP;przejście;Bieszczadzki;PSG w Medyce;Medyka - Szeginie;Ukraina;Amunicja;Ostra;7,50;21 88;szt.;3,0000;Straż Graniczna
28.07.2025 13:35:00;Do RP;przejście;Nadodrzański;PSG w Poznaniu-Ławicy;Poznań-Ławica;lotnicza;Narkotyki;Marihuana;52,32;;kg;0,0011;Straż Graniczna
28.07.2025 14:00:00;Do RP;przejście;Nadbużański;PSG w Hrubieszowie;Zosin - Ustiług;Ukraina;Broń;Inna;60,00;Wniosek do OC D102/2025, imitacja kija bejsbolowego ;szt.;1,0000;Straż Graniczna
28.07.2025 06:40:00;wewnątrz kraju;strefa;Podlaski;PSG w Bobrownikach;;Białoruś;Papierosy;Papierosy;17573,80;QUEEN MENTHOL;szt.;20000,0000;Straż Graniczna
28.07.2025 06:40:00;wewnątrz kraju;strefa;Podlaski;PSG w Bobrownikach;;Białoruś;Papierosy;Papierosy;8786,90;MINSK SUPER SLIM;szt.;10000,0000;Straż Graniczna
27.07.2025 05:27:00;Z RP;strefa;Śląski;PSG w Katowicach-Pyrzowicach;Katowice-Pyrzowice;lotnicza;Amunicja;Ostra;1,50;"Przedmiot przypominający amunicję koloru żółtego z napisem na spodzie łuski ,,SB"".";szt.;1,0000;Straż Graniczna
27.07.2025 05:00:00;Z RP;strefa;Śląski;PSG w Katowicach-Pyrzowicach;Katowice-Pyrzowice;lotnicza;Broń;Inna;150,00;Przedmiot przypominający kastet.;szt.;1,0000;Straż Graniczna
28.07.2025 08:00:00;wewnątrz kraju;kraj;Śląski;PSG w Katowicach-Pyrzowicach;;wewnątrz kraju;Narkotyki;Inne;32508,00;Substancja w formie przezroczystych kryształków w foliowych woreczkach - metamfetamina.;kg;0,3096;Policja | SG
28.07.2025 19:00:00;Do RP;przejście;Bieszczadzki;PSG w Korczowej;Korczowa - Krakowiec;Ukraina;Pojazdy;Osobowy;85000,00;TOYOTA CHR 2018R.;szt.;1,0000;Straż Graniczna
29.07.2025 09:20:00;Do RP;przejście;Bieszczadzki;PSG w Medyce;Medyka - Szeginie;Ukraina;Alkohol;Wódka;20,00;marka Chortycja;litr;0,5000;Straż Graniczna
29.07.2025 09:20:00;Do RP;przejście;Bieszczadzki;PSG w Medyce;Medyka - Szeginie;Ukraina;Tytoń;Tytoń do palenia (wkłady);233,20;marka Terra;kg;0,0583;Straż Graniczna
29.07.2025 09:20:00;Do RP;przejście;Bieszczadzki;PSG w Medyce;Medyka - Szeginie;Ukraina;Papierosy;Papierosy;175,74;Winston;szt.;200,0000;Straż Graniczna
29.07.2025 09:20:00;Do RP;przejście;Bieszczadzki;PSG w Medyce;Medyka - Szeginie;Ukraina;Papierosy;Papierosy;105,44;marka Camel;szt.;120,0000;Straż Graniczna
29.07.2025 09:20:00;Do RP;przejście;Bieszczadzki;PSG w Medyce;Medyka - Szeginie;Ukraina;Papierosy;Papierosy;70,30;marka Capri;szt.;80,0000;Straż Graniczna
29.07.2025 09:20:00;Do RP;przejście;Bieszczadzki;PSG w Medyce;Medyka - Szeginie;Ukraina;Papierosy;Papierosy;70,30;marka Malboro;szt.;80,0000;Straż Graniczna
29.07.2025 09:20:00;Do RP;przejście;Bieszczadzki;PSG w Medyce;Medyka - Szeginie;Ukraina;Papierosy;Papierosy;52,72;marka Woque;szt.;60,0000;Straż Graniczna
29.07.2025 09:20:00;Do RP;przejście;Bieszczadzki;PSG w Medyce;Medyka - Szeginie;Ukraina;Alkohol;Wódka;20,00;marka Lwowski Kniaź;litr;0,5000;Straż Graniczna
29.07.2025 15:24:00;wewnątrz kraju;kraj;Bieszczadzki;Bieszczadzki;;wewnątrz kraju;Pojazdy;Osobowy;130000,00;Mercedes GLA, rok produkcji 2023;szt.;1,0000;Policja | Policja | SG
29.07.2025 16:47:00;wewnątrz kraju;kraj;Śląski;PSG w Katowicach-Pyrzowicach;;wewnątrz kraju;Narkotyki;Amfetamina;31850,00;;kg;0,9100;Policja | SG
29.07.2025 16:47:00;wewnątrz kraju;kraj;Śląski;PSG w Katowicach-Pyrzowicach;;wewnątrz kraju;Narkotyki;Marihuana;43000,00;;kg;0,8600;Policja | SG
29.07.2025 18:40:00;Do RP;przejście;Nadbużański;PSG w Terespolu;Terespol - Brześć;Białoruś;Alkohol;Wódka;100,00;5 butelek alkoholu bez polskich znaków skarbowych akcyzy każda o pojemności 0,5 litra o wartości 100 zł;litr;2,5000;Straż Graniczna
29.07.2025 22:53:00;Z RP;przejście;Nadbużański;PSG w Dołhobyczowie;Dołhobyczów - Uhrynów;Ukraina;Pojazdy;Osobowy;30000,00;samochód osobowy marki FORD FOCUS nr rej. BE0160HC nr VIN WF06XXGCC6FS41484, rok produkcji 2015;szt.;1,0000;Straż Graniczna
30.07.2025 08:35:00;Do RP;przejście;Bieszczadzki;PSG w Korczowej;Korczowa - Krakowiec;Ukraina;Amunicja;Ostra;2,50;1 szt. amunicji (amunicja ostra);szt.;1,0000;Straż Graniczna
29.07.2025 15:45:00;Z RP;strefa;Śląski;PSG w Katowicach-Pyrzowicach;Katowice-Pyrzowice;lotnicza;Amunicja;Ostra;5,00;;szt.;1,0000;Straż Graniczna
30.07.2025 13:00:00;wewnątrz kraju;kraj;Nadodrzański;PSG w Legnicy;;wewnątrz kraju;Narkotyki;Marihuana;362,00;;kg;0,0091;Policja
23.07.2025 18:40:00;Do RP;przejście;Podlaski;PSG w Narewce;Siemianówka - Świsłocz;Białoruś;Papierosy;Papierosy;5799,35;;szt.;6600,0000;Straż Graniczna
31.07.2025 08:10:00;Do RP;przejście;Bieszczadzki;PSG w Medyce;Medyka - Szeginie;Ukraina;Papierosy;Papierosy;86,99;Marlboro, WINSTON;szt.;99,0000;Straż Graniczna
31.07.2025 08:10:00;Do RP;przejście;Bieszczadzki;PSG w Medyce;Medyka - Szeginie;Ukraina;Tytoń;Tytoń do palenia (wkłady);10,20;wyroby nowatorskie tytoniowe;kg;0,0026;Straż Graniczna
23.07.2025 18:40:00;Do RP;przejście;Podlaski;PSG w Narewce;;Białoruś;Papierosy;Papierosy;5799,35;;szt.;6600,0000;SC | SG
31.07.2025 15:40:00;Z RP;przejście;Nadodrzański;PSG w Poznaniu-Ławicy;Poznań-Ławica;lotnicza;Broń;Inna;100,00;kastet;szt.;1,0000;Straż Graniczna
31.07.2025 16:53:00;wewnątrz kraju;kraj;Śląski;Śląski;;wewnątrz kraju;Narkotyki;Marihuana;14490,50;THC;kg;0,2898;Straż Graniczna
31.07.2025 16:53:00;wewnątrz kraju;kraj;Śląski;Śląski;;wewnątrz kraju;Narkotyki;Kokaina;1600,50;;kg;0,0049;Straż Graniczna
31.07.2025 16:53:00;wewnątrz kraju;kraj;Śląski;Śląski;;wewnątrz kraju;Narkotyki;Inne;436969,50;Klefedron (4-CMC);kg;8,7394;Straż Graniczna
31.07.2025 16:53:00;wewnątrz kraju;kraj;Śląski;Śląski;;wewnątrz kraju;Narkotyki;Inne;11567,50;Klofedron (3-CMC);kg;0,2314;Straż Graniczna
01.08.2025 09:19:00;Do RP;przejście;Nadbużański;PSG w Dorohusku;Dorohusk - Jagodzin;Ukraina;Papierosy;Papierosy;175,74;;szt.;200,0000;Straż Graniczna
01.08.2025 09:25:00;Do RP;przejście;Nadbużański;PSG w Dorohusku;Dorohusk - Jagodzin;Ukraina;Papierosy;Papierosy;140,59;;szt.;160,0000;Straż Graniczna
01.08.2025 09:31:00;Do RP;przejście;Nadbużański;PSG w Dorohusku;Dorohusk - Jagodzin;Ukraina;Papierosy;Papierosy;85,23;;szt.;97,0000;Straż Graniczna
01.08.2025 09:36:00;Do RP;przejście;Nadbużański;PSG w Dorohusku;Dorohusk - Jagodzin;Ukraina;Papierosy;Papierosy;75,57;;szt.;86,0000;Straż Graniczna
01.08.2025 09:20:00;Do RP;przejście;Nadbużański;PSG w Dorohusku;Dorohusk - Jagodzin;Ukraina;Papierosy;Papierosy;86,11;;szt.;98,0000;Straż Graniczna
01.08.2025 09:20:00;Do RP;przejście;Nadbużański;PSG w Dorohusku;Dorohusk - Jagodzin;Ukraina;Papierosy;Papierosy;123,02;;szt.;140,0000;Straż Graniczna
01.08.2025 09:20:00;Do RP;przejście;Nadbużański;PSG w Dorohusku;Dorohusk - Jagodzin;Ukraina;Papierosy;Papierosy;68,54;;szt.;78,0000;Straż Graniczna
01.08.2025 09:10:00;Do RP;przejście;Nadbużański;PSG w Terespolu;Kukuryki - Kozłowiczy;Białoruś;Papierosy;Papierosy;351,48;wyroby tytoniowe bez polskich znaków skarbowych akcyzy w postaci papierosów w ilości 400 sztuk o łącznej wartości 351,48 zł;szt.;400,0000;Straż Graniczna
01.08.2025 02:15:00;Z RP;przejście;Śląski;PSG w Katowicach-Pyrzowicach;Katowice-Pyrzowice;lotnicza;Amunicja;Ostra;15,00;amunicja koloru żółtego kaliber 5.56 x 45;szt.;3,0000;Straż Graniczna
01.08.2025 08:50:00;wewnątrz kraju;kraj;Śląski;PSG w Sosnowcu;;wewnątrz kraju;Tytoń;krajanka tytoniowa;3351,85;;kg;5,0000;Straż Graniczna
01.08.2025 14:39:00;Do RP;przejście;Bieszczadzki;PSG w Medyce;Przemyśl - Mościska;Ukraina;Tytoń;Tytoń do palenia (wkłady);360,40;wyroby nowatorskie marki Terea;kg;0,0901;Straż Graniczna
01.08.2025 14:39:00;Do RP;przejście;Bieszczadzki;PSG w Medyce;Przemyśl - Mościska;Ukraina;Tytoń;Tytoń do palenia (wkłady);233,20;wkłady nowatorskie marki Terea;kg;0,0583;Straż Graniczna
01.08.2025 14:00:00;Do RP;przejście;Nadbużański;PSG w Terespolu;Terespol - Brześć;Białoruś;Papierosy;Papierosy;351,48;ujawniono wyroby tytoniowe bez polskich znaków skarbowych akcyzy w postaci papierosów w ilości 400 sztuk o łącznej wartości 351,48 zł.;szt.;400,0000;Straż Graniczna
01.08.2025 15:30:00;Do RP;przejście;Bieszczadzki;PSG w Korczowej;Korczowa - Krakowiec;Ukraina;Amunicja;Ostra;2,50;Amunicja5,45x39 mm;szt.;1,0000;Straż Graniczna
01.08.2025 08:00:00;wewnątrz kraju;kraj;Nadodrzański;PSG w Kaliszu;;wewnątrz kraju;Papierosy;Papierosy;21692,22;;szt.;24687,0000;Straż Graniczna
01.08.2025 08:00:00;wewnątrz kraju;kraj;Nadodrzański;PSG w Kaliszu;;wewnątrz kraju;Tytoń;Tytoń do palenia;21380,80;;kg;32,0000;Straż Graniczna
01.08.2025 08:00:00;wewnątrz kraju;kraj;Nadodrzański;PSG w Kaliszu;;wewnątrz kraju;Papierosy;Papierosy;9218,34;;szt.;10491,0000;Straż Graniczna
01.08.2025 08:00:00;wewnątrz kraju;kraj;Nadodrzański;PSG w Kaliszu;;wewnątrz kraju;Tytoń;Tytoń do palenia;81420,76;;kg;121,8600;Straż Graniczna
01.08.2025 13:35:00;wewnątrz kraju;strefa;Nadbużański;PSG w Hrubieszowie;;Ukraina;Narkotyki;Marihuana;15,20;;kg;0,0004;Straż Graniczna
01.08.2025 13:35:00;wewnątrz kraju;strefa;Nadbużański;PSG w Hrubieszowie;;Ukraina;Narkotyki;Inne;48,80;metamfetamina;kg;0,0006;Straż Graniczna
01.08.2025 16:30:00;Do RP;przejście;Nadbużański;PSG w Hrubieszowie;Zosin - Ustiług;Ukraina;Papierosy;Papierosy;140,59;;szt.;160,0000;Straż Graniczna
31.07.2025 09:05:00;Z RP;przejście;Śląski;PSG w Katowicach-Pyrzowicach;Katowice-Pyrzowice;lotnicza;Amunicja;Ostra;3,00;Amunicja koloru żółtego kaliber 5.56 x 45 z wygrawerowaną dwukrotnie cyfrą 21 na spodzie łuski;szt.;1,0000;Straż Graniczna
01.08.2025 17:02:00;Z RP;przejście;Bieszczadzki;PSG w Rzeszowie–Jasionce;Rzeszów-Jasionka;lotnicza;Amunicja;Ostra;12,50;kaliber  5,45x39;szt.;5,0000;Straż Graniczna
01.08.2025 23:10:00;Do RP;przejście;Bieszczadzki;PSG w Medyce;Medyka - Szeginie;Ukraina;Amunicja;Ostra;3,50;kaliber 7,62x51;szt.;1,0000;Straż Graniczna
01.08.2025 19:00:00;Do RP;przejście;Nadbużański;PSG w Terespolu;Terespol - Brześć;Białoruś;Papierosy;Papierosy;316,33;Rotmans;szt.;360,0000;KAS | SG
02.08.2025 09:01:00;Do RP;przejście;Bieszczadzki;PSG w Korczowej;Korczowa - Krakowiec;Ukraina;Amunicja;Ostra;2,50;1 sztm. amunicji kaliber 5,56 mm;szt.;1,0000;Straż Graniczna
02.08.2025 16:40:00;Z RP;przejście;Bieszczadzki;PSG w Korczowej;Korczowa - Krakowiec;Ukraina;Pojazdy;Osobowy;55000,00;Mercedes Benz rok produkcji 2007;szt.;1,0000;Straż Graniczna
02.08.2025 23:40:00;Do RP;przejście;Nadbużański;PSG w Hrubieszowie;Zosin - Ustiług;Ukraina;Amunicja;Ostra;80,00;7,62x39;szt.;16,0000;Straż Graniczna
02.08.2025 23:40:00;Do RP;przejście;Nadbużański;PSG w Hrubieszowie;Zosin - Ustiług;Ukraina;Amunicja;Ostra;10,00;7,62x54R;szt.;2,0000;Straż Graniczna
02.08.2025 23:40:00;Do RP;przejście;Nadbużański;PSG w Hrubieszowie;Zosin - Ustiług;Ukraina;Inne;Inne;;Łuska;litr;1,0000;Straż Graniczna
02.08.2025 23:40:00;Do RP;przejście;Nadbużański;PSG w Hrubieszowie;Zosin - Ustiług;Ukraina;Inne;Inne;;Skórzana kabura na pistolet;litr;1,0000;Straż Graniczna
03.08.2025 02:30:00;Z RP;przejście;Nadbużański;PSG w Hrebennem;Hrebenne - Rawa Ruska;Ukraina;Inne;Podzespoły samochodowe;42000,00;silnik z ciągnika rolniczego CLAAS  typ 6068 ;szt.;1,0000;Straż Graniczna
03.08.2025 05:15:00;Z RP;przejście;Bieszczadzki;PSG w Rzeszowie–Jasionce;Rzeszów-Jasionka;lotnicza;Amunicja;Ostra;12,00;amunicja kal. 9x19 Parabellum;szt.;8,0000;Straż Graniczna
03.08.2025 06:55:00;Z RP;przejście;Śląski;PSG w Katowicach-Pyrzowicach;Katowice-Pyrzowice;lotnicza;Broń;Inna;60,00;Przedmiot przypominający kastet.;szt.;1,0000;Straż Graniczna
03.08.2025 11:20:00;Z RP;przejście;Bieszczadzki;PSG w Rzeszowie–Jasionce;Rzeszów-Jasionka;lotnicza;Amunicja;Ostra;12,00;amunicja kal. 9x19 mm;szt.;8,0000;Straż Graniczna
03.08.2025 14:50:00;Do RP;przejście;Bieszczadzki;PSG w Korczowej;Korczowa - Krakowiec;Ukraina;Amunicja;Ostra;0,50;kal 5,56x45mm;szt.;1,0000;Straż Graniczna
03.08.2025 14:50:00;Do RP;przejście;Bieszczadzki;PSG w Korczowej;Korczowa - Krakowiec;Ukraina;Amunicja;Ostra;0,50;kal. 7,62x22mm TT (Tokarev);szt.;1,0000;Straż Graniczna
03.08.2025 15:00:00;Z RP;przejście;Karpacki;PSG w Krakowie-Balicach;Kraków-Balice;lotnicza;Amunicja;Ostra;;Oznaczenie w okolicy spłonki IVI 20;szt.;36,0000;Straż Graniczna
03.08.2025 21:22:00;Do RP;przejście;Nadodrzański;PSG w Zgorzelcu;Jędrzychowice – Ludwigsdorf;Niemcy;Narkotyki;Marihuana;39,20;;kg;0,0010;Straż Graniczna
03.08.2025 20:19:00;Do RP;przejście;Nadbużański;PSG w Terespolu;Terespol - Brześć;Białoruś;Papierosy;Papierosy;193,31;;szt.;220,0000;Straż Graniczna
04.08.2025 13:51:00;wewnątrz kraju;kraj;Morski;PSG w Gdańsku;;wewnątrz kraju;Narkotyki;Marihuana;14,40;;kg;0,0004;Straż Graniczna
04.08.2025 15:00:00;wewnątrz kraju;kraj;Bieszczadzki;Bieszczadzki;;wewnątrz kraju;Inne;Podzespoły samochodowe;3269051,00;Lexus NX 450H, 2 x Lexus NX350H, BMW X5, BMW X5 M Sport, Mercedes GLE 400 AMG, Rolls Royce Ghost, Lamborgini Urus;szt.;100,0000;Policja | inny | SG
04.08.2025 19:45:00;Do RP;przejście;Bieszczadzki;PSG w Medyce;Medyka - Szeginie;Ukraina;Papierosy;Papierosy;6,15;Marka DAVIDOFF;szt.;7,0000;Straż Graniczna
05.08.2025 02:25:00;Z RP;przejście;Śląski;PSG w Katowicach-Pyrzowicach;Katowice-Pyrzowice;lotnicza;Broń;Inna;70,00;Przedmiot przypominający pałkę teleskopową.;szt.;1,0000;Straż Graniczna
31.07.2025 21:30:00;wewnątrz kraju;kraj;Śląski;Śląski;;wewnątrz kraju;Narkotyki;Marihuana;78,50;THC;kg;0,0016;Straż Graniczna
31.07.2025 21:30:00;wewnątrz kraju;kraj;Śląski;Śląski;;wewnątrz kraju;Narkotyki;Marihuana;34,00;THC;kg;0,0007;Straż Graniczna
31.07.2025 21:30:00;wewnątrz kraju;kraj;Śląski;Śląski;;wewnątrz kraju;Narkotyki;Inne;30,60;Mefedron;kg;0,0005;Straż Graniczna
05.08.2025 12:55:00;Do RP;przejście;Bieszczadzki;PSG w Medyce;Medyka - Szeginie;Ukraina;Alkohol;Inne;295,02;;litr;4,5000;SC | SG
05.08.2025 15:40:00;wewnątrz kraju;strefa;Podlaski;PSG w Kuźnicy;;Białoruś;Papierosy;Papierosy;26360,70;;szt.;30000,0000;Straż Graniczna
05.08.2025 18:45:00;Z RP;przejście;Bieszczadzki;PSG w Korczowej;Korczowa - Krakowiec;Ukraina;Pojazdy;Osobowy;40000,00;RENAULT Master  rok produkcji 2013 ;szt.;1,0000;Straż Graniczna
05.08.2025 18:40:00;wewnątrz kraju;kraj;Nadbużański;PSG w Lublinie;;wewnątrz kraju;Tytoń;susz tytoniowy;269388,00;;kg;534,5000;Straż Graniczna
06.08.2025 00:20:00;Do RP;przejście;Nadbużański;PSG w Dołhobyczowie;Dołhobyczów - Uhrynów;Ukraina;Papierosy;Papierosy;13,18;;szt.;15,0000;Straż Graniczna
06.08.2025 07:24:00;Do RP;przejście;Nadbużański;PSG w Dorohusku;Dorohusk - Jagodzin;Ukraina;Papierosy;Papierosy;228,46;;szt.;260,0000;SC | SG
05.08.2025 10:55:00;wewnątrz kraju;kraj;Bieszczadzki;PSG w Korczowej;;wewnątrz kraju;Narkotyki;Marihuana;23,20;susz roślinny koloru brunato zielonego;kg;0,0006;Straż Graniczna
06.08.2025 07:15:00;wewnątrz kraju;kraj;Bieszczadzki;PSG w Rzeszowie–Jasionce;;wewnątrz kraju;Narkotyki;Inne;15,18;Mefedron;kg;0,0002;Policja | SG
06.08.2025 14:41:00;Z RP;przejście;Nadwiślański;PSG w Warszawie-Okęciu;Warszawa-Okęcie;lotnicza;Amunicja;Ostra;;556x46;szt.;30,0000;Straż Graniczna
06.08.2025 11:01:00;Do RP;przejście;Nadbużański;PSG w Hrubieszowie;Zosin - Ustiług;Ukraina;Inne;Inne;114,00;Produkty pochodzenia roślinnego;kg;5,7000;SC | SG
06.08.2025 21:15:00;Do RP;przejście;Bieszczadzki;PSG w Lubaczowie;Budomierz - Hruszew;Ukraina;Pojazdy;Osobowy;140000,00;TOYOTA RAV 4 HYBRID 2020R.;szt.;1,0000;Straż Graniczna
06.08.2025 21:00:00;Do RP;przejście;Nadbużański;PSG w Terespolu;Terespol - Brześć;Białoruś;Alkohol;Wódka;45,00;;litr;1,5000;Straż Graniczna
06.08.2025 21:30:00;Do RP;przejście;Nadbużański;PSG w Terespolu;Terespol - Brześć;Białoruś;Alkohol;Wódka;15,00;;litr;0,5000;Straż Graniczna
06.08.2025 21:30:00;Do RP;przejście;Nadbużański;PSG w Terespolu;Terespol - Brześć;Białoruś;Papierosy;Papierosy;35,15;;szt.;40,0000;Straż Graniczna
07.08.2025 00:25:00;Do RP;przejście;Nadbużański;PSG w Hrebennem;Hrebenne - Rawa Ruska;Ukraina;Narkotyki;Marihuana;8,00;;kg;0,0002;Straż Graniczna
07.08.2025 01:00:00;Z RP;strefa;Śląski;PSG w Katowicach-Pyrzowicach;;lotnicza;Broń;Inna;120,00;Przedmiot przypominający pałkę teleskopową ;szt.;1,0000;Straż Graniczna
06.08.2025 00:00:00;Do RP;przejście;Nadodrzański;PSG w Zgorzelcu;Jędrzychowice – Ludwigsdorf;Niemcy;Narkotyki;Marihuana;;;kg;0,0005;Straż Graniczna
07.08.2025 00:00:00;Do RP;przejście;Nadodrzański;PSG w Świecku;Słubice – Frankfurt nad Odrą;Niemcy;Narkotyki;Marihuana;6,40;;kg;0,0002;Straż Graniczna
07.08.2025 02:30:00;Do RP;przejście;Bieszczadzki;PSG w Medyce;Medyka - Szeginie;Ukraina;Papierosy;Papierosy;52,72;papierosy Winston;szt.;60,0000;Straż Graniczna
07.08.2025 09:22:00;wewnątrz kraju;strefa;Bieszczadzki;PSG w Medyce;;Ukraina;Papierosy;Papierosy;70,30;;szt.;80,0000;Straż Graniczna
06.08.2025 10:00:00;wewnątrz kraju;kraj;Nadbużański;PSG w Hrubieszowie;;wewnątrz kraju;Pojazdy;Osobowy;130000,00;TOYOTA RAV 4;szt.;1,0000;Policja | SG
07.08.2025 07:30:00;wewnątrz kraju;kraj;Śląski;PSG w Katowicach-Pyrzowicach;;wewnątrz kraju;Narkotyki;Amfetamina;1272,25;Substancja w formie białego proszku w foliowych woreczkach;kg;0,0364;Policja | SG
07.08.2025 07:30:00;wewnątrz kraju;kraj;Śląski;PSG w Katowicach-Pyrzowicach;;wewnątrz kraju;Narkotyki;Marihuana;7937,50;Susz roślinny w kolorze zielonym o intensywnym zapachu w woreczkach foliowych;kg;0,1588;Policja | SG
07.08.2025 07:30:00;wewnątrz kraju;kraj;Śląski;PSG w Katowicach-Pyrzowicach;;wewnątrz kraju;Narkotyki;Inne;28,00;Substancja o nazwie 2C-B, pochodna fenyloetyloaminy;kg;0,0005;Policja | SG
07.08.2025 13:52:00;Z RP;przejście;Nadwiślański;PSG w Warszawie-Okęciu;Warszawa-Okęcie;lotnicza;Amunicja;Ostra;;1 SZTUKA O OZANCZENIACH G.F.L 20;szt.;1,0000;Straż Graniczna
07.08.2025 12:50:00;Z RP;przejście;Bieszczadzki;PSG w Rzeszowie–Jasionce;Rzeszów-Jasionka;lotnicza;Amunicja;Ostra;7,50;kaliber 5,45x39;szt.;3,0000;Straż Graniczna
07.08.2025 15:45:00;Z RP;przejście;Nadbużański;PSG w Dołhobyczowie;Dołhobyczów - Uhrynów;Ukraina;Pojazdy;Osobowy;85000,00;samochód osobowy marki CITROEN E-C4 SHINE rok produkcji 2022 wartość 85000 zł;szt.;1,0000;Straż Graniczna
07.08.2025 06:55:00;Z RP;przejście;Warmińsko-Mazurski;PSG w Olsztynie;Mazury;lotnicza;Amunicja;Inna;;;szt.;1,0000;Straż Graniczna
07.08.2025 20:30:00;Z RP;przejście;Bieszczadzki;PSG w Lubaczowie;Budomierz - Hruszew;Ukraina;Pojazdy;Osobowy;30000,00;Toyota Rav4, 2007r.;szt.;1,0000;Straż Graniczna
08.08.2025 02:00:00;Z RP;przejście;Nadbużański;PSG w Dołhobyczowie;Dołhobyczów - Uhrynów;Ukraina;Pojazdy;Osobowy;12000,00;SSANGYONG 2006r. prod.;szt.;1,0000;Straż Graniczna
07.08.2025 08:30:00;Do RP;przejście;Bieszczadzki;PSG w Korczowej;Korczowa - Krakowiec;Ukraina;Amunicja;Ostra;2,50;7,62x39 mm;szt.;1,0000;Straż Graniczna
08.08.2025 01:39:00;Do RP;strefa;Nadbużański;PSG w Sławatyczach;;Białoruś;Papierosy;Papierosy;8786,90;NZ GOLD;szt.;10000,0000;Straż Graniczna
08.08.2025 10:04:00;Do RP;przejście;Bieszczadzki;PSG w Medyce;Medyka - Szeginie;Ukraina;Pojazdy;Osobowy;40000,00;Fiat Ducato;szt.;1,0000;Straż Graniczna
08.08.2025 07:00:00;Do RP;przejście;Nadbużański;PSG w Terespolu;Kukuryki - Kozłowiczy;Białoruś;Inne;Inne;1131,33;Olej Napędowy;litr;144,0000;KAS | SG
08.08.2025 07:00:00;Do RP;przejście;Nadbużański;PSG w Terespolu;Kukuryki - Kozłowiczy;Białoruś;Inne;Inne;1689,13;Olej Napędowy;litr;215,0000;KAS | SG
08.08.2025 07:00:00;Do RP;przejście;Nadbużański;PSG w Terespolu;Kukuryki - Kozłowiczy;Białoruś;Inne;Inne;345,68;Olej Napędowy;litr;44,0000;KAS | SG
08.08.2025 17:05:00;Do RP;przejście;Nadodrzański;PSG w Świecku;Słubice – Frankfurt nad Odrą;Niemcy;Pojazdy;Osobowy;96000,00;KIA XCEED;szt.;1,0000;Straż Graniczna
08.08.2025 23:00:00;Do RP;przejście;Nadbużański;PSG w Terespolu;Kukuryki - Kozłowiczy;Białoruś;Papierosy;Papierosy;527,21;;szt.;600,0000;Straż Graniczna
08.08.2025 12:20:00;wewnątrz kraju;strefa;Nadbużański;PSG w Dorohusku;;Ukraina;Inne;Bursztyn;392840,00;;kg;196,4200;Straż Graniczna
09.08.2025 00:15:00;Do RP;przejście;Nadodrzański;PSG w Świecku;Słubice – Frankfurt nad Odrą;Niemcy;Narkotyki;Marihuana;76,00;;kg;0,0019;Straż Graniczna
08.08.2025 22:30:00;wewnątrz kraju;strefa;Nadbużański;PSG w Terespolu;;Białoruś;Papierosy;Papierosy;41474,17;;szt.;47200,0000;Straż Graniczna
08.08.2025 22:30:00;wewnątrz kraju;strefa;Nadbużański;PSG w Terespolu;;Białoruś;Narkotyki;Marihuana;355,50;;kg;0,0079;Straż Graniczna
08.08.2025 22:30:00;wewnątrz kraju;strefa;Nadbużański;PSG w Terespolu;;Białoruś;Broń;Palna;;ZORAKI 914;szt.;1,0000;Straż Graniczna
09.08.2025 11:15:00;wewnątrz kraju;strefa;Nadbużański;PSG w Janowie Podlaskim;;Białoruś;Papierosy;Papierosy;7959,17;przy użyciu balonu metorologicznego;szt.;9058,0000;Straż Graniczna
09.08.2025 16:10:00;Z RP;przejście;Śląski;PSG w Katowicach-Pyrzowicach;Katowice-Pyrzowice;lotnicza;Amunicja;Inna;0,50;amunicja sportowa;szt.;1,0000;Straż Graniczna
09.08.2025 10:30:00;wewnątrz kraju;kraj;Nadodrzański;Nadodrzański;;wewnątrz kraju;Inne;Inne;300000,00;oxydolor ;szt.;12000,0000;Policja | KAS | SOK | SG
09.08.2025 10:30:00;wewnątrz kraju;kraj;Nadodrzański;Nadodrzański;;wewnątrz kraju;Waluta;Złoty - PLN;2708,64;;szt.;2708,6400;Policja | KAS | SOK | SG
09.08.2025 20:45:00;Do RP;przejście;Bieszczadzki;PSG w Korczowej;Korczowa - Krakowiec;Ukraina;Amunicja;Ostra;2,50;kaliber 5.56 mm  (amunicja ostra );szt.;1,0000;Straż Graniczna
09.08.2025 21:05:00;Z RP;przejście;Nadwiślański;PSG w Warszawie-Okęciu;Warszawa-Okęcie;lotnicza;Amunicja;Ostra;;;szt.;2,0000;Straż Graniczna
09.08.2025 20:49:00;wewnątrz kraju;kraj;Nadwiślański;Nadwiślański;;wewnątrz kraju;Narkotyki;Inne;346750,00;Oxydolor;szt.;13870,0000;Straż Graniczna
09.08.2025 20:49:00;wewnątrz kraju;kraj;Nadwiślański;Nadwiślański;;wewnątrz kraju;Inne;Inne;8600,00;OxyContin;szt.;430,0000;Straż Graniczna
09.08.2025 20:49:00;wewnątrz kraju;kraj;Nadwiślański;Nadwiślański;;wewnątrz kraju;Narkotyki;Inne;467500,00;Subutex;szt.;935,0000;Straż Graniczna
09.08.2025 20:49:00;wewnątrz kraju;kraj;Nadwiślański;Nadwiślański;;wewnątrz kraju;Narkotyki;Inne;2800,00;Tirzepatidde;szt.;10,0000;Straż Graniczna
09.08.2025 20:49:00;wewnątrz kraju;kraj;Nadwiślański;Nadwiślański;;wewnątrz kraju;Narkotyki;Marihuana;200560,00;;kg;5,0140;Straż Graniczna
09.08.2025 20:49:00;wewnątrz kraju;kraj;Nadwiślański;Nadwiślański;;wewnątrz kraju;Narkotyki;Amfetamina;1985,20;;kg;0,0496;Straż Graniczna
09.08.2025 20:49:00;wewnątrz kraju;kraj;Nadwiślański;Nadwiślański;;wewnątrz kraju;Waluta;Złoty - PLN;178799,50;;szt.;178799,5000;Straż Graniczna
09.08.2025 21:41:00;Z RP;przejście;Nadodrzański;PSG w Poznaniu-Ławicy;Poznań-Ławica;lotnicza;Broń;Inna;100,00;Kastet;szt.;1,0000;Straż Graniczna
10.08.2025 10:25:00;wewnątrz kraju;kraj;Bieszczadzki;PSG w Rzeszowie–Jasionce;;wewnątrz kraju;Pojazdy;Osobowy;75000,00;Mitsubishi Outlander;szt.;1,0000;Straż Graniczna
10.08.2025 13:00:00;Do RP;przejście;Bieszczadzki;PSG w Medyce;Medyka - Szeginie;Ukraina;Amunicja;Ostra;11,70;AMUNICJA PISTOLETOWA PERABELLUM KALIBER 9 MM.;szt.;9,0000;Straż Graniczna
10.08.2025 17:18:00;Z RP;przejście;Nadwiślański;PSG w Warszawie-Okęciu;Warszawa-Okęcie;lotnicza;Amunicja;Ostra;;GECO.308 WIN;szt.;1,0000;Straż Graniczna
10.08.2025 18:00:00;Do RP;przejście;Nadbużański;PSG w Hrubieszowie;Zosin - Ustiług;Ukraina;Broń;Inna;60,00;imitacja kija bejsbolowego. Wniosek do OC D110/2025;szt.;1,0000;Straż Graniczna
10.08.2025 19:50:00;Do RP;przejście;Bieszczadzki;PSG w Korczowej;Korczowa - Krakowiec;Ukraina;Amunicja;Ostra;2,50;Amunicja 5,56x39 mm ;szt.;1,0000;Straż Graniczna
11.08.2025 01:00:00;Do RP;przejście;Nadbużański;PSG w Dołhobyczowie;Dołhobyczów - Uhrynów;Ukraina;Amunicja;Ostra;27,00;nabój kal. 12.7x99 mm NATO;szt.;1,0000;Straż Graniczna
11.08.2025 02:30:00;Do RP;przejście;Bieszczadzki;PSG w Korczowej;Korczowa - Krakowiec;Ukraina;Amunicja;Ostra;2,50;Amunicja 7.62x39mm;szt.;1,0000;Straż Graniczna
11.08.2025 05:50:00;Do RP;przejście;Nadbużański;PSG w Terespolu;Terespol - Brześć;Białoruś;Inne;Inne;32000,00;PRODUKTY FARMACEUTYCZNE - 400 SZT. AMPUŁEK Z BOTOKSEM;szt.;400,0000;Straż Graniczna
08.08.2025 08:55:00;Z RP;przejście;Bieszczadzki;PSG w Rzeszowie–Jasionce;Rzeszów-Jasionka;lotnicza;Amunicja;Ostra;2,00; kal. 5.45x39 mm;szt.;1,0000;Straż Graniczna
11.08.2025 17:16:00;Z RP;przejście;Nadwiślański;PSG w Warszawie-Okęciu;Warszawa-Okęcie;lotnicza;Amunicja;Ostra;;;szt.;1,0000;Straż Graniczna
11.08.2025 04:00:00;Z RP;przejście;Bieszczadzki;PSG w Korczowej;Korczowa - Krakowiec;Ukraina;Inne;Inne;;znaczna ilości ubrań z logiem znanych marek ;szt.;735,0000;Straż Graniczna
12.08.2025 06:30:00;Do RP;przejście;Nadbużański;PSG w Terespolu;Terespol - Brześć;Białoruś;Papierosy;Papierosy;685,38;;szt.;780,0000;Straż Graniczna
11.08.2025 23:30:00;wewnątrz kraju;strefa;Nadbużański;PSG w Terespolu;;Białoruś;Papierosy;Papierosy;4692,20;;szt.;5340,0000;Straż Graniczna
12.08.2025 09:37:00;Do RP;przejście;Bieszczadzki;PSG w Medyce;;Ukraina;Papierosy;Papierosy;105,44;ROTHMANS;szt.;120,0000;Straż Graniczna
12.08.2025 06:35:00;wewnątrz kraju;strefa;Podlaski;PSG w Nowym Dworze;;Białoruś;Papierosy;Papierosy;26360,70;NZ BLACK;szt.;30000,0000;Straż Graniczna
12.08.2025 06:35:00;wewnątrz kraju;strefa;Podlaski;PSG w Nowym Dworze;;Białoruś;Papierosy;Papierosy;15816,42;MINSK SUPERSLIMS;szt.;18000,0000;Straż Graniczna
12.08.2025 09:00:00;Do RP;przejście;Bieszczadzki;PSG w Korczowej;Korczowa - Krakowiec;Ukraina;Papierosy;Papierosy;263,61;marki NEO ;szt.;300,0000;SC | SG
12.08.2025 22:10:00;Do RP;przejście;Warmińsko-Mazurski;PSG w Grzechotkach;Grzechotki - Mamonowo II;Rosja;Papierosy;Papierosy;527,21;;szt.;600,0000;Straż Graniczna
13.08.2025 01:00:00;Do RP;przejście;Nadbużański;PSG w Terespolu;Terespol - Brześć;Białoruś;Papierosy;Papierosy;70295,20;;szt.;80000,0000;KAS | SG
13.08.2025 06:00:00;wewnątrz kraju;strefa;Bieszczadzki;PSG w Hermanowicach;;Ukraina;Papierosy;Papierosy;1933,12;;szt.;2200,0000;SC | SG
13.08.2025 14:02:00;Do RP;przejście;Nadbużański;PSG w Dorohusku;Dorohusk - Jagodzin;Ukraina;Papierosy;Papierosy;28,12;WNIOSEK NR 237;szt.;32,0000;Straż Graniczna
13.08.2025 14:14:00;Do RP;przejście;Nadbużański;PSG w Dorohusku;Dorohusk - Jagodzin;Ukraina;Papierosy;Papierosy;35,15;WNIOSEK NR 238;szt.;40,0000;Straż Graniczna
13.08.2025 14:27:00;Do RP;przejście;Nadbużański;PSG w Dorohusku;Dorohusk - Jagodzin;Ukraina;Papierosy;Papierosy;92,26;WNIOSEK NR 239;szt.;105,0000;Straż Graniczna
13.08.2025 09:10:00;Do RP;przejście;Bieszczadzki;PSG w Medyce;Medyka - Szeginie;Ukraina;Tytoń;Tytoń do palenia (wkłady);17,84;17 sztuk marki TEREA;kg;0,0045;Straż Graniczna
13.08.2025 07:00:00;Do RP;przejście;Nadbużański;PSG w Terespolu;Terespol - Brześć;Białoruś;Inne;Inne;827,99;Produkty farmaceutyczne;szt.;51,0000;KAS | SG
14.08.2025 10:10:00;Z RP;przejście;Bieszczadzki;PSG w Korczowej;Korczowa - Krakowiec;Ukraina;Inne;Inne;110,00;PODROBIONE TABLICE REJESTRACYJNE POJAZDU;szt.;2,0000;Straż Graniczna
14.08.2025 06:15:00;wewnątrz kraju;kraj;Warmińsko-Mazurski;PSG w Olsztynie;;wewnątrz kraju;Papierosy;Papierosy;11994,12;;szt.;13650,0000;Straż Graniczna
14.08.2025 06:15:00;wewnątrz kraju;kraj;Warmińsko-Mazurski;PSG w Olsztynie;;wewnątrz kraju;Tytoń;krajanka tytoniowa;6546,24;;kg;7,4500;Straż Graniczna
14.08.2025 15:20:00;Do RP;przejście;Bieszczadzki;PSG w Korczowej;Korczowa - Krakowiec;Ukraina;Amunicja;Ostra;2,50;Amunicja 7,62x39 mm;szt.;1,0000;Straż Graniczna
14.08.2025 15:30:00;Do RP;strefa;Śląski;PSG w Katowicach-Pyrzowicach;;lotnicza;Narkotyki;Marihuana;807,50;susz roślinny zawierający THC;kg;0,0162;Straż Graniczna
15.08.2025 04:00:00;Do RP;przejście;Nadbużański;PSG w Hrebennem;Hrebenne - Rawa Ruska;Ukraina;Papierosy;Papierosy;52,72;ujawniono 3 paczki  (60 sztuk) papierosów  rothmans;szt.;60,0000;Straż Graniczna
14.08.2025 22:57:00;Do RP;przejście;Bieszczadzki;PSG w Medyce;Przemyśl - Mościska;Ukraina;Broń;Inna;50,00;broń biała w postaci kastetu;szt.;1,0000;SC | SG
15.08.2025 08:30:00;Do RP;przejście;Nadbużański;PSG w Dołhobyczowie;Dołhobyczów - Uhrynów;Ukraina;Papierosy;Papierosy;421,77;120 sztuk (6 paczek) papierosów m-ki BRUT WHITE, 360 sztuk (18 paczek) papierosów m-ki COMPLIMENT;szt.;480,0000;KAS | SG
15.08.2025 11:40:00;Do RP;przejście;Nadbużański;PSG w Hrubieszowie;Zosin - Ustiług;Ukraina;Broń;Inna;60,00;imitacja kija bejsbolowego.Wniosek do OCRP D114/2025;szt.;1,0000;Straż Graniczna
15.08.2025 20:45:00;Do RP;przejście;Bieszczadzki;PSG w Korczowej;Korczowa - Krakowiec;Ukraina;Amunicja;Ostra;2,50;;szt.;1,0000;Straż Graniczna
16.08.2025 00:15:00;Z RP;strefa;Śląski;PSG w Katowicach-Pyrzowicach;;lotnicza;Amunicja;Ostra;2,00;1 szt. przedmiotu przypominającego amunicję koloru żółtego, z wygrawerowanym na spodzie napisem S&B5.56X45 oraz cyfrą 20.;szt.;1,0000;Straż Graniczna
16.08.2025 02:19:00;Z RP;przejście;Nadbużański;PSG w Dołhobyczowie;Dołhobyczów - Uhrynów;Ukraina;Pojazdy;Osobowy;15000,00;Volkswagen Golf;szt.;1,0000;Straż Graniczna
16.08.2025 07:00:00;Z RP;przejście;Nadodrzański;PSG w Poznaniu-Ławicy;Poznań-Ławica;lotnicza;Broń;Inna;40,00;Kastet;szt.;1,0000;Straż Graniczna
16.08.2025 12:20:00;Do RP;przejście;Bieszczadzki;PSG w Korczowej;Korczowa - Krakowiec;Ukraina;Broń;Inna;25,00;kastet;szt.;1,0000;Straż Graniczna
16.08.2025 14:00:00;Z RP;strefa;Śląski;PSG w Katowicach-Pyrzowicach;;lotnicza;Broń;Inna;60,00;Przedmiot przypominający kastet;szt.;1,0000;Straż Graniczna
16.08.2025 08:00:00;Do RP;przejście;Nadbużański;PSG w Hrebennem;Hrebenne - Rawa Ruska;Ukraina;Inne;Inne;161,90;produkty  pochodzenia  zwierzęcego  ;kg;12,1000;SC | SG
16.08.2025 08:00:00;Do RP;przejście;Nadbużański;PSG w Hrebennem;Hrebenne - Rawa Ruska;Ukraina;Inne;Inne;77,60;produkty  pochodzenia  roślinnego;kg;5,8000;SC | SG
16.08.2025 21:40:00;Do RP;przejście;Nadbużański;PSG w Hrubieszowie;Zosin - Ustiług;Ukraina;Papierosy;Papierosy;395,41;MARKA PRILUKI;szt.;450,0000;Straż Graniczna
16.08.2025 23:40:00;Do RP;przejście;Nadbużański;PSG w Terespolu;Kukuryki - Kozłowiczy;Białoruś;Papierosy;Papierosy;527,21;;szt.;600,0000;Straż Graniczna
16.08.2025 18:37:00;Do RP;przejście;Bieszczadzki;PSG w Medyce;Medyka - Szeginie;Ukraina;Papierosy;Papierosy;158,16;Marlboro;szt.;180,0000;SC | SG
16.08.2025 18:37:00;Do RP;przejście;Bieszczadzki;PSG w Medyce;Medyka - Szeginie;Ukraina;Alkohol;Wódka;42,00;Hetman;litr;1,0000;SC | SG
16.08.2025 18:37:00;Do RP;przejście;Bieszczadzki;PSG w Medyce;Medyka - Szeginie;Ukraina;Alkohol;Inne;22,00;płyn o zapachu alkoholu;litr;0,5000;SC | SG
16.08.2025 18:37:00;Do RP;przejście;Bieszczadzki;PSG w Medyce;Medyka - Szeginie;Ukraina;Alkohol;Inne;8,00;cnotu karka;litr;0,5000;SC | SG
17.08.2025 13:10:00;Do RP;przejście;Bieszczadzki;PSG w Korczowej;Korczowa - Krakowiec;Ukraina;Amunicja;Ostra;2,50;1 szt. amunicji kaliber 5, 45mm;szt.;1,0000;Straż Graniczna
17.08.2025 19:55:00;Z RP;przejście;Nadodrzański;PSG w Poznaniu-Ławicy;Poznań-Ławica;lotnicza;Broń;Inna;20,00;Pałka teleskopowa;szt.;1,0000;Straż Graniczna
17.08.2025 20:05:00;Do RP;przejście;Bieszczadzki;PSG w Medyce;;Ukraina;Papierosy;Papierosy;1,76;marki  Compliment;szt.;2,0000;Straż Graniczna
17.08.2025 21:17:00;Z RP;przejście;Bieszczadzki;PSG w Korczowej;Korczowa - Krakowiec;Ukraina;Inne;Inne;1000,00;hulajnoga elektryczna marki EVERCROSS;szt.;1,0000;Straż Graniczna
17.08.2025 20:00:00;Do RP;przejście;Nadbużański;PSG w Dorohusku;Dorohusk - Jagodzin;Ukraina;Papierosy;Papierosy;52,72;współdziałanie z UC;szt.;60,0000;SC | SG
18.08.2025 02:20:00;Do RP;przejście;Bieszczadzki;PSG w Korczowej;Korczowa - Krakowiec;Ukraina;Amunicja;Ostra;2,50;5x56mm amunicja ostra;szt.;1,0000;Straż Graniczna
18.08.2025 09:45:00;Do RP;przejście;Nadbużański;PSG w Dorohusku;Dorohusk - Jagodzin;Ukraina;Papierosy;Papierosy;73,81;WNIOSEK NR 240;szt.;84,0000;Straż Graniczna
18.08.2025 09:45:00;Do RP;przejście;Nadbużański;PSG w Dorohusku;Dorohusk - Jagodzin;Ukraina;Papierosy;Papierosy;126,53;WNIOSEK NR 236;szt.;144,0000;Straż Graniczna
18.08.2025 09:45:00;Do RP;przejście;Nadbużański;PSG w Dorohusku;Dorohusk - Jagodzin;Ukraina;Papierosy;Papierosy;92,26;WNIOSEK NR 235;szt.;105,0000;Straż Graniczna
18.08.2025 09:45:00;Do RP;przejście;Nadbużański;PSG w Dorohusku;Dorohusk - Jagodzin;Ukraina;Papierosy;Papierosy;22,85;WNIOSEK NR 234;szt.;26,0000;Straż Graniczna
18.08.2025 09:45:00;Do RP;przejście;Nadbużański;PSG w Dorohusku;Dorohusk - Jagodzin;Ukraina;Tytoń;Tytoń do palenia (wkłady);;;kg;0,0152;Straż Graniczna
18.08.2025 09:45:00;Do RP;przejście;Nadbużański;PSG w Dorohusku;Dorohusk - Jagodzin;Ukraina;Papierosy;Papierosy;105,44;WNIOSEK NR 233;szt.;120,0000;Straż Graniczna
18.08.2025 08:52:00;Do RP;przejście;Bieszczadzki;PSG w Medyce;Medyka - Szeginie;Ukraina;Amunicja;Ostra;5,00;DAC23K1359, kaliber 5,56x45;szt.;1,0000;Straż Graniczna
18.08.2025 10:20:00;wewnątrz kraju;kraj;Nadodrzański;PSG w Świecku;;wewnątrz kraju;Pojazdy;Motocykl;15000,00;KAWASAKI ZX10R;szt.;1,0000;Straż Graniczna
18.08.2025 16:55:00;Do RP;przejście;Nadbużański;PSG w Dorohusku;Dorohusk - Jagodzin;Ukraina;Tytoń;Tytoń do palenia (wkłady);39,69;Heets;kg;0,0594;SC | SG
18.08.2025 08:00:00;wewnątrz kraju;strefa;Nadbużański;PSG w Sławatyczach;;Białoruś;Narkotyki;Amfetamina;111,20;;kg;0,0028;Policja | SG
18.08.2025 08:00:00;wewnątrz kraju;strefa;Nadbużański;PSG w Sławatyczach;;Białoruś;Narkotyki;Marihuana;3661,20;;kg;0,0915;Policja | SG
18.08.2025 08:00:00;wewnątrz kraju;strefa;Nadbużański;PSG w Sławatyczach;;Białoruś;Narkotyki;Inne;;krzaki konopii indyjskich;szt.;6,0000;Policja | SG
18.08.2025 10:03:00;wewnątrz kraju;kraj;Śląski;PSG w Katowicach-Pyrzowicach;;wewnątrz kraju;Narkotyki;Marihuana;79626,50;;kg;1,5925;Straż Graniczna
19.08.2025 04:50:00;Z RP;przejście;Nadodrzański;PSG w Poznaniu-Ławicy;Poznań-Ławica;lotnicza;Broń;Inna;400,00;Pałka teleskopowa;szt.;1,0000;Straż Graniczna
19.08.2025 07:50:00;Do RP;przejście;Bieszczadzki;PSG w Medyce;;Ukraina;Papierosy;Papierosy;5,27;MARKI SOBRANIE;szt.;6,0000;Straż Graniczna
19.08.2025 06:00:00;wewnątrz kraju;kraj;Nadbużański;PSG w Terespolu;;wewnątrz kraju;Pojazdy;Osobowy;150000,00;FORD MUSTANG;szt.;1,0000;Policja | SG
19.08.2025 15:40:00;Z RP;strefa;Śląski;PSG w Katowicach-Pyrzowicach;;lotnicza;Amunicja;Ostra;3,00;S&W NTA CBC 40;szt.;1,0000;Straż Graniczna
08.08.2025 17:00:00;wewnątrz kraju;kraj;Śląski;PSG w Katowicach-Pyrzowicach;;wewnątrz kraju;Narkotyki;Inne;51,00;Susz roślinny;kg;0,0010;Policja | SG
08.08.2025 17:00:00;wewnątrz kraju;kraj;Śląski;PSG w Katowicach-Pyrzowicach;;wewnątrz kraju;Narkotyki;Inne;36,40;Biały proszek;kg;0,0010;Policja | SG
08.08.2025 17:00:00;wewnątrz kraju;kraj;Śląski;PSG w Katowicach-Pyrzowicach;;wewnątrz kraju;Narkotyki;Haszysz;2040,00;;kg;0,0340;Policja | SG
19.08.2025 15:45:00;wewnątrz kraju;strefa;Warmińsko-Mazurski;PSG w Braniewie;;Rosja;Papierosy;Papierosy;105214,34;;szt.;119740,0000;Straż Graniczna
19.08.2025 19:17:00;wewnątrz kraju;kraj;Śląski;PSG w Katowicach-Pyrzowicach;;wewnątrz kraju;Narkotyki;Amfetamina;1335,43;;kg;0,0382;Policja | SG
19.08.2025 15:05:00;wewnątrz kraju;strefa;Nadodrzański;PSG w Tuplicach;;Niemcy;Narkotyki;inne;5880,00;Krzewy konopii innych niż włókniste;szt.;6,0000;Straż Graniczna
20.08.2025 09:30:00;Do RP;przejście;Bieszczadzki;PSG w Korczowej;Korczowa - Krakowiec;Ukraina;Amunicja;Ostra;10,00;kal 7.62x39mm;szt.;4,0000;Straż Graniczna
20.08.2025 09:45:00;Do RP;przejście;Bieszczadzki;PSG w Korczowej;Korczowa - Krakowiec;Ukraina;Amunicja;Ostra;2,50;kal. 5.56x45mm;szt.;1,0000;Straż Graniczna
20.08.2025 10:30:00;Do RP;przejście;Bieszczadzki;PSG w Korczowej;;Ukraina;Amunicja;Ostra;2,50;kal 5.45x39mm;szt.;1,0000;Straż Graniczna
20.08.2025 14:00:00;Z RP;przejście;Bieszczadzki;PSG w Korczowej;Korczowa - Krakowiec;Ukraina;Inne;Inne;2000,00;rower CUBE;szt.;1,0000;Straż Graniczna
20.08.2025 14:00:00;Z RP;przejście;Bieszczadzki;PSG w Korczowej;Korczowa - Krakowiec;Ukraina;Inne;Inne;10000,00;rower RADON;szt.;1,0000;Straż Graniczna
20.08.2025 16:01:00;Z RP;przejście;Nadwiślański;PSG w Warszawie-Modlinie;Warszawa/Modlin;lotnicza;Amunicja;Ostra;;188 x 36 ;szt.;1,0000;Straż Graniczna
20.08.2025 08:50:00;wewnątrz kraju;kraj;Śląski;PSG w Bielsku-Białej;;wewnątrz kraju;Narkotyki;Inne;100,00;Pochodne kokainy;kg;0,0005;Straż Graniczna
20.08.2025 17:18:00;Z RP;strefa;Śląski;PSG w Katowicach-Pyrzowicach;;lotnicza;Amunicja;Ostra;1,00;"Przedmiot przypominający amunicje z napsem na denku łuski ""S&B 9x19 NX 20""";szt.;1,0000;Straż Graniczna
21.08.2025 00:05:00;Do RP;przejście;Nadbużański;PSG w Terespolu;Terespol - Brześć;Białoruś;Papierosy;Papierosy;439,35;;szt.;500,0000;KAS | SG
21.08.2025 00:05:00;Do RP;przejście;Nadbużański;PSG w Terespolu;Terespol - Brześć;Białoruś;Inne;Inne;5057,77;woreczki z płynnym tytoniem do fajek;kg;5,7543;KAS | SG
20.08.2025 20:00:00;Do RP;przejście;Bieszczadzki;PSG w Medyce;Przemyśl - Mościska;Ukraina;Papierosy;Papierosy;175,74;WINSTON BLUE;szt.;200,0000;SC | SG
20.08.2025 20:00:00;Do RP;przejście;Bieszczadzki;PSG w Medyce;Przemyśl - Mościska;Ukraina;Papierosy;Papierosy;17,57;ROTHMANS;szt.;20,0000;SC | SG
20.08.2025 06:30:00;wewnątrz kraju;kraj;Warmińsko-Mazurski;PSG w Gołdapi;;wewnątrz kraju;Waluta;Złoty - PLN;4950,00;;szt.;4950,0000;Straż Graniczna
20.08.2025 06:30:00;wewnątrz kraju;kraj;Warmińsko-Mazurski;PSG w Gołdapi;;wewnątrz kraju;Narkotyki;Amfetamina;1200,80;;kg;0,0150;Straż Graniczna
20.08.2025 06:30:00;wewnątrz kraju;kraj;Warmińsko-Mazurski;PSG w Gołdapi;;wewnątrz kraju;Narkotyki;Kokaina;1820,00;;kg;0,0046;Straż Graniczna
20.08.2025 06:30:00;wewnątrz kraju;kraj;Warmińsko-Mazurski;PSG w Gołdapi;;wewnątrz kraju;Narkotyki;Inne;;5F-ADB;kg;0,2570;Straż Graniczna
21.08.2025 11:00:00;wewnątrz kraju;strefa;Bieszczadzki;PSG w Hermanowicach;;Ukraina;Papierosy;Papierosy;1282,89;;szt.;1460,0000;Straż Graniczna
21.08.2025 09:03:00;Z RP;przejście;Bieszczadzki;PSG w Medyce;Medyka - Szeginie;Ukraina;Pojazdy;Inny;15000,00;rower marki Cube;szt.;1,0000;Straż Graniczna
21.08.2025 09:03:00;Z RP;przejście;Bieszczadzki;PSG w Medyce;Medyka - Szeginie;Ukraina;Pojazdy;Inny;18000,00;rower marku Specialized;szt.;1,0000;Straż Graniczna
21.08.2025 17:30:00;Do RP;przejście;Nadodrzański;PSG w Poznaniu-Ławicy;;lotnicza;Broń;Inna;40,00;kastet;szt.;1,0000;Straż Graniczna
21.08.2025 14:20:00;Do RP;przejście;Nadodrzański;PSG w Zielonej Górze-Babimoście;Gubinek – Guben;Niemcy;Tytoń;susz tytoniowy;34551,90;;kg;1719,0000;SC | Policja
22.08.2025 02:29:00;Z RP;przejście;Bieszczadzki;PSG w Medyce;Medyka - Szeginie;Ukraina;Inne;Podzespoły samochodowe;4500,00;KOMPLETNA KLAPA TYLNA  ;szt.;1,0000;Straż Graniczna
22.08.2025 02:29:00;Z RP;przejście;Bieszczadzki;PSG w Medyce;Medyka - Szeginie;Ukraina;Inne;Podzespoły samochodowe;4500,00;MASKA PRZEDNIA ;szt.;1,0000;Straż Graniczna
22.08.2025 02:29:00;Z RP;przejście;Bieszczadzki;PSG w Medyce;Medyka - Szeginie;Ukraina;Inne;Podzespoły samochodowe;6000,00;KIEROWNICA Z PRZEKŁADNIĄ KIEROWNICZĄ;szt.;1,0000;Straż Graniczna
22.08.2025 02:29:00;Z RP;przejście;Bieszczadzki;PSG w Medyce;Medyka - Szeginie;Ukraina;Inne;Podzespoły samochodowe;3500,00;KOMPLENTNE DRZWI PRAWE PRZEDNIE;szt.;1,0000;Straż Graniczna
22.08.2025 02:29:00;Z RP;przejście;Bieszczadzki;PSG w Medyce;Medyka - Szeginie;Ukraina;Inne;Podzespoły samochodowe;3500,00;KOMPLETNE DRZWI LEWE PRZEDNIE;szt.;1,0000;Straż Graniczna
22.08.2025 02:29:00;Z RP;przejście;Bieszczadzki;PSG w Medyce;Medyka - Szeginie;Ukraina;Inne;Podzespoły samochodowe;3500,00;KOMPLETNE DRZWI PRAWE TYŁ;szt.;1,0000;Straż Graniczna
22.08.2025 02:29:00;Z RP;przejście;Bieszczadzki;PSG w Medyce;Medyka - Szeginie;Ukraina;Inne;Podzespoły samochodowe;3500,00;KOMPLETNE DRZWI LEWE TYŁ;szt.;1,0000;Straż Graniczna
22.08.2025 02:29:00;Z RP;przejście;Bieszczadzki;PSG w Medyce;Medyka - Szeginie;Ukraina;Inne;Podzespoły samochodowe;10000,00;FELGI Z LEKKICH STOPÓW Z OPONAMI;szt.;4,0000;Straż Graniczna
22.08.2025 02:29:00;Z RP;przejście;Bieszczadzki;PSG w Medyce;Medyka - Szeginie;Ukraina;Inne;Podzespoły samochodowe;3000,00;KOMPLET ZAWIESZENIA LEWY PRZÓD WRAZ Z TARCZĄ HAMULCOWĄ;szt.;1,0000;Straż Graniczna
22.08.2025 02:29:00;Z RP;przejście;Bieszczadzki;PSG w Medyce;Medyka - Szeginie;Ukraina;Inne;Podzespoły samochodowe;3000,00;KOMPLET ZAWIESZENIA PRAWY PRZÓD WRAZ Z TARCZĄ HAMULCOWĄ;szt.;1,0000;Straż Graniczna
22.08.2025 02:29:00;Z RP;przejście;Bieszczadzki;PSG w Medyce;Medyka - Szeginie;Ukraina;Inne;Podzespoły samochodowe;13000,00;SILNIK ELEKTRYCZNY WRAZ Z KOMPLETNYM ZAWIESZENIEM ;szt.;1,0000;Straż Graniczna
22.08.2025 02:29:00;Z RP;przejście;Bieszczadzki;PSG w Medyce;Medyka - Szeginie;Ukraina;Inne;Podzespoły samochodowe;40000,00;BATERIA POJAZDU;szt.;2,0000;Straż Graniczna
22.08.2025 13:14:00;Z RP;przejście;Nadwiślański;PSG w Warszawie-Okęciu;Warszawa-Okęcie;lotnicza;Amunicja;Ostra;;Kaliber 9 mm, o oznaczeniu na kryzie łuski „9 mm Luger GECO”.;szt.;1,0000;Straż Graniczna
22.08.2025 08:00:00;wewnątrz kraju;strefa;Nadbużański;PSG w Hrebennem;;Ukraina;Narkotyki;Marihuana;51,30;susz roślinny;kg;0,0011;Policja | SG
22.08.2025 11:30:00;wewnątrz kraju;kraj;Nadodrzański;PSG w Zgorzelcu;;wewnątrz kraju;Papierosy;Papierosy;263958,48;LM;szt.;300400,0000;Straż Graniczna
22.08.2025 17:00:00;Do RP;przejście;Bieszczadzki;PSG w Rzeszowie–Jasionce;Rzeszów-Jasionka;lotnicza;Alkohol;Wódka;375,00;;litr;7,5000;KAS | SG
22.08.2025 17:00:00;Do RP;przejście;Bieszczadzki;PSG w Rzeszowie–Jasionce;Rzeszów-Jasionka;lotnicza;Inne;Inne;;koralowce;szt.;11,0000;KAS | SG
22.08.2025 17:00:00;Do RP;przejście;Bieszczadzki;PSG w Rzeszowie–Jasionce;Rzeszów-Jasionka;lotnicza;Inne;Inne;;muszle;szt.;8,0000;KAS | SG
22.08.2025 10:50:00;wewnątrz kraju;kraj;Śląski;PSG w Sosnowcu;;wewnątrz kraju;Tytoń;Tytoń do palenia;1336,30;4 przezroczyste worki o wadze ok. 500g każdy;kg;2,0000;Straż Graniczna
22.08.2025 10:50:00;wewnątrz kraju;kraj;Śląski;PSG w Sosnowcu;;wewnątrz kraju;Papierosy;Papierosy;2600,92;148 paczek papierosów o łącznej ilości 2960 sztuk papierosów bez polskich znaków akcyzy;szt.;2960,0000;Straż Graniczna
22.08.2025 10:50:00;wewnątrz kraju;kraj;Śląski;PSG w Sosnowcu;;wewnątrz kraju;Tytoń;Tytoń do palenia;2004,45; 6 przezroczystych worków o wadze ok. 500g każdy. Łączna waga wyniosła 3 kilogramy;kg;3,0000;Straż Graniczna
22.08.2025 10:50:00;wewnątrz kraju;kraj;Śląski;PSG w Sosnowcu;;wewnątrz kraju;Papierosy;Papierosy;52,72; 3 paczki papierosów o łącznej ilości 60 sztuk papierosów bez polskich znaków akcyzy;szt.;60,0000;Straż Graniczna
23.08.2025 02:30:00;Z RP;przejście;Śląski;PSG w Katowicach-Pyrzowicach;Katowice-Pyrzowice;lotnicza;Broń;Inna;120,00;Przedmiot przypominający pałkę teleskopową;szt.;1,0000;Straż Graniczna
24.08.2025 00:30:00;Do RP;przejście;Nadbużański;PSG w Hrebennem;Hrebenne - Rawa Ruska;Ukraina;Pojazdy;Osobowy;150000,00;TOYOTA RAV4 HYBRID ROK PROD. 2021;szt.;1,0000;Straż Graniczna
24.08.2025 01:00:00;Z RP;strefa;Śląski;PSG w Katowicach-Pyrzowicach;;lotnicza;Amunicja;Ostra;2,50;;szt.;1,0000;Straż Graniczna
24.08.2025 23:15:00;Do RP;przejście;Bieszczadzki;PSG w Korczowej;Korczowa - Krakowiec;Ukraina;Amunicja;Ostra;2,50;kal 5,45x39mm;szt.;1,0000;Straż Graniczna
25.08.2025 04:34:00;Do RP;przejście;Nadbużański;PSG w Dorohusku;Dorohusk - Jagodzin;Ukraina;Papierosy;Papierosy;512,28;;szt.;583,0000;Straż Graniczna
25.08.2025 04:40:00;Do RP;przejście;Nadbużański;PSG w Dorohusku;Dorohusk - Jagodzin;Ukraina;Papierosy;Papierosy;35,15;;szt.;40,0000;Straż Graniczna
25.08.2025 04:46:00;Do RP;przejście;Nadbużański;PSG w Dorohusku;Dorohusk - Jagodzin;Ukraina;Papierosy;Papierosy;105,44;;szt.;120,0000;Straż Graniczna
25.08.2025 04:51:00;Do RP;przejście;Nadbużański;PSG w Dorohusku;Dorohusk - Jagodzin;Ukraina;Papierosy;Papierosy;43,93;;szt.;50,0000;Straż Graniczna
25.08.2025 04:57:00;Do RP;przejście;Nadbużański;PSG w Dorohusku;Dorohusk - Jagodzin;Ukraina;Tytoń;Tytoń do palenia (wkłady);;;kg;0,1855;Straż Graniczna
25.08.2025 08:00:00;Do RP;przejście;Bieszczadzki;PSG w Korczowej;Korczowa - Krakowiec;Ukraina;Amunicja;Ostra;2,50;1 szt. naboju o kalibrze 5,56x39 m;szt.;1,0000;Straż Graniczna
25.08.2025 07:50:00;Do RP;przejście;Bieszczadzki;PSG w Korczowej;Korczowa - Krakowiec;Ukraina;Amunicja;Ostra;2,50;1 szt. naboju o kalibrze 7,62x39 mm;szt.;1,0000;Straż Graniczna
25.08.2025 10:40:00;Z RP;przejście;Nadwiślański;PSG w Warszawie-Okęciu;Warszawa-Okęcie;lotnicza;Amunicja;Ostra;;AMUNICJA BOCZNEGO ZAPŁONU;szt.;1,0000;Straż Graniczna
25.08.2025 13:40:00;Do RP;przejście;Bieszczadzki;PSG w Korczowej;Korczowa - Krakowiec;Ukraina;Amunicja;Ostra;2,50;1 szt. naboju o kalibrze 5,56x39 mm;szt.;1,0000;Straż Graniczna
25.08.2025 13:40:00;Do RP;przejście;Bieszczadzki;PSG w Korczowej;Korczowa - Krakowiec;Ukraina;Amunicja;Ostra;2,50;1 szt. naboju o kalibrze 7,62x39 mm ;szt.;1,0000;Straż Graniczna
22.08.2025 10:50:00;Do RP;przejście;Nadwiślański;PSG w Warszawie-Okęciu;Warszawa-Okęcie;lotnicza;Amunicja;Ostra;;;szt.;2,0000;Straż Graniczna
03.08.2025 10:23:00;Z RP;przejście;Nadwiślański;PSG w Warszawie-Okęciu;Warszawa-Okęcie;lotnicza;Amunicja;Ostra;;;szt.;1,0000;Straż Graniczna
25.08.2025 13:30:00;wewnątrz kraju;kraj;Warmińsko-Mazurski;PSG w Gołdapi;;wewnątrz kraju;Narkotyki;Kokaina;2657087,50;;kg;10,6284;Straż Graniczna
25.08.2025 13:30:00;wewnątrz kraju;kraj;Warmińsko-Mazurski;PSG w Gołdapi;;wewnątrz kraju;Narkotyki;Marihuana;118689,00;;kg;5,9345;Straż Graniczna
25.08.2025 13:30:00;wewnątrz kraju;kraj;Warmińsko-Mazurski;PSG w Gołdapi;;wewnątrz kraju;Papierosy;Papierosy;351,48;;szt.;400,0000;Straż Graniczna
25.08.2025 13:30:00;wewnątrz kraju;kraj;Warmińsko-Mazurski;PSG w Gołdapi;;wewnątrz kraju;Narkotyki;Inne;1499,94;płynna amfetamina ;litr;1,9500;Straż Graniczna
25.08.2025 13:30:00;wewnątrz kraju;kraj;Warmińsko-Mazurski;PSG w Gołdapi;;wewnątrz kraju;Narkotyki;Kokaina;79104,00;;kg;0,1978;Straż Graniczna
25.08.2025 13:30:00;wewnątrz kraju;kraj;Warmińsko-Mazurski;PSG w Gołdapi;;wewnątrz kraju;Narkotyki;Marihuana;8291,64;;kg;4,1458;Straż Graniczna
25.08.2025 23:30:00;Z RP;przejście;Nadbużański;PSG w Dorohusku;Dorohusk - Jagodzin;Ukraina;Narkotyki;Extasy;25,00;;tabletka;1,0000;Straż Graniczna
25.08.2025 13:45:00;;przejście;Nadwiślański;PSG w Warszawie-Okęciu;;lotnicza;Inne;Inne;;paszport Tadżykistanu;szt.;3,0000;inny
25.08.2025 13:45:00;;przejście;Nadwiślański;PSG w Warszawie-Okęciu;;lotnicza;Inne;Inne;;Polskie prawo jazdy;szt.;2,0000;inny
25.08.2025 13:45:00;;przejście;Nadwiślański;PSG w Warszawie-Okęciu;;lotnicza;Inne;Inne;;Tureckie prawo jazdy;szt.;1,0000;inny
26.08.2025 06:00:00;wewnątrz kraju;kraj;Nadodrzański;PSG w Kłodzku;;wewnątrz kraju;Narkotyki;Marihuana;67,50;;kg;0,0015;Policja | SG
26.08.2025 09:52:00;wewnątrz kraju;kraj;Śląski;Śląski;;wewnątrz kraju;Narkotyki;Marihuana;650,00;;kg;0,0130;Straż Graniczna
26.08.2025 09:52:00;wewnątrz kraju;kraj;Śląski;Śląski;;wewnątrz kraju;Narkotyki;Inne;150,00;skrystalizowanej substancja, dopalacze;kg;0,0010;Straż Graniczna
26.08.2025 09:52:00;wewnątrz kraju;kraj;Śląski;Śląski;;wewnątrz kraju;Narkotyki;Marihuana;1075,00;;kg;0,0215;Straż Graniczna
26.08.2025 23:40:00;Do RP;przejście;Nadbużański;PSG w Terespolu;Terespol - Brześć;Białoruś;Papierosy;Papierosy;70,30;;szt.;80,0000;Straż Graniczna
27.08.2025 01:40:00;wewnątrz kraju;strefa;Nadbużański;PSG we Włodawie;;Białoruś;Papierosy;Papierosy;8786,90;"papierosy marki ""NZ"" przy użyciu prawdopodobnie BSP";szt.;10000,0000;Straż Graniczna
27.08.2025 06:00:00;wewnątrz kraju;kraj;Nadbużański;PSG w Hrubieszowie;;wewnątrz kraju;Pojazdy;Osobowy;70000,00;HYUNDAI numer rejestracyjny L08411 rok produkcji 2016 nr vin TMAJ3815AHJ271634;szt.;1,0000;Policja | SG
27.08.2025 06:00:00;wewnątrz kraju;kraj;Nadbużański;PSG w Hrubieszowie;;wewnątrz kraju;Pojazdy;Osobowy;25000,00;Hyundai IX20 2012rok nr VIN MAPU81RACJ070711;szt.;1,0000;Policja | SG
27.08.2025 10:10:00;Do RP;przejście;Bieszczadzki;PSG w Medyce;Medyka - Szeginie;Ukraina;Papierosy;Papierosy;527,21;malboro- 200sztuk, winston- 400sztuk.;szt.;600,0000;Straż Graniczna
27.08.2025 11:00:00;wewnątrz kraju;kraj;Śląski;PSG w Sosnowcu;;wewnątrz kraju;Narkotyki;Marihuana;149,50;;kg;0,0030;Straż Graniczna
27.08.2025 14:30:00;wewnątrz kraju;kraj;Morski;PSG we Władysławowie;;wewnątrz kraju;Narkotyki;Marihuana;2800,00;susz roślinny;kg;0,0700;Straż Graniczna
27.08.2025 14:30:00;wewnątrz kraju;kraj;Morski;PSG we Władysławowie;;wewnątrz kraju;Narkotyki;Kokaina;18894,00;biały proszek;kg;0,0470;Straż Graniczna
27.08.2025 14:30:00;wewnątrz kraju;kraj;Morski;PSG we Władysławowie;;wewnątrz kraju;Waluta;Złoty - PLN;8400,00;banknoty;szt.;42,0000;Straż Graniczna
27.08.2025 14:30:00;wewnątrz kraju;kraj;Morski;PSG we Władysławowie;;wewnątrz kraju;Waluta;Złoty - PLN;10200,00;banknot ;szt.;102,0000;Straż Graniczna
27.08.2025 14:30:00;wewnątrz kraju;kraj;Morski;PSG we Władysławowie;;wewnątrz kraju;Waluta;Złoty - PLN;800,00;banknoty;szt.;16,0000;Straż Graniczna
27.08.2025 14:30:00;wewnątrz kraju;kraj;Morski;PSG we Władysławowie;;wewnątrz kraju;Waluta;Złoty - PLN;500,00;banknot;szt.;1,0000;Straż Graniczna
27.08.2025 14:30:00;wewnątrz kraju;kraj;Morski;PSG we Władysławowie;;wewnątrz kraju;Waluta;Euro - EUR;100,00;banknot;szt.;1,0000;Straż Graniczna
27.08.2025 14:30:00;wewnątrz kraju;kraj;Morski;PSG we Władysławowie;;wewnątrz kraju;Waluta;Euro - EUR;40,00;banknoty;szt.;2,0000;Straż Graniczna
27.08.2025 12:00:00;Do RP;przejście;Nadbużański;PSG w Terespolu;Terespol - Brześć;Białoruś;Papierosy;Papierosy;175,74;;szt.;200,0000;Straż Graniczna
27.08.2025 12:00:00;Do RP;przejście;Nadbużański;PSG w Terespolu;Terespol - Brześć;Białoruś;Alkohol;Inne;160,00;;litr;2,0000;Straż Graniczna
27.08.2025 21:47:00;wewnątrz kraju;kraj;Bieszczadzki;Bieszczadzki;;wewnątrz kraju;Pojazdy;Osobowy;65000,00;Seat Arona;szt.;1,0000;Policja | Policja | SG
27.08.2025 22:40:00;wewnątrz kraju;strefa;Bieszczadzki;PSG w Horyńcu-Zdroju;;Ukraina;Narkotyki;Marihuana;168,00;woreczek foliowy strunowy o wymiarach 21 cm x 16 cm wypełniony w 1/10 suszem marihuany. ;kg;0,0042;Policja
28.08.2025 05:35:00;Z RP;przejście;Nadbużański;PSG w Hrebennem;Hrebenne - Rawa Ruska;Ukraina;Narkotyki;Marihuana;79,20;;kg;0,0018;Straż Graniczna
28.08.2025 06:00:00;Do RP;przejście;Nadbużański;PSG w Terespolu;Terespol - Brześć;Białoruś;Inne;Inne;300,00;PRODUKTY ROŚLINNE;kg;30,0000;Straż Graniczna
28.08.2025 07:30:00;wewnątrz kraju;kraj;Nadbużański;PSG w Lublinie;;wewnątrz kraju;Papierosy;Papierosy;351,48;;szt.;400,0000;SC | SG
24.08.2025 12:30:00;Do RP;przejście;Nadbużański;PSG w Hrebennem;Hrebenne - Rawa Ruska;Ukraina;Alkohol;Likier;66,50;1,9 litra alkoholu 22%   ;litr;1,9000;SC | SG
24.08.2025 12:30:00;Do RP;przejście;Nadbużański;PSG w Hrebennem;Hrebenne - Rawa Ruska;Ukraina;Alkohol;Wódka;59,50;1,7 litra alkoholu 40% ;litr;1,7000;SC | SG
24.08.2025 12:30:00;Do RP;przejście;Nadbużański;PSG w Hrebennem;Hrebenne - Rawa Ruska;Ukraina;Inne;Inne;208,73;15,6 kg produktów  pochodzenia  zwierzęcego  ;kg;15,6000;SC | SG
24.08.2025 12:30:00;Do RP;przejście;Nadbużański;PSG w Hrebennem;Hrebenne - Rawa Ruska;Ukraina;Płyn do e-papierosów;Płyn do e-papierosów;26,00;20 ml. płynu do     papierosów elekrtronicznych marki RIOT  ;litr;0,0200;SC | SG
28.08.2025 09:55:00;wewnątrz kraju;kraj;Nadodrzański;PSG w Kłodzku;;wewnątrz kraju;Papierosy;Papierosy;27007,42;30736 sztuk papierosów z napisem Marlboro bez znaków akcyzy skarbowej;szt.;30736,0000;Straż Graniczna
28.08.2025 17:25:00;wewnątrz kraju;kraj;Bieszczadzki;Bieszczadzki;;wewnątrz kraju;Pojazdy;Ciężarowy;160000,00;MAN  numer rej. RZ721FY;szt.;1,0000;Policja | Policja | SG | SG
28.08.2025 17:25:00;wewnątrz kraju;kraj;Bieszczadzki;Bieszczadzki;;wewnątrz kraju;Pojazdy;Ciężarowy;140000,00;MAN numer  rej. RP6018A;szt.;1,0000;Policja | Policja | SG | SG
28.08.2025 17:25:00;wewnątrz kraju;kraj;Bieszczadzki;Bieszczadzki;;wewnątrz kraju;Pojazdy;Ciężarowy;140000,00;MAN numer rejestracyjny RP4131A;szt.;1,0000;Policja | Policja | SG | SG
28.08.2025 17:25:00;wewnątrz kraju;kraj;Bieszczadzki;Bieszczadzki;;wewnątrz kraju;Pojazdy;Ciężarowy;140000,00;MAN numer rej. RP4130A;szt.;1,0000;Policja | Policja | SG | SG
28.08.2025 17:25:00;wewnątrz kraju;kraj;Bieszczadzki;Bieszczadzki;;wewnątrz kraju;Pojazdy;Ciężarowy;140000,00;MAN numer  rej. RP4354A;szt.;1,0000;Policja | Policja | SG | SG
28.08.2025 17:25:00;wewnątrz kraju;kraj;Bieszczadzki;Bieszczadzki;;wewnątrz kraju;Pojazdy;Ciężarowy;120000,00;MAN numer  rej. RZ883FX;szt.;1,0000;Policja | Policja | SG | SG
28.08.2025 17:25:00;wewnątrz kraju;kraj;Bieszczadzki;Bieszczadzki;;wewnątrz kraju;Pojazdy;Ciężarowy;120000,00;MAN numer rej. SC446CA;szt.;1,0000;Policja | Policja | SG | SG
28.08.2025 17:25:00;wewnątrz kraju;kraj;Bieszczadzki;Bieszczadzki;;wewnątrz kraju;Pojazdy;Ciężarowy;120000,00;MAN numer  rej. SC564AT;szt.;1,0000;Policja | Policja | SG | SG
28.08.2025 17:25:00;wewnątrz kraju;kraj;Bieszczadzki;Bieszczadzki;;wewnątrz kraju;Pojazdy;Ciężarowy;120000,00;MAN numer  rej. RP91860;szt.;1,0000;Policja | Policja | SG | SG
28.08.2025 17:25:00;wewnątrz kraju;kraj;Bieszczadzki;Bieszczadzki;;wewnątrz kraju;Pojazdy;Ciężarowy;100000,00;MAN numer rej. RZ722FY;szt.;1,0000;Policja | Policja | SG | SG
28.08.2025 17:25:00;wewnątrz kraju;kraj;Bieszczadzki;Bieszczadzki;;wewnątrz kraju;Pojazdy;Ciężarowy;130000,00;MERCEDES-BENZ numer rej. RZ486GA;szt.;1,0000;Policja | Policja | SG | SG
28.08.2025 17:25:00;wewnątrz kraju;kraj;Bieszczadzki;Bieszczadzki;;wewnątrz kraju;Pojazdy;Ciężarowy;130000,00;MERCEDES-BENZ numer rej. RZ516FY;szt.;1,0000;Policja | Policja | SG | SG
28.08.2025 17:25:00;wewnątrz kraju;kraj;Bieszczadzki;Bieszczadzki;;wewnątrz kraju;Pojazdy;Ciężarowy;130000,00;SCANIA numer rej. RK70129;szt.;1,0000;Policja | Policja | SG | SG
28.08.2025 17:25:00;wewnątrz kraju;kraj;Bieszczadzki;Bieszczadzki;;wewnątrz kraju;Pojazdy;Naczepa;75000,00;KOEGEL numer rej. RP3113P;szt.;1,0000;Policja | Policja | SG | SG
28.08.2025 17:25:00;wewnątrz kraju;kraj;Bieszczadzki;Bieszczadzki;;wewnątrz kraju;Pojazdy;Naczepa;75000,00;KOEGEL numer rej. RP3112P;szt.;1,0000;Policja | Policja | SG | SG
28.08.2025 17:25:00;wewnątrz kraju;kraj;Bieszczadzki;Bieszczadzki;;wewnątrz kraju;Pojazdy;Ciężarowy;140000,00;Man numer VIN WMA06XZZ1KP132271;szt.;1,0000;Policja | Policja | SG | SG
28.08.2025 22:00:00;Do RP;przejście;Bieszczadzki;PSG w Medyce;Medyka - Szeginie;Ukraina;Amunicja;Ostra;7,00;Kaliber 270 mm (myśliwska);szt.;1,0000;SC
27.08.2025 18:51:00;wewnątrz kraju;kraj;Śląski;PSG w Katowicach-Pyrzowicach;;wewnątrz kraju;Narkotyki;Inne;5250,00;Meta amfetamina;kg;0,0500;Policja | SG
29.08.2025 10:30:00;Z RP;przejście;Nadbużański;PSG w Hrebennem;Hrebenne - Rawa Ruska;Ukraina;Pojazdy;Osobowy;12000,00;NISSAN model Primastar rok produkcji 2004 kolor czarny ;szt.;1,0000;Straż Graniczna
29.08.2025 14:30:00;wewnątrz kraju;kraj;Nadodrzański;PSG w Tuplicach;;wewnątrz kraju;Tytoń;susz tytoniowy;204162,91;;kg;242,3500;Straż Graniczna
29.08.2025 14:30:00;wewnątrz kraju;kraj;Nadodrzański;PSG w Tuplicach;;wewnątrz kraju;Inne;Inne;20000,00;maszyna do cięcia tytoniu;szt.;2,0000;Straż Graniczna
29.08.2025 19:00:00;Z RP;strefa;Śląski;PSG w Katowicach-Pyrzowicach;Katowice-Pyrzowice;lotnicza;Broń;Inna;120,00;Przedmiot przypominający pałkę teleskopową;szt.;1,0000;Straż Graniczna
30.08.2025 13:45:00;Z RP;przejście;Nadbużański;PSG w Terespolu;Terespol - Brześć;Białoruś;Pojazdy;Ciężarowy;70000,00;Ciągnik siodłowy VOLVO, nr rej. LBI71123, VIN: YV2AG30A6EB672138 rok produkcji 2013;szt.;1,0000;Straż Graniczna
31.08.2025 10:30:00;Do RP;przejście;Nadbużański;PSG w Terespolu;Terespol - Brześć;Białoruś;Alkohol;Wódka;63,00;2.i litra wódki;litr;2,1000;SC | SG
31.08.2025 13:35:00;Z RP;przejście;Karpacki;PSG w Krakowie-Balicach;Kraków-Balice;lotnicza;Amunicja;Ostra;60,00;;szt.;5,0000;Straż Graniczna
31.08.2025 11:50:00;wewnątrz kraju;strefa;Podlaski;PSG w Kuźnicy;;Białoruś;Papierosy;Papierosy;29875,46;;szt.;34000,0000;Straż Graniczna
31.08.2025 11:50:00;wewnątrz kraju;strefa;Podlaski;PSG w Kuźnicy;;Białoruś;Papierosy;Papierosy;35147,60;;szt.;40000,0000;Straż Graniczna
31.08.2025 11:50:00;wewnątrz kraju;strefa;Podlaski;PSG w Kuźnicy;;Białoruś;Papierosy;Papierosy;8786,90;;szt.;10000,0000;Straż Graniczna
01.09.2025 06:50:00;Do RP;przejście;Nadbużański;PSG w Hrubieszowie;Zosin - Ustiług;Ukraina;Papierosy;Papierosy;87,87;;szt.;100,0000;Straż Graniczna
01.09.2025 08:48:00;Do RP;przejście;Nadbużański;PSG w Dorohusku;Dorohusk - Jagodzin;Ukraina;Papierosy;Papierosy;123,02;;szt.;140,0000;Straż Graniczna
01.09.2025 08:52:00;Do RP;przejście;Nadbużański;PSG w Dorohusku;Dorohusk - Jagodzin;Ukraina;Papierosy;Papierosy;121,26;;szt.;138,0000;Straż Graniczna
01.09.2025 08:57:00;Do RP;przejście;Nadbużański;PSG w Dorohusku;Dorohusk - Jagodzin;Ukraina;Papierosy;Papierosy;91,38;;szt.;104,0000;Straż Graniczna
01.09.2025 09:00:00;Do RP;przejście;Nadbużański;PSG w Dorohusku;Dorohusk - Jagodzin;Ukraina;Papierosy;Papierosy;52,72;;szt.;60,0000;Straż Graniczna
01.09.2025 09:04:00;Do RP;przejście;Nadbużański;PSG w Dorohusku;Dorohusk - Jagodzin;Ukraina;Papierosy;Papierosy;404,20;;szt.;460,0000;Straż Graniczna
01.09.2025 15:00:00;Do RP;przejście;Nadbużański;PSG w Terespolu;Terespol - Brześć;Białoruś;Inne;Inne;93,00;PRODUKTY POCHODZENIA ROŚLINNEGO;kg;9,3000;KAS | SG
01.09.2025 16:00:00;Z RP;przejście;Karpacki;PSG w Krakowie-Balicach;Kraków-Balice;lotnicza;Amunicja;Ostra;3,00;oznaczenia w okolicy spłonki: 7,62x39;szt.;1,0000;Straż Graniczna
01.09.2025 17:10:00;wewnątrz kraju;strefa;Nadbużański;PSG w Dołhobrodach;;Białoruś;Papierosy;Papierosy;3163,28;MZ Gold;szt.;3600,0000;Straż Graniczna
25.07.2025 09:20:00;Z RP;przejście;Nadodrzański;PSG w Poznaniu-Ławicy;Poznań-Ławica;lotnicza;Broń;Inna;100,00;Kastet;szt.;1,0000;Straż Graniczna
02.09.2025 10:54:00;wewnątrz kraju;strefa;Nadbużański;PSG we Włodawie;;Białoruś;Papierosy;Papierosy;17573,80;papierosy marki QUEEN MENTHOL pochodzące najprawdopodobniej z przemytu z wykorzystaniem drona;szt.;20000,0000;Straż Graniczna
02.09.2025 07:25:00;Z RP;przejście;Nadbużański;PSG w Dołhobyczowie;Dołhobyczów - Uhrynów;Ukraina;Pojazdy;Osobowy;10000,00;VOLKSWAGEN PASSAT;szt.;1,0000;Straż Graniczna
02.09.2025 16:40:00;Z RP;przejście;Nadwiślański;PSG w Warszawie-Modlinie;Warszawa/Modlin;lotnicza;Amunicja;Ostra;;9x18 Makarowa;szt.;9,0000;Straż Graniczna
03.09.2025 04:22:00;Z RP;przejście;Bieszczadzki;PSG w Medyce;Medyka - Szeginie;Ukraina;Pojazdy;Inny;8000,00;rower;szt.;1,0000;Straż Graniczna
03.09.2025 13:40:00;wewnątrz kraju;strefa;Podlaski;PSG w Płaskiej;;Białoruś;Papierosy;Papierosy;8786,90;;szt.;10000,0000;Straż Graniczna
03.09.2025 16:31:00;wewnątrz kraju;strefa;Nadbużański;PSG w Chłopiatynie;;Ukraina;Narkotyki;Marihuana;552,80;;kg;0,0138;Policja | SG | SG
03.09.2025 16:31:00;wewnątrz kraju;strefa;Nadbużański;PSG w Chłopiatynie;;Ukraina;Tytoń;susz tytoniowy;72954,44;;kg;86,6000;Policja | SG | SG
03.09.2025 23:00:00;Do RP;przejście;Nadbużański;PSG w Terespolu;Terespol - Brześć;Białoruś;Papierosy;Papierosy;175,74;wyroby tytoniowe bez polskich znaków skarbowych akcyzy w postaci papierosów w ilości 200 sztuk o wartości 175,74 zł;szt.;200,0000;KAS | SG
04.09.2025 07:28:00;Z RP;przejście;Nadodrzański;PSG w Poznaniu-Ławicy;Poznań-Ławica;lotnicza;Broń;Inna;100,00;Kastet;szt.;1,0000;Straż Graniczna
27.08.2025 17:16:00;Do RP;przejście;Nadbużański;PSG w Hrebennem;Hrebenne - Rawa Ruska;Ukraina;Papierosy;Papierosy;70,30;uszczuplenia celne 116 zł;szt.;80,0000;KAS | SG
27.08.2025 17:16:00;Do RP;przejście;Nadbużański;PSG w Hrebennem;Hrebenne - Rawa Ruska;Ukraina;Tytoń;Tytoń do palenia;4,21;Wyroby nowatorskie, uszczuplenia celne 14 zł;kg;0,0063;KAS | SG
04.09.2025 08:10:00;Do RP;przejście;Nadbużański;PSG w Dorohusku;Dorohusk - Jagodzin;Ukraina;Tytoń;Tytoń do palenia (wkłady);;współdziałanie z SC;kg;0,0486;SC | SG
04.09.2025 11:00:00;wewnątrz kraju;kraj;Nadbużański;PSG w Terespolu;;wewnątrz kraju;Pojazdy;Osobowy;70000,00;Samochód osobowy marki HYUNDAI TUSCON 2017 r.;szt.;1,0000;Policja | SG
04.09.2025 13:00:00;wewnątrz kraju;kraj;Warmińsko-Mazurski;PSG w Braniewie;;wewnątrz kraju;Papierosy;Papierosy;432315,48;Marlboro;szt.;492000,0000;SC | SG
04.09.2025 13:00:00;wewnątrz kraju;kraj;Warmińsko-Mazurski;PSG w Braniewie;;wewnątrz kraju;Tytoń;susz tytoniowy;1249497,18;;kg;1422,0000;SC | SG
05.09.2025 06:41:00;wewnątrz kraju;strefa;Bieszczadzki;PSG w Hermanowicach;;Ukraina;Papierosy;Papierosy;175,74;;szt.;200,0000;Straż Graniczna
05.09.2025 09:06:00;Do RP;przejście;Warmińsko-Mazurski;PSG w Grzechotkach;Grzechotki - Mamonowo II;Rosja;Papierosy;Papierosy;105,44;;szt.;120,0000;Straż Graniczna
05.09.2025 12:15:00;Z RP;przejście;Karpacki;PSG w Krakowie-Balicach;Kraków-Balice;lotnicza;Amunicja;Ostra;3,00;;szt.;1,0000;Straż Graniczna
05.09.2025 14:00:00;Do RP;przejście;Nadbużański;PSG w Hrebennem;Hrebenne - Rawa Ruska;Ukraina;Płyn do e-papierosów;Płyn do e-papierosów;1530,10;;litr;1,1770;Straż Graniczna
06.09.2025 06:14:00;Z RP;strefa;Śląski;PSG w Katowicach-Pyrzowicach;;lotnicza;Broń;Inna;120,00;Przedmiot przypominający pałkę teleskopową;szt.;1,0000;Straż Graniczna
06.09.2025 11:00:00;Do RP;przejście;Nadbużański;PSG w Hrebennem;Hrebenne - Rawa Ruska;Ukraina;Tytoń;Tytoń do palenia (wkłady);35,41;ujawniono 53 g produktów nowatorskich o wartości 35,41 zł, uszczuplenia celne 80 zł. ;kg;0,0530;SC | SG
07.09.2025 09:40:00;Do RP;przejście;Bieszczadzki;PSG w Korczowej;Korczowa - Krakowiec;Ukraina;Amunicja;Ostra;2,00;kal 5,56x45mm;szt.;1,0000;Straż Graniczna
07.09.2025 11:55:00;Do RP;przejście;Bieszczadzki;PSG w Korczowej;Korczowa - Krakowiec;Ukraina;Amunicja;Ostra;2,00;5.56 x45mm;szt.;1,0000;Straż Graniczna
07.09.2025 11:55:00;Do RP;przejście;Bieszczadzki;PSG w Korczowej;Korczowa - Krakowiec;Ukraina;Amunicja;Ostra;2,00;4,56x45mm;szt.;1,0000;Straż Graniczna
07.09.2025 11:55:00;Do RP;przejście;Bieszczadzki;PSG w Korczowej;Korczowa - Krakowiec;Ukraina;Amunicja;Ostra;2,00;5,56x45mm;szt.;1,0000;Straż Graniczna
07.09.2025 11:55:00;Do RP;przejście;Bieszczadzki;PSG w Korczowej;Korczowa - Krakowiec;Ukraina;Amunicja;Ostra;2,00;9x19mm;szt.;1,0000;Straż Graniczna
07.09.2025 11:55:00;Do RP;przejście;Bieszczadzki;PSG w Korczowej;Korczowa - Krakowiec;Ukraina;Amunicja;Ostra;8,00;5,56x45mm;szt.;2,0000;Straż Graniczna
07.09.2025 17:10:00;Do RP;przejście;Bieszczadzki;PSG w Korczowej;Korczowa - Krakowiec;Ukraina;Amunicja;Ostra;2,00;5,56x45mm;szt.;1,0000;Straż Graniczna
07.09.2025 17:10:00;Z RP;przejście;Nadbużański;PSG w Terespolu;Kukuryki - Kozłowiczy;Białoruś;Pojazdy;Naczepa;35000,00;;szt.;1,0000;Straż Graniczna
07.09.2025 17:20:00;Do RP;przejście;Bieszczadzki;PSG w Korczowej;Korczowa - Krakowiec;Ukraina;Amunicja;Ostra;2,00;5,56;szt.;1,0000;Straż Graniczna
07.09.2025 17:20:00;Do RP;przejście;Bieszczadzki;PSG w Korczowej;Korczowa - Krakowiec;Ukraina;Amunicja;Ostra;34,00;kal 9x19mm;szt.;17,0000;Straż Graniczna
08.09.2025 01:00:00;wewnątrz kraju;strefa;Podlaski;PSG w Kuźnicy;;Białoruś;Papierosy;Papierosy;43934,50;;szt.;50000,0000;Straż Graniczna
08.09.2025 01:00:00;wewnątrz kraju;strefa;Podlaski;PSG w Kuźnicy;;Białoruś;Papierosy;Papierosy;8786,90;;szt.;10000,0000;Straż Graniczna
08.09.2025 03:50:00;wewnątrz kraju;strefa;Podlaski;PSG w Kuźnicy;;Białoruś;Papierosy;Papierosy;8786,90;;szt.;10000,0000;Straż Graniczna
08.09.2025 03:00:00;wewnątrz kraju;strefa;Podlaski;PSG w Kuźnicy;;Białoruś;Papierosy;Papierosy;26360,70;;szt.;30000,0000;Straż Graniczna
08.09.2025 08:45:00;wewnątrz kraju;strefa;Podlaski;PSG w Nowym Dworze;;Białoruś;Papierosy;Papierosy;8786,90;MIŃSK SUPERSLIMS;szt.;10000,0000;Straż Graniczna
08.09.2025 06:30:00;wewnątrz kraju;strefa;Nadbużański;PSG w Hrubieszowie;;Ukraina;Papierosy;Papierosy;527,21;;szt.;600,0000;Straż Graniczna
08.09.2025 06:30:00;wewnątrz kraju;strefa;Nadbużański;PSG w Hrubieszowie;;Ukraina;Alkohol;Wódka;85,00;;litr;2,0000;Straż Graniczna
08.09.2025 08:30:00;wewnątrz kraju;strefa;Nadbużański;PSG we Włodawie;;Białoruś;Papierosy;Papierosy;8786,90;papierosy marki MIIŃSK SUPER SLIM pochodzące najprawdopodobniej z przemytu z wykorzystaniem BSP;szt.;10000,0000;Straż Graniczna
08.09.2025 08:26:00;wewnątrz kraju;strefa;Bieszczadzki;PSG w Korczowej;;Ukraina;Papierosy;Papierosy;298,75;;szt.;340,0000;Straż Graniczna
08.09.2025 09:05:00;wewnątrz kraju;strefa;Bieszczadzki;PSG w Korczowej;;Ukraina;Papierosy;Papierosy;105,44;;szt.;120,0000;Straż Graniczna
08.09.2025 10:55:00;wewnątrz kraju;kraj;Morski;PSG w Elblągu;;wewnątrz kraju;Tytoń;krajanka tytoniowa;71525,37;;kg;81,4000;Straż Graniczna
08.09.2025 13:20:00;wewnątrz kraju;kraj;Nadbużański;PSG w Lublinie;;wewnątrz kraju;Papierosy;Papierosy;37607,93;;szt.;42800,0000;Straż Graniczna
08.09.2025 13:20:00;wewnątrz kraju;kraj;Nadbużański;PSG w Lublinie;;wewnątrz kraju;Papierosy;Papierosy;2460,33;;szt.;2800,0000;Straż Graniczna
08.09.2025 23:20:00;Do RP;przejście;Bieszczadzki;PSG w Korczowej;Korczowa - Krakowiec;Ukraina;Amunicja;Ostra;3,50;1 szt. amunicja ostra kaliber 5,45x39mm;szt.;1,0000;Straż Graniczna
09.09.2025 01:30:00;wewnątrz kraju;kraj;Podlaski;PSG w Augustowie;;wewnątrz kraju;Papierosy;Papierosy;13180,35;NZ;szt.;15000,0000;Straż Graniczna
09.09.2025 01:30:00;wewnątrz kraju;kraj;Podlaski;PSG w Augustowie;;wewnątrz kraju;Papierosy;Papierosy;13180,35;NZ;szt.;15000,0000;KAS | SG
08.09.2025 22:30:00;wewnątrz kraju;kraj;Podlaski;PSG w Augustowie;;wewnątrz kraju;Papierosy;Papierosy;13180,35;NZ;szt.;15000,0000;Straż Graniczna
08.09.2025 22:30:00;wewnątrz kraju;kraj;Podlaski;PSG w Augustowie;;wewnątrz kraju;Papierosy;Papierosy;13180,35;NZ;szt.;15000,0000;Straż Graniczna
08.09.2025 22:00:00;wewnątrz kraju;kraj;Podlaski;PSG w Augustowie;;wewnątrz kraju;Papierosy;Papierosy;8786,90;NZ;szt.;10000,0000;Straż Graniczna
08.09.2025 22:00:00;wewnątrz kraju;kraj;Podlaski;PSG w Augustowie;;wewnątrz kraju;Tytoń;krajanka tytoniowa;452,53;;kg;0,5150;Straż Graniczna
08.09.2025 22:00:00;wewnątrz kraju;kraj;Podlaski;PSG w Augustowie;;wewnątrz kraju;Papierosy;Papierosy;8,79;NZ;szt.;10,0000;Straż Graniczna
08.09.2025 22:00:00;wewnątrz kraju;kraj;Podlaski;PSG w Augustowie;;wewnątrz kraju;Alkohol;Spirytus;6,83;;litr;0,3900;Straż Graniczna
08.09.2025 22:00:00;wewnątrz kraju;kraj;Podlaski;PSG w Augustowie;;wewnątrz kraju;Papierosy;Papierosy;8786,90;NZ;szt.;10000,0000;Straż Graniczna
08.09.2025 22:00:00;wewnątrz kraju;kraj;Podlaski;PSG w Augustowie;;wewnątrz kraju;Tytoń;krajanka tytoniowa;452,53;;kg;0,5150;Straż Graniczna
08.09.2025 22:00:00;wewnątrz kraju;kraj;Podlaski;PSG w Augustowie;;wewnątrz kraju;Papierosy;Papierosy;8,79;NZ;szt.;10,0000;Straż Graniczna
08.09.2025 22:00:00;wewnątrz kraju;kraj;Podlaski;PSG w Augustowie;;wewnątrz kraju;Alkohol;Spirytus;6,83;;litr;0,3900;Straż Graniczna
08.09.2025 23:30:00;wewnątrz kraju;kraj;Podlaski;PSG w Augustowie;;wewnątrz kraju;Papierosy;Papierosy;3514,76;NZ, Mińsk;szt.;4000,0000;Straż Graniczna
08.09.2025 23:30:00;wewnątrz kraju;kraj;Podlaski;PSG w Augustowie;;wewnątrz kraju;Papierosy;Papierosy;3514,76;NZ, Mińsk;szt.;4000,0000;KAS | SG
09.09.2025 00:15:00;wewnątrz kraju;strefa;Podlaski;PSG w Kuźnicy;;Białoruś;Papierosy;Papierosy;26360,70;;szt.;30000,0000;Straż Graniczna
09.09.2025 01:20:00;wewnątrz kraju;strefa;Podlaski;PSG w Kuźnicy;;Białoruś;Papierosy;Papierosy;26360,70;;szt.;30000,0000;Straż Graniczna
09.09.2025 03:35:00;wewnątrz kraju;strefa;Podlaski;PSG w Kuźnicy;;Białoruś;Papierosy;Papierosy;26360,70;;szt.;30000,0000;Straż Graniczna
09.09.2025 04:52:00;wewnątrz kraju;strefa;Podlaski;PSG w Kuźnicy;;Białoruś;Papierosy;Papierosy;26360,70;;szt.;30000,0000;Straż Graniczna
09.09.2025 00:44:00;wewnątrz kraju;strefa;Podlaski;PSG w Mielniku;;Białoruś;Papierosy;Papierosy;17573,80;NZ Black;szt.;20000,0000;Straż Graniczna
09.09.2025 00:44:00;wewnątrz kraju;strefa;Podlaski;PSG w Mielniku;;Białoruś;Papierosy;Papierosy;8786,90;Minsk 5 superslim;szt.;10000,0000;Straż Graniczna
08.09.2025 23:44:00;Do RP;strefa;Podlaski;PSG w Krynkach;;Białoruś;Papierosy;Papierosy;26360,70;;szt.;30000,0000;Straż Graniczna
09.09.2025 13:06:00;Do RP;przejście;Nadbużański;PSG w Terespolu;Terespol - Brześć;Białoruś;Papierosy;Papierosy;87,87;;szt.;100,0000;Straż Graniczna
09.09.2025 12:04:00;Z RP;przejście;Nadwiślański;PSG w Warszawie-Okęciu;Warszawa-Okęcie;lotnicza;Amunicja;Ostra;;;szt.;2,0000;Straż Graniczna
09.09.2025 17:40:00;Do RP;przejście;Nadbużański;PSG w Hrebennem;Hrebenne - Rawa Ruska;Ukraina;Amunicja;Ostra;4,00;kaliber   7.62.51 R ;szt.;1,0000;Straż Graniczna
09.09.2025 22:30:00;wewnątrz kraju;strefa;Nadbużański;PSG w Terespolu;;Białoruś;Papierosy;Papierosy;14059,04;;szt.;16000,0000;Straż Graniczna
10.09.2025 06:10:00;wewnątrz kraju;kraj;Morski;PSG w Elblągu;;wewnątrz kraju;Tytoń;krajanka tytoniowa;380156,44;;kg;432,6400;Straż Graniczna
10.09.2025 19:28:00;wewnątrz kraju;kraj;Bieszczadzki;Bieszczadzki;;wewnątrz kraju;Inne;Podzespoły samochodowe;199998,00;6 silników, 4 skrzynie biegów, drzwi, elementy karoserii i układu napędowego,;szt.;30,0000;Policja | SG | SG | SG
10.09.2025 13:20:00;wewnątrz kraju;kraj;Warmińsko-Mazurski;PSG w Gołdapi;;wewnątrz kraju;Narkotyki;Amfetamina;2357,20;;kg;0,0589;Straż Graniczna
10.09.2025 13:20:00;wewnątrz kraju;kraj;Warmińsko-Mazurski;PSG w Gołdapi;;wewnątrz kraju;Narkotyki;Marihuana;147,60;;kg;0,0037;Straż Graniczna
10.09.2025 13:20:00;wewnątrz kraju;kraj;Warmińsko-Mazurski;PSG w Gołdapi;;wewnątrz kraju;Waluta;Złoty - PLN;14440,00;;szt.;14440,0000;Straż Graniczna
10.09.2025 13:20:00;wewnątrz kraju;kraj;Warmińsko-Mazurski;PSG w Gołdapi;;wewnątrz kraju;Narkotyki;Marihuana;138,00;;kg;0,0035;Straż Graniczna
10.09.2025 13:20:00;wewnątrz kraju;kraj;Warmińsko-Mazurski;PSG w Gołdapi;;wewnątrz kraju;Narkotyki;Marihuana;1798,00;;kg;0,0450;Straż Graniczna
10.09.2025 13:20:00;wewnątrz kraju;kraj;Warmińsko-Mazurski;PSG w Gołdapi;;wewnątrz kraju;Waluta;Złoty - PLN;6100,00;;szt.;6100,0000;Straż Graniczna
10.09.2025 23:00:00;Do RP;przejście;Nadbużański;PSG w Hrebennem;Hrebenne - Rawa Ruska;Ukraina;Alkohol;Inne;442,00;bimber uszczuplenia celne 467.00 zł;litr;11,0500;SC | SG
10.09.2025 23:00:00;Do RP;przejście;Nadbużański;PSG w Hrebennem;Hrebenne - Rawa Ruska;Ukraina;Alkohol;Wino;37,50;uszczuplenia celne 22.00 zł., ;litr;1,5000;SC | SG
11.09.2025 09:40:00;Z RP;przejście;Nadbużański;PSG w Dołhobyczowie;Dołhobyczów - Uhrynów;Ukraina;Pojazdy;Osobowy;90000,00;Skoda Superb k. białego rok produkcji 2019;szt.;1,0000;Straż Graniczna
11.09.2025 09:15:00;Do RP;przejście;Nadodrzański;PSG w Świecku;Świecko – Frankfurt;Niemcy;Broń;Palna;;Smith & Wesson model 559;szt.;1,0000;Straż Graniczna
10.09.2025 13:21:00;wewnątrz kraju;kraj;Karpacki;Karpacki;;wewnątrz kraju;Papierosy;Papierosy;94,02;Marlboro;szt.;107,0000;Straż Graniczna
11.09.2025 12:05:00;Z RP;przejście;Bieszczadzki;PSG w Medyce;Medyka - Szeginie;Ukraina;Waluta;Dolar amerykański - USD;1017126,00;;szt.;280200,0000;Straż Graniczna
11.09.2025 12:05:00;Z RP;przejście;Bieszczadzki;PSG w Medyce;Medyka - Szeginie;Ukraina;Waluta;Euro - EUR;340800,00;;szt.;80000,0000;Straż Graniczna
11.09.2025 17:20:00;wewnątrz kraju;kraj;Śląski;PSG w Katowicach-Pyrzowicach;;wewnątrz kraju;Narkotyki;Marihuana;60,00;;kg;0,0012;Straż Graniczna
11.09.2025 18:20:00;Z RP;przejście;Bieszczadzki;PSG w Medyce;Medyka - Szeginie;Ukraina;Pojazdy;Osobowy;150000,00;dodge;szt.;1,0000;Straż Graniczna
11.09.2025 06:30:00;wewnątrz kraju;kraj;Bieszczadzki;PSG w Medyce;;wewnątrz kraju;Pojazdy;Osobowy;150000,00;peugeot 3008;szt.;1,0000;Straż Graniczna
12.09.2025 04:10:00;Do RP;przejście;Nadbużański;PSG w Terespolu;Kukuryki - Kozłowiczy;Białoruś;Papierosy;Papierosy;2495,48;;szt.;2840,0000;Straż Graniczna
12.09.2025 09:20:00;Do RP;przejście;Bieszczadzki;PSG w Hermanowicach;Malhowice - Niżankowice;Ukraina;Amunicja;Ostra;8,00;5,56;szt.;2,0000;Straż Graniczna
12.09.2025 10:58:00;Do RP;przejście;Bieszczadzki;PSG w Hermanowicach;Malhowice - Niżankowice;Ukraina;Amunicja;Ostra;8,00;;szt.;2,0000;Straż Graniczna
12.09.2025 16:10:00;Do RP;strefa;Morski;PSG w Świnoujściu;;morska;Inne;Inne;2,00;tablice rejestracyjne;szt.;2,0000;Straż Graniczna
12.09.2025 21:45:00;Do RP;przejście;Nadbużański;PSG w Hrebennem;Hrebenne - Rawa Ruska;Ukraina;Amunicja;Ostra;3,00;1 szt. amunicji z oznaczeniem  na spłonce  G.F.L.  24,  kaliber 5.56;szt.;1,0000;Straż Graniczna
12.09.2025 21:50:00;Z RP;przejście;Bieszczadzki;PSG w Rzeszowie–Jasionce;Rzeszów-Jasionka;lotnicza;Amunicja;Ostra;1,50;amunicja ostra kal. 22LR;szt.;1,0000;Straż Graniczna
13.09.2025 00:02:00;Do RP;przejście;Bieszczadzki;PSG w Medyce;;Ukraina;Papierosy;Papierosy;70,30;marka compliment;szt.;80,0000;Straż Graniczna
12.09.2025 22:54:00;Z RP;przejście;Nadwiślański;PSG w Warszawie-Okęciu;Warszawa-Okęcie;lotnicza;Broń;Gazowa;;BROŃ GAZOWA ARMINIUS GAS-ALARM NR 476317;szt.;1,0000;Straż Graniczna
12.09.2025 22:54:00;Z RP;przejście;Nadwiślański;PSG w Warszawie-Okęciu;Warszawa-Okęcie;lotnicza;Amunicja;Gazowa;;KALIBER 9MM;szt.;3,0000;Straż Graniczna
13.09.2025 06:30:00;Z RP;przejście;Warmińsko-Mazurski;PSG w Bezledach;Bezledy - Bagrationowsk;Rosja;Pojazdy;Osobowy;85000,00;TOYOTA RAV4 2.0 ROK PROD. 2017, kolor: BORDOWY METALIK;szt.;1,0000;Straż Graniczna
13.09.2025 14:05:00;Do RP;przejście;Bieszczadzki;PSG w Korczowej;Korczowa - Krakowiec;Ukraina;Amunicja;Ostra;2,50;1 szt. naboju o kalibrze 7.62 mm (amunicja ostra typu parabellum;szt.;1,0000;Straż Graniczna
13.09.2025 14:10:00;Do RP;przejście;Bieszczadzki;PSG w Korczowej;Korczowa - Krakowiec;Ukraina;Amunicja;Ostra;7,50;3 szt. naboju o kalibrze 5.56 mm (amunicja ostra;szt.;3,0000;Straż Graniczna
13.09.2025 13:40:00;wewnątrz kraju;kraj;Podlaski;PSG w Bobrownikach;;wewnątrz kraju;Papierosy;Papierosy;52018,45;;szt.;59200,0000;Straż Graniczna
14.09.2025 02:35:00;Do RP;przejście;Bieszczadzki;PSG w Korczowej;Korczowa - Krakowiec;Ukraina;Amunicja;Ostra;2,50;1 szt. kaliber 5.56x45 mm;szt.;1,0000;Straż Graniczna
14.09.2025 05:00:00;wewnątrz kraju;przejście;Karpacki;PSG w Krakowie-Balicach;;lotnicza;Amunicja;Ostra;40,00;;szt.;16,0000;Straż Graniczna
14.09.2025 10:18:00;Do RP;przejście;Nadbużański;PSG w Dorohusku;Dorohusk - Jagodzin;Ukraina;Papierosy;Papierosy;35,15;;szt.;40,0000;Straż Graniczna
14.09.2025 10:27:00;Do RP;przejście;Nadbużański;PSG w Dorohusku;Dorohusk - Jagodzin;Ukraina;Papierosy;Papierosy;52,72;;szt.;60,0000;Straż Graniczna
14.09.2025 10:37:00;Do RP;przejście;Nadbużański;PSG w Dorohusku;Dorohusk - Jagodzin;Ukraina;Papierosy;Papierosy;45,69;;szt.;52,0000;Straż Graniczna
14.09.2025 11:08:00;wewnątrz kraju;kraj;Nadodrzański;PSG we Wrocławiu-Strachowicach;;wewnątrz kraju;Papierosy;Papierosy;8435,42;;szt.;9600,0000;KAS
14.09.2025 11:08:00;wewnątrz kraju;kraj;Nadodrzański;PSG we Wrocławiu-Strachowicach;;wewnątrz kraju;Tytoń;Tytoń;42895,23;;kg;64,2000;KAS
14.09.2025 11:30:00;Do RP;przejście;Bieszczadzki;PSG w Korczowej;;Ukraina;Amunicja;Ostra;2,50;;szt.;1,0000;Straż Graniczna
14.09.2025 12:15:00;Do RP;przejście;Bieszczadzki;PSG w Korczowej;Korczowa - Krakowiec;Ukraina;Amunicja;Ostra;2,50;;szt.;1,0000;Straż Graniczna
14.09.2025 16:18:00;Z RP;przejście;Bieszczadzki;PSG w Lubaczowie;Budomierz - Hruszew;Ukraina;Pojazdy;Osobowy;200000,00;KIA EV6 GT;szt.;1,0000;Straż Graniczna
14.09.2025 20:51:00;Z RP;przejście;Nadwiślański;PSG w Warszawie-Okęciu;Warszawa-Okęcie;lotnicza;Amunicja;Ostra;;BEZ WIDOCZNYCH OZNACZEŃ NA KRYZIE ŁUSKI;szt.;1,0000;Straż Graniczna
14.09.2025 19:40:00;Do RP;przejście;Bieszczadzki;PSG w Hermanowicach;Malhowice - Niżankowice;Ukraina;Amunicja;Ostra;2,50;REM 5,6 mm;szt.;1,0000;Straż Graniczna
15.09.2025 05:58:00;Do RP;przejście;Bieszczadzki;PSG w Korczowej;Korczowa - Krakowiec;Ukraina;Amunicja;Ostra;10,00;;szt.;4,0000;Straż Graniczna
15.09.2025 07:00:00;Do RP;przejście;Bieszczadzki;PSG w Medyce;Przemyśl - Mościska;Ukraina;Papierosy;Papierosy;87,87;;szt.;100,0000;Straż Graniczna
15.09.2025 15:05:00;Do RP;strefa;Morski;PSG w Świnoujściu;;morska;Inne;Inne;2,00;Tablice rejestracyjne pojazdu;szt.;2,0000;Straż Graniczna
15.09.2025 16:30:00;Do RP;przejście;Nadbużański;PSG w Hrebennem;Hrebenne - Rawa Ruska;Ukraina;Tytoń;Tytoń do palenia;123,94;wyroby nowatorskie;kg;0,1855;Straż Graniczna
15.09.2025 13:40:00;wewnątrz kraju;kraj;Warmińsko-Mazurski;PSG w Grzechotkach;;wewnątrz kraju;Papierosy;Papierosy;4393,45;;szt.;5000,0000;Straż Graniczna
15.09.2025 18:55:00;wewnątrz kraju;kraj;Nadbużański;PSG w Dołhobyczowie;;wewnątrz kraju;Papierosy;Papierosy;83475,55;;szt.;95000,0000;Straż Graniczna
16.09.2025 06:00:00;wewnątrz kraju;kraj;Nadodrzański;PSG w Kłodzku;;wewnątrz kraju;Narkotyki;Marihuana;8000,00;6 słoików szklanych z suszem roślinnym;kg;0,2000;Straż Graniczna
16.09.2025 06:00:00;wewnątrz kraju;kraj;Nadodrzański;PSG w Kłodzku;;wewnątrz kraju;Inne;Inne;3000,00;urządzenie typu „growbox” służące do uprawy marihuany;szt.;1,0000;Straż Graniczna
11.09.2025 06:03:00;wewnątrz kraju;kraj;Nadbużański;PSG w Sławatyczach;;wewnątrz kraju;Narkotyki;Inne;90,45;susz roślinny koloru-ziel. -brązowego ;kg;0,0020;Straż Graniczna
16.09.2025 06:30:00;wewnątrz kraju;kraj;Morski;Morski;;wewnątrz kraju;Inne;Inne;641250,00;Złoto ;kg;1,5000;Straż Graniczna
16.09.2025 06:30:00;wewnątrz kraju;kraj;Morski;Morski;;wewnątrz kraju;Inne;Inne;1020000,00;Zegarki;szt.;17,0000;Straż Graniczna
16.09.2025 06:30:00;wewnątrz kraju;kraj;Morski;Morski;;wewnątrz kraju;Narkotyki;Inne;;tabletki odurzające;szt.;6,0000;Straż Graniczna
16.09.2025 06:30:00;wewnątrz kraju;kraj;Morski;Morski;;wewnątrz kraju;Inne;Inne;;diament z certyfikatem znacznej wartości ;szt.;1,0000;Straż Graniczna
16.09.2025 17:30:00;Do RP;przejście;Nadbużański;PSG w Dorohusku;Dorohusk - Jagodzin;Ukraina;Inne;Inne;80,03;wyroby pochodzenia zwierzęcego;kg;5,2000;SC | SG
16.09.2025 20:29:00;Do RP;przejście;Nadodrzański;PSG w Gorzowie Wielkopolskim;Kostrzyn nad Odrą – Kietz;Niemcy;Pojazdy;Inny;150000,00;Kamper;szt.;1,0000;Straż Graniczna
17.09.2025 01:25:00;Do RP;przejście;Nadbużański;PSG w Hrebennem;Hrebenne - Rawa Ruska;Ukraina;Papierosy;Papierosy;193,31;uszczuplenia celne  315,00 zł. ;szt.;220,0000;Straż Graniczna
17.09.2025 14:00:00;Do RP;przejście;Bieszczadzki;PSG w Korczowej;Korczowa - Krakowiec;Ukraina;Amunicja;Ostra;42,50;8 szt. naboju o kalibrze 5.56 mm (amunicja ostra), oraz 9 szt. naboju o kalibrze 9.00mmm (amunicja ostra)   ;szt.;17,0000;Straż Graniczna
16.09.2025 18:00:00;wewnątrz kraju;kraj;Karpacki;PSG w Zakopanem;;wewnątrz kraju;Narkotyki;Marihuana;560000,00;Hermetyczne opakowania z zawartością suszu roślinnego (marihuana) w opakowaniach od 0,5 do 1 kilograma ;kg;14,0000;Straż Graniczna
17.09.2025 22:20:00;Do RP;przejście;Nadbużański;PSG w Dorohusku;Dorohusk - Jagodzin;Ukraina;Papierosy;Papierosy;150,26;WNIOSEK NR 254;szt.;171,0000;Straż Graniczna
17.09.2025 22:30:00;Do RP;przejście;Nadbużański;PSG w Dorohusku;Dorohusk - Jagodzin;Ukraina;Papierosy;Papierosy;158,16;WNIOSEK NR 255;szt.;180,0000;Straż Graniczna
17.09.2025 22:40:00;Do RP;przejście;Nadbużański;PSG w Dorohusku;Dorohusk - Jagodzin;Ukraina;Papierosy;Papierosy;61,51;WNIOSEK NR 256;szt.;70,0000;Straż Graniczna
17.09.2025 22:50:00;Do RP;przejście;Nadbużański;PSG w Dorohusku;Dorohusk - Jagodzin;Ukraina;Papierosy;Papierosy;78,20;WNIOSEK NR 257;szt.;89,0000;Straż Graniczna
17.09.2025 18:30:00;Z RP;przejście;Bieszczadzki;PSG w Rzeszowie–Jasionce;Rzeszów-Jasionka;lotnicza;Amunicja;Ostra;1,20;"oznaczenie na dnie łuski 270  ""05""";szt.;1,0000;Straż Graniczna
18.09.2025 06:55:00;wewnątrz kraju;kraj;Warmińsko-Mazurski;PSG w Bezledach;;wewnątrz kraju;Pojazdy;Osobowy;100000,00;TOYOTA;szt.;1,0000;Policja | Policja | SG
18.09.2025 10:41:00;wewnątrz kraju;kraj;Nadbużański;PSG w Terespolu;;wewnątrz kraju;Pojazdy;Osobowy;100000,00;AUDI;szt.;1,0000;Policja | SG
18.09.2025 10:41:00;wewnątrz kraju;kraj;Nadbużański;PSG w Terespolu;;wewnątrz kraju;Pojazdy;Osobowy;160000,00;CITROEN;szt.;1,0000;Policja | SG
18.09.2025 10:41:00;wewnątrz kraju;kraj;Nadbużański;PSG w Terespolu;;wewnątrz kraju;Pojazdy;Osobowy;220000,00;CITROEN;szt.;1,0000;Policja | SG
18.09.2025 13:50:00;wewnątrz kraju;kraj;Podlaski;PSG w Augustowie;;wewnątrz kraju;Tytoń;susz tytoniowy;1078,57;;kg;53,6600;KAS | SG | Policja
18.09.2025 13:50:00;wewnątrz kraju;kraj;Podlaski;PSG w Augustowie;;wewnątrz kraju;Tytoń;Tytoń do palenia;6728,27;;kg;10,0700;KAS | SG | Policja
18.09.2025 13:50:00;wewnątrz kraju;kraj;Podlaski;PSG w Augustowie;;wewnątrz kraju;Papierosy;Papierosy;5,27;;szt.;6,0000;KAS | SG | Policja
18.09.2025 16:27:00;Do RP;przejście;Bieszczadzki;PSG w Medyce;Medyka - Szeginie;Ukraina;Papierosy;Papierosy;101,05;40 SZTUK LM, 50 SZTUK FILIP MORISZ;szt.;115,0000;Straż Graniczna
18.09.2025 16:27:00;Do RP;przejście;Bieszczadzki;PSG w Medyce;Medyka - Szeginie;Ukraina;Płyn do e-papierosów;Płyn do e-papierosów;240,00;;litr;0,6000;Straż Graniczna
18.09.2025 13:41:00;wewnątrz kraju;kraj;Warmińsko-Mazurski;PSG w Bezledach;;wewnątrz kraju;Pojazdy;Osobowy;150000,00;;szt.;1,0000;Straż Graniczna
18.09.2025 18:00:00;wewnątrz kraju;kraj;Bieszczadzki;Bieszczadzki;;wewnątrz kraju;Pojazdy;Inny;136000,00;koparka gąsienicowa;szt.;1,0000;Policja | SG
18.09.2025 18:14:00;Z RP;przejście;Bieszczadzki;PSG w Krościenku;Krościenko - Smolnica;Ukraina;Pojazdy;Inny;110000,00;autobus marki IVECO;szt.;1,0000;Straż Graniczna
18.09.2025 18:13:00;wewnątrz kraju;kraj;Bieszczadzki;PSG w Krościenku;;wewnątrz kraju;Papierosy;Papierosy;26360,70;RICHMOND;szt.;30000,0000;Straż Graniczna
18.09.2025 23:00:00;wewnątrz kraju;strefa;Nadbużański;PSG w Białej Podlaskiej;;Białoruś;Narkotyki;Marihuana;44,50;;kg;0,0009;Straż Graniczna
18.09.2025 13:50:00;Do RP;strefa;Morski;PSG w Świnoujściu;;morska;Pojazdy;Ciężarowy;120000,00;Mercedes Sprinter;szt.;1,0000;Straż Graniczna
19.09.2025 11:10:00;Do RP;przejście;Bieszczadzki;PSG w Medyce;Przemyśl - Mościska;Ukraina;Tytoń;Tytoń do palenia (wkłady);281,28;320 sztuk marki NEO;szt.;320,0000;Straż Graniczna
20.09.2025 11:45:00;Do RP;przejście;Bieszczadzki;PSG w Korczowej;Korczowa - Krakowiec;Ukraina;Amunicja;Ostra;2,50;1 szt. amunicja ostra kal. 7,62x39;szt.;1,0000;Straż Graniczna
21.09.2025 14:05:00;Do RP;przejście;Bieszczadzki;PSG w Korczowej;Korczowa - Krakowiec;Ukraina;Amunicja;Ostra;2,50;nabój o kalibrze 5.45x39 mm (amunicja ostra),;szt.;1,0000;Straż Graniczna
21.09.2025 15:00:00;Z RP;przejście;Nadwiślański;PSG w Warszawie-Okęciu;Warszawa-Okęcie;lotnicza;Amunicja;Ostra;;AMUNICJA BEZ OZNACZEŃ;szt.;1,0000;Straż Graniczna
21.09.2025 19:30:00;Z RP;przejście;Bieszczadzki;PSG w Korczowej;Korczowa - Krakowiec;Ukraina;Inne;Inne;10000,00;3 szt. rowerów marki CUBE ;szt.;3,0000;Straż Graniczna
22.09.2025 01:00:00;Do RP;przejście;Nadbużański;PSG w Hrubieszowie;Zosin - Ustiług;Ukraina;Papierosy;Papierosy;175,74;Parliament;szt.;200,0000;Straż Graniczna
22.09.2025 06:25:00;Do RP;przejście;Nadbużański;PSG w Hrubieszowie;Hrubieszów - Włodzimierz Wołyński;Ukraina;Papierosy;Papierosy;48327,95;55000szt papierosów bez polskich znaków akcyzy;szt.;55000,0000;SC | SG
22.09.2025 10:30:00;Z RP;przejście;Nadbużański;PSG w Hrubieszowie;Zosin - Ustiług;Ukraina;Pojazdy;Osobowy;100000,00;samochodem osobowym marki LEVC VN5 numerze rejestracyjnym KE21LJU;szt.;1,0000;Straż Graniczna
22.09.2025 11:25:00;Do RP;przejście;Bieszczadzki;PSG w Korczowej;Korczowa - Krakowiec;Ukraina;Amunicja;Ostra;2,50;;szt.;1,0000;Straż Graniczna
22.09.2025 10:00:00;wewnątrz kraju;strefa;Bieszczadzki;PSG w Korczowej;;Ukraina;Papierosy;Papierosy;52,72;;szt.;60,0000;Straż Graniczna
22.09.2025 18:00:00;Z RP;przejście;Bieszczadzki;PSG w Medyce;Medyka - Szeginie;Ukraina;Inne;Inne;113950,00;dewizy;szt.;26500,0000;Straż Graniczna
22.09.2025 18:00:00;Z RP;przejście;Bieszczadzki;PSG w Medyce;Medyka - Szeginie;Ukraina;Inne;Inne;25920,00;;szt.;7200,0000;Straż Graniczna
23.09.2025 09:30:00;Z RP;przejście;Bieszczadzki;PSG w Korczowej;Korczowa - Krakowiec;Ukraina;Inne;Inne;6000,00;rower elektryczny;szt.;1,0000;Straż Graniczna
23.09.2025 11:00:00;wewnątrz kraju;strefa;Nadbużański;PSG w Chłopiatynie;;Ukraina;Narkotyki;Marihuana;7108,40;;kg;0,1777;Policja | SG
23.09.2025 11:00:00;wewnątrz kraju;strefa;Nadbużański;PSG w Chłopiatynie;;Ukraina;Narkotyki;Inne;1159,20;Skrystalizowana substancja wykazująca pochodne mefedronu;kg;0,0193;Policja | SG
24.09.2025 06:35:00;Z RP;strefa;Śląski;PSG w Katowicach-Pyrzowicach;Katowice-Pyrzowice;lotnicza;Broń;Inna;120,00;pałka teleskopowa;szt.;1,0000;Straż Graniczna
24.09.2025 12:35:00;Do RP;przejście;Nadbużański;PSG w Hrebennem;Hrebenne - Rawa Ruska;Ukraina;Broń;Granat;50,00;;szt.;1,0000;Straż Graniczna
24.09.2025 14:20:00;wewnątrz kraju;strefa;Warmińsko-Mazurski;PSG w Bezledach;;Rosja;Papierosy;Papierosy;185684,77;;szt.;211320,0000;Straż Graniczna
24.09.2025 22:13:00;Z RP;przejście;Warmińsko-Mazurski;PSG w Grzechotkach;Grzechotki - Mamonowo II;Rosja;Pojazdy;Osobowy;250000,00;PORSCHE CARRERA 911;szt.;1,0000;Straż Graniczna
24.09.2025 22:40:00;wewnątrz kraju;kraj;Nadbużański;PSG w Hrubieszowie;;wewnątrz kraju;Pojazdy;Osobowy;300000,00;VOLVO XC 90 ;szt.;1,0000;Policja | SG
25.09.2025 06:20:00;Do RP;przejście;Nadbużański;PSG w Dorohusku;Dorohusk - Jagodzin;Ukraina;Amunicja;Ostra;;NABÓJ O WYM. 56MM I ŚREDNICY 11MM;szt.;1,0000;SC | SG
25.09.2025 10:30:00;Z RP;strefa;Śląski;PSG w Katowicach-Pyrzowicach;;lotnicza;Broń;Inna;60,00;Przedmiot przypominający kastet;szt.;1,0000;Straż Graniczna
25.09.2025 09:53:00;Z RP;przejście;Bieszczadzki;PSG w Medyce;Medyka - Szeginie;Ukraina;Pojazdy;Osobowy;85000,00;część przednia podzespołu pojazdu pochodzi  z przestępstwa;szt.;1,0000;Straż Graniczna
25.09.2025 14:40:00;Do RP;przejście;Nadbużański;PSG w Terespolu;Kukuryki - Kozłowiczy;Białoruś;Tytoń;Tytoń;879,00;TYTOŃ DO FAJKI WODNEJ ;kg;1,0000;Straż Graniczna
25.09.2025 15:15:00;Do RP;przejście;Nadodrzański;PSG w Świecku;Słubice – Frankfurt nad Odrą;Niemcy;Pojazdy;Osobowy;100000,00;FORD EDGE;szt.;1,0000;Straż Graniczna
26.09.2025 01:20:00;Do RP;przejście;Bieszczadzki;PSG w Hermanowicach;Malhowice - Niżankowice;Ukraina;Amunicja;Ostra;28,00;;szt.;2,0000;Straż Graniczna
26.09.2025 01:20:00;Do RP;przejście;Bieszczadzki;PSG w Hermanowicach;Malhowice - Niżankowice;Ukraina;Amunicja;Ostra;14,00;;szt.;1,0000;Straż Graniczna
25.09.2025 23:25:00;wewnątrz kraju;strefa;Podlaski;PSG w Szudziałowie;;Białoruś;Papierosy;Papierosy;17573,80;MINSK SUPER SLIM;szt.;20000,0000;Straż Graniczna
25.09.2025 23:25:00;wewnątrz kraju;strefa;Podlaski;PSG w Szudziałowie;;Białoruś;Papierosy;Papierosy;8786,90;NZ GOLD ;szt.;10000,0000;Straż Graniczna
26.09.2025 03:15:00;wewnątrz kraju;strefa;Nadbużański;PSG w Sławatyczach;;Białoruś;Papierosy;Papierosy;26360,70;przy użyciu balonu meteorologicznego;szt.;30000,0000;Straż Graniczna
26.09.2025 03:46:00;wewnątrz kraju;strefa;Nadbużański;PSG w Bohukałach;;Białoruś;Papierosy;Papierosy;24005,81;Przy użyciu balonu meteorologicznego;szt.;27320,0000;Straż Graniczna
26.09.2025 12:00:00;Z RP;przejście;Nadbużański;PSG w Hrubieszowie;Zosin - Ustiług;Ukraina;Inne;Podzespoły samochodowe;20000,00;silnik z pojazdu PEUGEOT, rok prod. 2019, nr  10DZ924036391;szt.;1,0000;Straż Graniczna
25.09.2025 03:30:00;Do RP;przejście;Nadbużański;PSG w Terespolu;Terespol - Brześć;Białoruś;Pojazdy;Ciężarowy;30000,00;IVECO;szt.;1,0000;Straż Graniczna
26.09.2025 10:01:00;wewnątrz kraju;strefa;Bieszczadzki;PSG w Korczowej;;Ukraina;Papierosy;Papierosy;105,44;Papierosy marki  COMPLIMENT;szt.;120,0000;Straż Graniczna
26.09.2025 02:16:00;wewnątrz kraju;kraj;Podlaski;PSG w Kuźnicy;;wewnątrz kraju;Papierosy;Papierosy;17573,80;NZ;szt.;20000,0000;Straż Graniczna
26.09.2025 02:16:00;wewnątrz kraju;kraj;Podlaski;PSG w Kuźnicy;;wewnątrz kraju;Papierosy;Papierosy;8786,90;MINSK;szt.;10000,0000;Straż Graniczna
26.09.2025 02:30:00;wewnątrz kraju;strefa;Podlaski;PSG w Kuźnicy;;Białoruś;Papierosy;Papierosy;26360,70;MINSK;szt.;30000,0000;Straż Graniczna
27.09.2025 00:25:00;Do RP;przejście;Nadbużański;PSG w Dorohusku;Dorohusk - Jagodzin;Ukraina;Papierosy;Papierosy;86,11;WNIOSEK NR 258;szt.;98,0000;Straż Graniczna
27.09.2025 00:39:00;Do RP;przejście;Nadbużański;PSG w Dorohusku;Dorohusk - Jagodzin;Ukraina;Papierosy;Papierosy;94,90;WNIOSEK NR 259;szt.;108,0000;Straż Graniczna
27.09.2025 00:30:00;wewnątrz kraju;strefa;Nadbużański;PSG w Sławatyczach;;Białoruś;Papierosy;Papierosy;52721,40;przy użyciu balonów meteorologicznych;szt.;60000,0000;Straż Graniczna
27.09.2025 06:20:00;wewnątrz kraju;kraj;Podlaski;PSG w Kuźnicy;;wewnątrz kraju;Papierosy;Papierosy;26360,70;Mińsk;szt.;30000,0000;Straż Graniczna
27.09.2025 11:49:00;Do RP;strefa;Podlaski;PSG w Michałowie;;Białoruś;Papierosy;Papierosy;26360,70;MIńsk Superslim Menthol;szt.;30000,0000;Straż Graniczna
27.09.2025 17:50:00;Do RP;przejście;Bieszczadzki;PSG w Korczowej;Korczowa - Krakowiec;Ukraina;Amunicja;Ostra;2,50;kal. 7,62x54mm;szt.;1,0000;Straż Graniczna
28.09.2025 09:30:00;Z RP;przejście;Karpacki;PSG w Krakowie-Balicach;Kraków-Balice;lotnicza;Amunicja;Ostra;3,50;223 REM;szt.;1,0000;Straż Graniczna
28.09.2025 09:40:00;Do RP;przejście;Bieszczadzki;PSG w Medyce;Medyka - Szeginie;Ukraina;Pojazdy;Osobowy;50000,00;Mercedes Sprinter;szt.;1,0000;Straż Graniczna
28.09.2025 06:45:00;Do RP;strefa;Podlaski;PSG w Krynkach;;Białoruś;Papierosy;Papierosy;26360,70;;szt.;30000,0000;Straż Graniczna
28.09.2025 00:30:00;wewnątrz kraju;kraj;Podlaski;PSG w Bobrownikach;;wewnątrz kraju;Papierosy;Papierosy;26360,70;;szt.;30000,0000;Straż Graniczna
28.09.2025 10:50:00;wewnątrz kraju;strefa;Podlaski;PSG w Kuźnicy;;Białoruś;Papierosy;Papierosy;17573,80;NZ;szt.;20000,0000;Straż Graniczna
28.09.2025 10:50:00;wewnątrz kraju;strefa;Podlaski;PSG w Kuźnicy;;Białoruś;Papierosy;Papierosy;8786,90;Mińsk;szt.;10000,0000;Straż Graniczna
28.09.2025 00:00:00;wewnątrz kraju;strefa;Nadbużański;PSG w Hrebennem;;Ukraina;Papierosy;Papierosy;64320,11;;szt.;73200,0000;Straż Graniczna
28.09.2025 23:30:00;Z RP;przejście;Nadbużański;PSG w Dorohusku;Dorohusk - Jagodzin;Ukraina;Narkotyki;Marihuana;4,80;;kg;0,0001;Straż Graniczna
28.09.2025 23:30:00;Z RP;przejście;Nadbużański;PSG w Dorohusku;Dorohusk - Jagodzin;Ukraina;Narkotyki;Inne;8,50;MDMA;kg;0,0002;Straż Graniczna
29.09.2025 08:30:00;wewnątrz kraju;strefa;Podlaski;PSG w Kuźnicy;;Białoruś;Papierosy;Papierosy;26360,70;NZ GOLD;szt.;30000,0000;Straż Graniczna
28.09.2025 07:40:00;wewnątrz kraju;kraj;Podlaski;PSG w Augustowie;;wewnątrz kraju;Tytoń;susz tytoniowy;36180,32;;kg;54,1500;Policja | SG | KAS
28.09.2025 07:40:00;wewnątrz kraju;kraj;Podlaski;PSG w Augustowie;;wewnątrz kraju;Papierosy;Papierosy;1546,49;;szt.;1760,0000;Policja | SG | KAS
28.09.2025 07:40:00;wewnątrz kraju;kraj;Podlaski;PSG w Augustowie;;wewnątrz kraju;Tytoń;krajanka tytoniowa;7104,21;;kg;8,0850;Policja | SG | KAS
29.09.2025 09:50:00;Z RP;strefa;Nadwiślański;PSG w Warszawie-Okęciu;;lotnicza;Narkotyki;LSD;2500,00;;szt.;100,0000;Straż Graniczna
29.09.2025 12:10:00;wewnątrz kraju;strefa;Podlaski;PSG w Kuźnicy;;Białoruś;Papierosy;Papierosy;21264,30;NZ Gold;szt.;24200,0000;Straż Graniczna
29.09.2025 14:26:00;wewnątrz kraju;strefa;Podlaski;PSG w Nowym Dworze;;Białoruś;Papierosy;Papierosy;26360,70;;szt.;30000,0000;Straż Graniczna
29.09.2025 06:05:00;wewnątrz kraju;kraj;Karpacki;Karpacki;;wewnątrz kraju;Narkotyki;Marihuana;;;kg;0,0318;Straż Graniczna
29.09.2025 06:05:00;wewnątrz kraju;kraj;Karpacki;Karpacki;;wewnątrz kraju;Amunicja;Inna;81,00;5,6 mm (22) Flobert Balle;szt.;90,0000;Straż Graniczna
29.09.2025 06:05:00;wewnątrz kraju;kraj;Karpacki;Karpacki;;wewnątrz kraju;Amunicja;Inna;78,30;6 mm M FLOBERT COURT;szt.;90,0000;Straż Graniczna
29.09.2025 06:05:00;wewnątrz kraju;kraj;Karpacki;Karpacki;;wewnątrz kraju;Amunicja;Inna;31,46;Rakietki Sygnałowe PP1-2;szt.;26,0000;Straż Graniczna
29.09.2025 06:05:00;wewnątrz kraju;kraj;Karpacki;Karpacki;;wewnątrz kraju;Amunicja;Inna;56,07;cal. 22 RIM;szt.;63,0000;Straż Graniczna
29.09.2025 06:05:00;wewnątrz kraju;kraj;Karpacki;Karpacki;;wewnątrz kraju;Amunicja;Inna;50,00;9 mm Pobjeda Technology;szt.;50,0000;Straż Graniczna
29.09.2025 06:05:00;wewnątrz kraju;kraj;Karpacki;Karpacki;;wewnątrz kraju;Amunicja;Inna;11,40;Hukowe;szt.;20,0000;Straż Graniczna
29.09.2025 06:05:00;wewnątrz kraju;kraj;Karpacki;Karpacki;;wewnątrz kraju;Inne;Inne;;substancja sypka koloru żółtego;kg;0,0004;Straż Graniczna
29.09.2025 06:05:00;wewnątrz kraju;kraj;Karpacki;Karpacki;;wewnątrz kraju;Broń;Inna;389,00;Rewolweer CO2 RAM Combat TR50 Gen2 T4E;szt.;1,0000;Straż Graniczna
29.09.2025 14:55:00;Do RP;przejście;Nadbużański;PSG w Terespolu;Terespol - Brześć;Białoruś;Papierosy;Papierosy;105,44;;szt.;120,0000;Straż Graniczna
29.09.2025 15:40:00;wewnątrz kraju;kraj;Nadbużański;PSG w Lublinie;;wewnątrz kraju;Papierosy;Papierosy;61508,30;;szt.;70000,0000;Straż Graniczna
29.09.2025 15:40:00;wewnątrz kraju;kraj;Nadbużański;PSG w Lublinie;;wewnątrz kraju;Papierosy;Papierosy;667,80;;szt.;760,0000;Straż Graniczna
29.09.2025 07:00:00;Do RP;przejście;Nadbużański;PSG w Terespolu;Terespol - Brześć;Białoruś;Papierosy;Papierosy;13004,61;;szt.;14800,0000;KAS | KAS | SG
29.09.2025 21:55:00;Z RP;przejście;Nadwiślański;PSG w Warszawie-Okęciu;Warszawa-Okęcie;lotnicza;Amunicja;Ostra;;1sztuka amunicji o oznaczeniu na kryzie łuski „270 88”;szt.;1,0000;Straż Graniczna
29.09.2025 18:00:00;Z RP;przejście;Nadodrzański;PSG we Wrocławiu-Strachowicach;Wrocław-Strachowice;lotnicza;Amunicja;Ostra;1,00;Parabellum 9mm;szt.;1,0000;Straż Graniczna
29.09.2025 20:10:00;Do RP;przejście;Nadbużański;PSG w Terespolu;Terespol - Brześć;Białoruś;Papierosy;Papierosy;333,90;wyroby tytoniowe bez polskich znaków skarbowych akcyzy w postaci papierosów w ilości 380 sztuk o wartości 333,90;szt.;380,0000;KAS | SG
30.09.2025 06:30:00;wewnątrz kraju;kraj;Nadbużański;PSG w Hrubieszowie;;wewnątrz kraju;Pojazdy;Osobowy;40000,00;VOLVO XC 60;szt.;1,0000;Policja | SG
30.09.2025 06:45:00;wewnątrz kraju;kraj;Nadodrzański;PSG w Kłodzku;;wewnątrz kraju;Narkotyki;Marihuana;450,00;;kg;0,0100;Policja | SG
30.09.2025 09:00:00;Do RP;przejście;Nadodrzański;PSG w Zgorzelcu;Zgorzelec – Görlitz;Niemcy;Pojazdy;Inny;130000,00;Kamper;szt.;1,0000;Straż Graniczna
30.09.2025 18:30:00;wewnątrz kraju;strefa;Podlaski;PSG w Bobrownikach;;Białoruś;Papierosy;Papierosy;30754,15;10 000 szt. papierosów marki MIŃSK 5 (niebieskie), 10 000 szt.MIŃSK Superslim, 15 000 szt.QUEN  Mentol ;szt.;35000,0000;Straż Graniczna
30.09.2025 23:00:00;Z RP;przejście;Bieszczadzki;PSG w Korczowej;Korczowa - Krakowiec;Ukraina;Pojazdy;Osobowy;80000,00;HYUNDAI- KONA, rok produkcji 2020 ( figuruje w bazie INTERPOL oraz SIS-R art. 38 );szt.;1,0000;Straż Graniczna
01.10.2025 10:30:00;Do RP;przejście;Nadbużański;PSG w Dorohusku;Dorohusk - Jagodzin;Ukraina;Papierosy;Papierosy;68,54;wniosek nr 260;szt.;78,0000;Straż Graniczna
01.10.2025 10:10:00;wewnątrz kraju;strefa;Podlaski;PSG w Nowym Dworze;;Białoruś;Papierosy;Papierosy;52721,40;;szt.;60000,0000;Straż Graniczna
01.10.2025 09:10:00;wewnątrz kraju;strefa;Nadbużański;PSG w Dorohusku;;Ukraina;Papierosy;Papierosy;13180,35;;szt.;15000,0000;Straż Graniczna
01.10.2025 14:00:00;wewnątrz kraju;kraj;Bieszczadzki;Bieszczadzki;;wewnątrz kraju;Pojazdy;Osobowy;150000,00;Mercedes E300 Coupe;szt.;1,0000;Policja | SG
01.10.2025 20:25:00;Z RP;przejście;Nadodrzański;PSG w Poznaniu-Ławicy;Poznań-Ławica;lotnicza;Broń;Inna;150,00;Pałka teleskopowa;szt.;1,0000;inny
02.10.2025 10:00:00;Do RP;przejście;Nadodrzański;PSG w Świecku;Słubice – Frankfurt nad Odrą;Niemcy;Narkotyki;Marihuana;290,40;;kg;0,0073;Straż Graniczna
02.10.2025 06:20:00;wewnątrz kraju;strefa;Podlaski;PSG w Kuźnicy;;Białoruś;Narkotyki;Marihuana;4,10;;kg;0,0001;Straż Graniczna
02.10.2025 15:01:00;wewnątrz kraju;kraj;Bieszczadzki;Bieszczadzki;;wewnątrz kraju;Pojazdy;Osobowy;65000,00;Kia Stonic;szt.;1,0000;Policja | SG
02.10.2025 13:40:00;wewnątrz kraju;strefa;Nadbużański;PSG w Hrebennem;;Ukraina;Papierosy;Papierosy;562,36;32 paczki paperosów bez polskich znaków akcyzy ;szt.;640,0000;Straż Graniczna
02.10.2025 23:10:00;Do RP;przejście;Nadbużański;PSG w Terespolu;Terespol - Brześć;Białoruś;Inne;Inne;38,00;3.8kg produktów pochodzenia zwierzęcego;kg;3,8000;Straż Graniczna
03.10.2025 00:34:00;Do RP;przejście;Bieszczadzki;PSG w Medyce;Medyka - Szeginie;Ukraina;Broń;Inna;80,00;kastet;szt.;1,0000;SC | SG
03.10.2025 03:00:00;Do RP;przejście;Nadbużański;PSG w Terespolu;Terespol - Brześć;Białoruś;Papierosy;Papierosy;2108,86;wyroby tytoniowe bez polskich znaków skarbowych akcyzy w postaci papierosów w ilości 2400 sztuk;szt.;2400,0000;Straż Graniczna
03.10.2025 04:09:00;Z RP;przejście;Morski;PSG w Gdańsku;;lotnicza;Amunicja;Ostra;2,00;;szt.;1,0000;inny | SG
02.10.2025 22:55:00;wewnątrz kraju;strefa;Nadbużański;PSG w Dołhobrodach;;Białoruś;Papierosy;Papierosy;8786,90;;szt.;10000,0000;Straż Graniczna
03.10.2025 11:15:00;wewnątrz kraju;strefa;Nadbużański;PSG w Kodniu;;Białoruś;Papierosy;Papierosy;8786,90;;szt.;10000,0000;Straż Graniczna
28.09.2025 04:40:00;Z RP;przejście;Śląski;PSG w Katowicach-Pyrzowicach;Katowice-Pyrzowice;lotnicza;Amunicja;Inna;4,99;S&B 9x19 80;szt.;1,0000;Straż Graniczna
04.10.2025 01:00:00;Do RP;przejście;Nadbużański;PSG w Dorohusku;Dorohusk - Jagodzin;Ukraina;Papierosy;Papierosy;105,44;;szt.;120,0000;Straż Graniczna
04.10.2025 19:45:00;Do RP;przejście;Nadbużański;PSG w Hrebennem;Hrebenne - Rawa Ruska;Ukraina;Papierosy;Papierosy;38,66;;szt.;44,0000;SC | SG
04.10.2025 19:45:00;Do RP;przejście;Nadbużański;PSG w Hrebennem;Hrebenne - Rawa Ruska;Ukraina;Tytoń;Tytoń do palenia (wkłady);14,08;21,06g wyrobów  nowatorskich o wartości rynkowej  14,08 zł. ;kg;0,0211;SC | SG
05.10.2025 02:58:00;Do RP;przejście;Nadbużański;PSG w Dołhobyczowie;Dołhobyczów - Uhrynów;Ukraina;Papierosy;Papierosy;140,59;;szt.;160,0000;KAS | SG
05.10.2025 08:00:00;wewnątrz kraju;kraj;Karpacki;PSG w Tarnowie;;wewnątrz kraju;Tytoń;krajanka tytoniowa;2636,07;;kg;3,0000;Straż Graniczna
05.10.2025 08:00:00;wewnątrz kraju;kraj;Karpacki;PSG w Tarnowie;;wewnątrz kraju;Tytoń;krajanka tytoniowa;4832,80;;kg;5,5000;Straż Graniczna
05.10.2025 08:00:00;wewnątrz kraju;kraj;Karpacki;PSG w Tarnowie;;wewnątrz kraju;Papierosy;Papierosy;9138,38;;szt.;10400,0000;Straż Graniczna
05.10.2025 13:20:00;Do RP;przejście;Bieszczadzki;PSG w Korczowej;Korczowa - Krakowiec;Ukraina;Amunicja;Ostra;7,50;kal. 7,62x39mm;szt.;3,0000;Straż Graniczna
05.10.2025 15:50:00;Z RP;przejście;Bieszczadzki;PSG w Medyce;Medyka - Szeginie;Ukraina;Pojazdy;Osobowy;10000,00;Renaulta Megane;szt.;1,0000;Straż Graniczna
05.10.2025 17:45:00;Do RP;przejście;Nadbużański;PSG w Hrebennem;Hrebenne - Rawa Ruska;Ukraina;Papierosy;Papierosy;123,02;ujawniono 7 paczek (140 sztuk) papierosów o wartości rynkowej 123,02 zł, uszczuplenia celne 201,00 zł.;szt.;140,0000;Straż Graniczna
05.10.2025 07:30:00;wewnątrz kraju;kraj;Warmińsko-Mazurski;PSG w Gołdapi;;wewnątrz kraju;Narkotyki;Marihuana;170,40;;kg;0,0043;Straż Graniczna
05.10.2025 07:30:00;wewnątrz kraju;kraj;Warmińsko-Mazurski;PSG w Gołdapi;;wewnątrz kraju;Pojazdy;Osobowy;100000,00;MARKI VOLVO;szt.;1,0000;Straż Graniczna
05.10.2025 07:30:00;wewnątrz kraju;kraj;Warmińsko-Mazurski;PSG w Gołdapi;;wewnątrz kraju;Pojazdy;Osobowy;30000,00;VOLSKWAGEN ;szt.;1,0000;Straż Graniczna
05.10.2025 07:30:00;wewnątrz kraju;kraj;Warmińsko-Mazurski;PSG w Gołdapi;;wewnątrz kraju;Inne;Inne;20000,00;Łańcuszek koloru złotego ;szt.;1,0000;Straż Graniczna
05.10.2025 07:30:00;wewnątrz kraju;kraj;Warmińsko-Mazurski;PSG w Gołdapi;;wewnątrz kraju;Inne;Inne;15000,00;biżuteria koloru złotego ;szt.;1,0000;Straż Graniczna
05.10.2025 14:00:00;Do RP;przejście;Podlaski;PSG w Sejnach;Burbiszki;Litwa;Papierosy;Papierosy;244275,82;Mińsk Super Slim, NZ Gold.;szt.;278000,0000;Straż Graniczna
05.10.2025 22:33:00;Z RP;przejście;Nadbużański;PSG w Dołhobyczowie;Dołhobyczów - Uhrynów;Ukraina;Pojazdy;Ciężarowy;60000,00;Mercedes Sprinter;szt.;1,0000;Straż Graniczna
06.10.2025 08:45:00;Do RP;przejście;Bieszczadzki;PSG w Korczowej;Korczowa - Krakowiec;Ukraina;Amunicja;Ostra;1,30;1 szt. nabój 9x19mm (amunicja ostra);szt.;1,0000;Straż Graniczna
06.10.2025 09:20:00;Do RP;przejście;Bieszczadzki;PSG w Korczowej;Korczowa - Krakowiec;Ukraina;Amunicja;Ostra;2,30;1 szt. amunicja ostra kaliber 5,45x39mm;szt.;1,0000;Straż Graniczna
06.10.2025 12:55:00;wewnątrz kraju;strefa;Bieszczadzki;PSG w Hermanowicach;;Ukraina;Papierosy;Papierosy;1230,17;LM, Davidoff;szt.;1400,0000;Straż Graniczna
06.10.2025 15:20:00;Do RP;przejście;Bieszczadzki;PSG w Korczowej;Korczowa - Krakowiec;Ukraina;Amunicja;Ostra;2,30;1 szt. nabój kaliber 5,45x39 mm (amunicja ostra);szt.;1,0000;Straż Graniczna
06.10.2025 12:30:00;Z RP;przejście;Bieszczadzki;PSG w Rzeszowie–Jasionce;Rzeszów-Jasionka;lotnicza;Amunicja;Ostra;2,40;amunicja z oznaczeniem na dnie łuski S&B 5.56x45 23, kal. 5,56mmx45mm;szt.;1,0000;Straż Graniczna
06.10.2025 15:25:00;Do RP;przejście;Bieszczadzki;PSG w Korczowej;Korczowa - Krakowiec;Ukraina;Amunicja;Ostra;2,60;1 szt. nabój kaliber 7,62x39 mm (amunicja ostra);szt.;1,0000;Straż Graniczna
06.10.2025 17:30:00;Do RP;przejście;Nadbużański;PSG w Terespolu;Kukuryki - Kozłowiczy;Białoruś;Papierosy;Papierosy;3514,76;;szt.;4000,0000;Straż Graniczna
06.10.2025 20:41:00;Do RP;przejście;Nadbużański;PSG w Dołhobyczowie;Dołhobyczów - Uhrynów;Ukraina;Pojazdy;Osobowy;17000,00;Skoda Oktavia;szt.;1,0000;Straż Graniczna
06.10.2025 20:41:00;Do RP;przejście;Nadbużański;PSG w Dołhobyczowie;Dołhobyczów - Uhrynów;Ukraina;Inne;Inne;;Tablica rejestracyjna o wyróżniku BC4202OT;szt.;2,0000;Straż Graniczna
07.10.2025 00:00:00;Do RP;przejście;Nadbużański;PSG w Terespolu;Terespol - Brześć;Białoruś;Papierosy;Papierosy;1933,12;;szt.;2200,0000;SC | SG
07.10.2025 08:10:00;wewnątrz kraju;strefa;Nadbużański;PSG w Kodniu;;Białoruś;Papierosy;Papierosy;17573,80;;szt.;20000,0000;Straż Graniczna
07.10.2025 07:10:00;wewnątrz kraju;strefa;Nadbużański;PSG w Sławatyczach;;Białoruś;Papierosy;Papierosy;8786,90;QUEEN;szt.;10000,0000;Straż Graniczna
07.10.2025 07:10:00;wewnątrz kraju;strefa;Nadbużański;PSG w Sławatyczach;;Białoruś;Papierosy;Papierosy;8786,90;marka NZ;szt.;10000,0000;Straż Graniczna
07.10.2025 10:55:00;Do RP;przejście;Nadbużański;PSG w Dorohusku;Dorohusk - Jagodzin;Ukraina;Papierosy;Papierosy;35,15;WNIOSEK NR 272;szt.;40,0000;Straż Graniczna
07.10.2025 10:55:00;Do RP;przejście;Nadbużański;PSG w Dorohusku;Dorohusk - Jagodzin;Ukraina;Tytoń;Tytoń do palenia (wkłady);;WNIOSEK 270;kg;0,0378;Straż Graniczna
07.10.2025 12:25:00;Z RP;przejście;Bieszczadzki;PSG w Medyce;Medyka - Szeginie;Ukraina;Inne;Inne;100,00;Tablice rejestracyjne;szt.;2,0000;Straż Graniczna
07.10.2025 19:30:00;wewnątrz kraju;kraj;Bieszczadzki;Bieszczadzki;;wewnątrz kraju;Pojazdy;Inny;110000,00;Przyczepa kempingowa;szt.;1,0000;Policja | SG
07.10.2025 19:30:00;wewnątrz kraju;kraj;Bieszczadzki;Bieszczadzki;;wewnątrz kraju;Inne;Inne;60000,00;przyczepa kempingowa Elddis Xplore ;szt.;1,0000;Policja | SG
08.10.2025 00:03:00;wewnątrz kraju;kraj;Podlaski;PSG w Kuźnicy;;wewnątrz kraju;Papierosy;Papierosy;17573,80;MINSK;szt.;20000,0000;Straż Graniczna
08.10.2025 00:03:00;wewnątrz kraju;kraj;Podlaski;PSG w Kuźnicy;;wewnątrz kraju;Papierosy;Papierosy;8786,90;QUEEN MENTHOL;szt.;10000,0000;Straż Graniczna
08.10.2025 07:40:00;wewnątrz kraju;kraj;Bieszczadzki;PSG w Korczowej;;wewnątrz kraju;Papierosy;Papierosy;527,21;30 paczek - 600 sztuk papierosów;szt.;600,0000;Straż Graniczna
07.10.2025 21:30:00;wewnątrz kraju;strefa;Podlaski;PSG w Bobrownikach;;Białoruś;Alkohol;Inne;1131,50;Alkohol nieznanego pochodzenia.;litr;36,5000;Straż Graniczna
08.10.2025 07:46:00;wewnątrz kraju;strefa;Bieszczadzki;PSG w Lubaczowie;;Ukraina;Papierosy;Papierosy;298,75;papierosy marki Compliment;szt.;340,0000;Straż Graniczna
08.10.2025 12:20:00;wewnątrz kraju;strefa;Bieszczadzki;PSG w Krościenku;;Ukraina;Narkotyki;Amfetamina;299,70;;kg;0,0056;Straż Graniczna
08.10.2025 02:00:00;wewnątrz kraju;kraj;Nadodrzański;PSG we Wrocławiu-Strachowicach;;wewnątrz kraju;Narkotyki;Inne;12,10;Metamfetamina;kg;0,0002;inny
08.10.2025 16:55:00;Z RP;przejście;Nadodrzański;PSG w Poznaniu-Ławicy;Poznań-Ławica;lotnicza;Broń;Inna;50,00;Kastet;szt.;1,0000;inny | SG
08.10.2025 17:00:00;wewnątrz kraju;strefa;Nadbużański;PSG w Terespolu;;Białoruś;Papierosy;Papierosy;6326,57;7200 sztuk papierosów marki „NZ” ;szt.;7200,0000;Straż Graniczna
09.10.2025 00:10:00;Do RP;przejście;Nadbużański;PSG w Terespolu;Terespol - Brześć;Białoruś;Inne;Inne;;Srodki ochrony roślin;litr;30,0000;Straż Graniczna
09.10.2025 07:48:00;wewnątrz kraju;kraj;Karpacki;Karpacki;;wewnątrz kraju;Narkotyki;Amfetamina;;metaamfetamina;kg;0,2000;Straż Graniczna
09.10.2025 11:20:00;wewnątrz kraju;strefa;Podlaski;PSG w Narewce;;Białoruś;Papierosy;Papierosy;35147,60;;szt.;40000,0000;Straż Graniczna
09.10.2025 11:20:00;wewnątrz kraju;strefa;Podlaski;PSG w Narewce;;Białoruś;Alkohol;Spirytus;560,00;;litr;7,0000;Straż Graniczna
09.10.2025 15:00:00;Z RP;przejście;Karpacki;PSG w Krakowie-Balicach;Kraków-Balice;lotnicza;Amunicja;Ostra;1,00;oznaczenie na denku S&B  9x19  25;szt.;1,0000;Straż Graniczna
09.10.2025 15:00:00;Do RP;przejście;Bieszczadzki;PSG w Medyce;Medyka - Szeginie;Ukraina;Tytoń;Tytoń do palenia (wkłady);381,02;luzem w bagażu podręcznym;kg;0,0972;Straż Graniczna
09.10.2025 15:33:00;Do RP;przejście;Warmińsko-Mazurski;PSG w Grzechotkach;Grzechotki - Mamonowo II;Rosja;Papierosy;Papierosy;70,30;LIFA;szt.;80,0000;SC
09.10.2025 11:20:00;wewnątrz kraju;strefa;Podlaski;PSG w Narewce;;Białoruś;Papierosy;Papierosy;35147,60;;szt.;40000,0000;Policja | SG
09.10.2025 11:20:00;wewnątrz kraju;strefa;Podlaski;PSG w Narewce;;Białoruś;Alkohol;Spirytus;640,00;;litr;8,0000;Policja | SG
09.10.2025 15:50:00;Do RP;przejście;Nadbużański;PSG w Terespolu;Terespol - Brześć;Białoruś;Inne;Inne;80,00;produkty pochodzenia roślinnego;kg;10,0000;Straż Graniczna
09.10.2025 17:30:00;Do RP;przejście;Nadbużański;PSG w Terespolu;Terespol - Brześć;Białoruś;Inne;Inne;110,00;produkty pochodzenia zwierzęcego;kg;11,0000;Straż Graniczna
09.10.2025 18:36:00;wewnątrz kraju;kraj;Nadbużański;PSG w Hrubieszowie;;wewnątrz kraju;Inne;Inne;;tablioce rejestracyjne;szt.;2,0000;Policja | SG
09.10.2025 18:36:00;wewnątrz kraju;kraj;Nadbużański;PSG w Hrubieszowie;;wewnątrz kraju;Pojazdy;Osobowy;225000,00;TOYOTA LAND CRUISER;szt.;1,0000;Policja | SG
10.10.2025 06:08:00;wewnątrz kraju;kraj;Podlaski;Podlaski;;wewnątrz kraju;Narkotyki;Kokaina;150430,08;;kg;0,3760;Straż Graniczna
11.10.2025 13:10:00;Z RP;przejście;Nadbużański;PSG w Dołhobyczowie;Dołhobyczów - Uhrynów;Ukraina;Pojazdy;Osobowy;20000,00;S Max;szt.;1,0000;Straż Graniczna
11.10.2025 16:47:00;wewnątrz kraju;kraj;Nadbużański;PSG w Lublinie;;wewnątrz kraju;Papierosy;Papierosy;43934,50;;szt.;50000,0000;Straż Graniczna
11.10.2025 22:40:00;wewnątrz kraju;strefa;Nadbużański;PSG w Białej Podlaskiej;;Białoruś;Narkotyki;Haszysz;37,00;;kg;0,0007;Straż Graniczna
12.10.2025 05:20:00;Do RP;przejście;Nadbużański;PSG w Hrubieszowie;Zosin - Ustiług;Ukraina;Tytoń;Tytoń do palenia;61,34;wyroby nowatorskie;kg;0,0918;Straż Graniczna
12.10.2025 12:30:00;wewnątrz kraju;strefa;Podlaski;PSG w Kuźnicy;;Białoruś;Papierosy;Papierosy;8786,90;MIŃSK;szt.;10000,0000;Straż Graniczna
12.10.2025 14:35:00;Do RP;przejście;Bieszczadzki;PSG w Korczowej;Korczowa - Krakowiec;Ukraina;Amunicja;Ostra;25,00;kal 5,56x45mm;szt.;10,0000;Straż Graniczna
12.10.2025 15:00:00;Do RP;przejście;Bieszczadzki;PSG w Korczowej;Korczowa - Krakowiec;Ukraina;Amunicja;Ostra;2,50;kal. 5,56x45mm;szt.;1,0000;Straż Graniczna
12.10.2025 17:25:00;Do RP;przejście;Bieszczadzki;PSG w Korczowej;Korczowa - Krakowiec;Ukraina;Amunicja;Ostra;2,50;kal. 8.6 x 70mm;szt.;1,0000;Straż Graniczna
12.10.2025 17:25:00;Do RP;przejście;Bieszczadzki;PSG w Korczowej;Korczowa - Krakowiec;Ukraina;Amunicja;Ostra;20,00;kal 7,62;szt.;8,0000;Straż Graniczna
12.10.2025 17:25:00;Do RP;przejście;Bieszczadzki;PSG w Korczowej;Korczowa - Krakowiec;Ukraina;Amunicja;Inna;40,00;granat dymny M18 ;szt.;1,0000;Straż Graniczna
12.10.2025 17:50:00;Do RP;przejście;Bieszczadzki;PSG w Korczowej;Korczowa - Krakowiec;Ukraina;Amunicja;Ostra;2,50;kal 7.62x39mm;szt.;1,0000;Straż Graniczna
12.10.2025 19:00:00;Z RP;przejście;Karpacki;PSG w Krakowie-Balicach;Kraków-Balice;lotnicza;Amunicja;Ostra;2,00;Winchester;szt.;1,0000;Straż Graniczna
12.10.2025 20:00:00;Do RP;przejście;Bieszczadzki;PSG w Korczowej;Korczowa - Krakowiec;Ukraina;Amunicja;Ostra;2,50;kal 7,62x39mm;szt.;1,0000;Straż Graniczna
12.10.2025 23:00:00;Do RP;przejście;Bieszczadzki;PSG w Korczowej;Korczowa - Krakowiec;Ukraina;Amunicja;Ostra;5,00;kal. 5.56x45mm;szt.;2,0000;Straż Graniczna
13.10.2025 01:35:00;Do RP;przejście;Bieszczadzki;PSG w Korczowej;Korczowa - Krakowiec;Ukraina;Amunicja;Ostra;2,50;kal 5,45x39mm;szt.;1,0000;Straż Graniczna
13.10.2025 12:25:00;Z RP;przejście;Bieszczadzki;PSG w Korczowej;Korczowa - Krakowiec;Ukraina;Inne;Inne;100,00;2 x TABLICA REJESTRACYJNA - WŁOSKA;szt.;2,0000;Straż Graniczna
13.10.2025 16:19:00;Do RP;przejście;Nadbużański;PSG w Terespolu;Kukuryki - Kozłowiczy;Białoruś;Alkohol;Wódka;450,00;;litr;3,0000;Straż Graniczna
14.10.2025 08:50:00;Do RP;przejście;Bieszczadzki;PSG w Korczowej;Korczowa - Krakowiec;Ukraina;Amunicja;Ostra;7,50;;szt.;3,0000;Straż Graniczna
14.10.2025 08:50:00;Do RP;przejście;Bieszczadzki;PSG w Korczowej;Korczowa - Krakowiec;Ukraina;Amunicja;Ostra;2,50;;szt.;1,0000;Straż Graniczna
14.10.2025 10:00:00;Do RP;przejście;Bieszczadzki;PSG w Korczowej;Korczowa - Krakowiec;Ukraina;Amunicja;Ostra;2,50;;szt.;1,0000;Straż Graniczna
14.10.2025 10:30:00;Do RP;przejście;Bieszczadzki;PSG w Korczowej;;Ukraina;Amunicja;Ostra;5,00;;szt.;2,0000;Straż Graniczna
14.10.2025 15:10:00;Z RP;strefa;Śląski;PSG w Katowicach-Pyrzowicach;;lotnicza;Amunicja;Ostra;3,00;Przedmiot przypominający amunicję koloru brązowego z napisem 270 E;szt.;1,0000;Straż Graniczna
14.10.2025 19:40:00;Z RP;przejście;Śląski;PSG w Katowicach-Pyrzowicach;Katowice-Pyrzowice;lotnicza;Amunicja;Ostra;1,99;"Przedmiot przypominający amunicję z napisem na spodzie łuski: „9x19 S&B 18 NONTOX""";szt.;1,0000;Straż Graniczna
14.10.2025 19:42:00;wewnątrz kraju;strefa;Podlaski;PSG w Sejnach;;Litwa;Pojazdy;Osobowy;150000,00;Mercedes-benz GLC 200 D 4matic, rok produkcji 2019;szt.;1,0000;Straż Graniczna
14.10.2025 23:16:00;Do RP;przejście;Nadbużański;PSG w Dorohusku;Dorohusk - Jagodzin;Ukraina;Papierosy;Papierosy;105,44;;szt.;120,0000;Straż Graniczna
14.10.2025 23:20:00;Do RP;przejście;Nadbużański;PSG w Dorohusku;Dorohusk - Jagodzin;Ukraina;Papierosy;Papierosy;173,98;;szt.;198,0000;Straż Graniczna
15.10.2025 09:00:00;Do RP;przejście;Bieszczadzki;PSG w Korczowej;Korczowa - Krakowiec;Ukraina;Broń;Inna;50,00;Kastet;szt.;1,0000;Straż Graniczna
15.10.2025 06:51:00;Z RP;przejście;Bieszczadzki;PSG w Lubaczowie;Budomierz - Hruszew;Ukraina;Inne;Inne;3000,00;Rower marki Cube;szt.;1,0000;Straż Graniczna
15.10.2025 09:38:00;wewnątrz kraju;kraj;Bieszczadzki;PSG w Rzeszowie–Jasionce;;wewnątrz kraju;Papierosy;Papierosy;8734,18;papierosy ;szt.;9940,0000;Straż Graniczna
14.10.2025 22:12:00;wewnątrz kraju;strefa;Nadbużański;PSG w Kodniu;;Białoruś;Papierosy;Papierosy;8786,90;;szt.;10000,0000;Straż Graniczna
15.10.2025 11:19:00;Z RP;przejście;Bieszczadzki;PSG w Medyce;;Ukraina;Pojazdy;Inny;5000,00;Rower Copperhead Bulls o numerze ramy AA10136637 ;szt.;1,0000;Straż Graniczna
15.10.2025 12:50:00;wewnątrz kraju;kraj;Morski;PSG w Szczecinie;;wewnątrz kraju;Pojazdy;Osobowy;180000,00;PEUGOT 2008;szt.;2,0000;Straż Graniczna
15.10.2025 12:50:00;wewnątrz kraju;kraj;Morski;PSG w Szczecinie;;wewnątrz kraju;Pojazdy;Osobowy;90000,00;Peugot 208;szt.;1,0000;Straż Graniczna
15.10.2025 15:46:00;Z RP;przejście;Bieszczadzki;PSG w Lubaczowie;Budomierz - Hruszew;Ukraina;Pojazdy;Motocykl;12000,00;SUZUKI GSXR 600 ZK3;szt.;1,0000;Straż Graniczna
15.10.2025 18:50:00;Z RP;przejście;Warmińsko-Mazurski;PSG w Grzechotkach;Grzechotki - Mamonowo II;Rosja;Papierosy;Papierosy;70,30;;szt.;80,0000;Straż Graniczna
16.10.2025 00:30:00;Do RP;przejście;Nadbużański;PSG w Terespolu;Terespol - Brześć;Białoruś;Inne;Inne;75,00;produkty pochodzenia zwierzęcego 7.5kg o wartości 75 zł ;kg;7,5000;Straż Graniczna
16.10.2025 00:30:00;Do RP;przejście;Nadbużański;PSG w Terespolu;Terespol - Brześć;Białoruś;Inne;Inne;348,00;produkty pochodzenia roślinnego 34.8 kg o wartości 348 zł;kg;34,8000;Straż Graniczna
16.10.2025 04:45:00;Z RP;przejście;Karpacki;PSG w Krakowie-Balicach;Kraków-Balice;lotnicza;Amunicja;Ostra;2,00;;szt.;1,0000;Straż Graniczna
16.10.2025 07:35:00;Z RP;przejście;Nadodrzański;PSG w Poznaniu-Ławicy;Poznań-Ławica;lotnicza;Broń;Inna;50,00;Pałka teleskopowa;szt.;1,0000;inny | SG
16.10.2025 08:58:00;wewnątrz kraju;strefa;Bieszczadzki;PSG w Medyce;;Ukraina;Alkohol;Koniak;30,00;Amber 40%;litr;0,5000;Straż Graniczna
16.10.2025 08:58:00;wewnątrz kraju;strefa;Bieszczadzki;PSG w Medyce;;Ukraina;Papierosy;Papierosy;210,89;Paramount;szt.;240,0000;Straż Graniczna
16.10.2025 08:00:00;wewnątrz kraju;kraj;Nadodrzański;PSG w Kłodzku;;wewnątrz kraju;Narkotyki;Marihuana;400,00;;kg;0,0100;Straż Graniczna
16.10.2025 08:00:00;wewnątrz kraju;kraj;Nadodrzański;PSG w Kłodzku;;wewnątrz kraju;Narkotyki;Marihuana;800,00;;kg;0,0200;Straż Graniczna
16.10.2025 12:00:00;Do RP;przejście;Nadbużański;PSG w Terespolu;Terespol - Brześć;Białoruś;Płyn do e-papierosów;Płyn do e-papierosów;130,00;LIQUID 5 SZT. PO 20 ML ;litr;0,1000;KAS | SG
16.10.2025 12:00:00;Do RP;przejście;Nadbużański;PSG w Terespolu;Terespol - Brześć;Białoruś;Tytoń;Tytoń do palenia (wkłady);21,60;WKŁADY DO PAPIEROSÓW TYPU HEETS;szt.;120,0000;KAS | SG
16.10.2025 12:00:00;Do RP;przejście;Bieszczadzki;PSG w Korczowej;Korczowa - Krakowiec;Ukraina;Amunicja;Ostra;2,50;kal 5,56x45mm;szt.;1,0000;Straż Graniczna
16.10.2025 12:29:00;Z RP;przejście;Nadwiślański;PSG w Warszawie-Okęciu;;lotnicza;Inne;Inne;2350,00;tabletki o nazwie Oxydolor 80 mg ;szt.;500,0000;Straż Graniczna
16.10.2025 11:55:00;wewnątrz kraju;strefa;Nadbużański;PSG w Chłopiatynie;;Ukraina;Narkotyki;Marihuana;2460,80;;kg;0,0615;Policja | SG
16.10.2025 11:55:00;wewnątrz kraju;strefa;Nadbużański;PSG w Chłopiatynie;;Ukraina;Narkotyki;Inne;10560,00;łodygi krzewów konopi innych niż włókniste;kg;0,2640;Policja | SG
16.10.2025 11:53:00;Z RP;przejście;Bieszczadzki;PSG w Lubaczowie;Budomierz - Hruszew;Ukraina;Inne;Inne;2500,00;Rower marki FLYER;szt.;1,0000;Straż Graniczna
17.10.2025 01:05:00;Do RP;przejście;Nadbużański;PSG w Terespolu;Terespol - Brześć;Białoruś;Papierosy;Papierosy;17573,80;;szt.;20000,0000;KAS | SG | SG
13.10.2025 14:02:00;Do RP;przejście;Nadwiślański;PSG w Warszawie-Okęciu;Warszawa-Okęcie;lotnicza;Amunicja;Ostra;;SIG 45 AUTO;szt.;1,0000;Straż Graniczna
17.10.2025 08:05:00;Do RP;przejście;Nadbużański;PSG w Hrubieszowie;Zosin - Ustiług;Ukraina;Broń;Inna;60,00;Imitacja kija bejsbolowegp;szt.;1,0000;Straż Graniczna
17.10.2025 07:40:00;Do RP;przejście;Nadodrzański;PSG w Świecku;Świecko – Frankfurt;Niemcy;Pojazdy;Osobowy;60000,00;Fort Kuga;szt.;1,0000;Straż Graniczna
17.10.2025 07:40:00;Do RP;przejście;Nadodrzański;PSG w Świecku;Świecko – Frankfurt;Niemcy;Narkotyki;Marihuana;36,40;;kg;0,0009;Straż Graniczna
17.10.2025 07:40:00;Do RP;przejście;Nadodrzański;PSG w Świecku;Świecko – Frankfurt;Niemcy;Narkotyki;Amfetamina;25,60;;kg;0,0003;Straż Graniczna
17.10.2025 11:25:00;wewnątrz kraju;kraj;Podlaski;PSG w Bobrownikach;;wewnątrz kraju;Papierosy;Papierosy;45340,40;;szt.;51600,0000;Straż Graniczna
17.10.2025 18:03:00;wewnątrz kraju;kraj;Morski;PSG w Szczecinie;;wewnątrz kraju;Pojazdy;Osobowy;90000,00;;szt.;1,0000;Straż Graniczna
17.10.2025 21:30:00;Do RP;przejście;Nadbużański;PSG w Dołhobyczowie;Dołhobyczów - Uhrynów;Ukraina;Tytoń;Tytoń do palenia (wkłady);;7 PACZEK PO 20 SZT. WKŁADÓW DO PODGRZEWACZY MARKI NEO;szt.;140,0000;Straż Graniczna
18.10.2025 10:03:00;Z RP;przejście;Nadwiślański;PSG w Warszawie-Okęciu;Warszawa-Okęcie;lotnicza;Amunicja;Ostra;;;szt.;9,0000;Straż Graniczna
18.10.2025 16:00:00;Do RP;przejście;Bieszczadzki;PSG w Korczowej;Korczowa - Krakowiec;Ukraina;Amunicja;Ostra;2,50;;szt.;1,0000;Straż Graniczna
18.10.2025 16:00:00;Do RP;przejście;Bieszczadzki;PSG w Korczowej;Korczowa - Krakowiec;Ukraina;Amunicja;Ostra;2,50;;szt.;1,0000;Straż Graniczna
18.10.2025 23:40:00;wewnątrz kraju;strefa;Podlaski;PSG w Kuźnicy;;Białoruś;Papierosy;Papierosy;8786,90;QUEEN Menthol;szt.;10000,0000;Straż Graniczna
18.10.2025 23:40:00;wewnątrz kraju;strefa;Podlaski;PSG w Kuźnicy;;Białoruś;Papierosy;Papierosy;8786,90;NZ;szt.;10000,0000;Straż Graniczna
18.10.2025 23:40:00;wewnątrz kraju;strefa;Podlaski;PSG w Kuźnicy;;Białoruś;Papierosy;Papierosy;13180,35;Mińsk;szt.;15000,0000;Straż Graniczna
19.10.2025 06:00:00;wewnątrz kraju;strefa;Podlaski;PSG w Kuźnicy;;Białoruś;Papierosy;Papierosy;8786,90;NZ;szt.;10000,0000;Straż Graniczna
19.10.2025 06:00:00;wewnątrz kraju;strefa;Podlaski;PSG w Kuźnicy;;Białoruś;Papierosy;Papierosy;17573,80;Mińsk;szt.;20000,0000;Straż Graniczna
19.10.2025 06:15:00;wewnątrz kraju;strefa;Podlaski;PSG w Kuźnicy;;Białoruś;Papierosy;Papierosy;8786,90;Queen Menthol;szt.;10000,0000;Straż Graniczna
19.10.2025 06:15:00;wewnątrz kraju;strefa;Podlaski;PSG w Kuźnicy;;Białoruś;Papierosy;Papierosy;8786,90;NZ;szt.;10000,0000;Straż Graniczna
19.10.2025 06:15:00;wewnątrz kraju;strefa;Podlaski;PSG w Kuźnicy;;Białoruś;Papierosy;Papierosy;8786,90;Mińsk;szt.;10000,0000;Straż Graniczna
19.10.2025 09:45:00;Do RP;przejście;Bieszczadzki;PSG w Korczowej;Korczowa - Krakowiec;Ukraina;Amunicja;Ostra;2,50;kal 5.56x45mm;szt.;1,0000;Straż Graniczna
19.10.2025 09:55:00;Do RP;przejście;Bieszczadzki;PSG w Korczowej;Korczowa - Krakowiec;Ukraina;Amunicja;Ostra;2,50;5.56x45mm;szt.;1,0000;Straż Graniczna
19.10.2025 09:55:00;Do RP;przejście;Bieszczadzki;PSG w Korczowej;Korczowa - Krakowiec;Ukraina;Amunicja;Ostra;7,50;7.65x21mm;szt.;3,0000;Straż Graniczna
19.10.2025 11:55:00;Do RP;przejście;Bieszczadzki;PSG w Korczowej;Korczowa - Krakowiec;Ukraina;Amunicja;Ostra;2,50;5.56x45mm;szt.;1,0000;Straż Graniczna
19.10.2025 14:15:00;Do RP;przejście;Nadbużański;PSG w Hrebennem;Hrebenne - Rawa Ruska;Ukraina;Inne;Inne;60,50;cygaretki marka ;szt.;55,0000;Straż Graniczna
19.10.2025 08:20:00;Do RP;przejście;Bieszczadzki;PSG w Korczowej;Korczowa - Krakowiec;Ukraina;Broń;Inna;30,00;kastet;szt.;1,0000;Straż Graniczna
19.10.2025 15:05:00;wewnątrz kraju;strefa;Podlaski;PSG w Kuźnicy;;Białoruś;Papierosy;Papierosy;17573,80;NZ;szt.;20000,0000;Straż Graniczna
19.10.2025 15:05:00;wewnątrz kraju;strefa;Podlaski;PSG w Kuźnicy;;Białoruś;Papierosy;Papierosy;8786,90;Mińsk;szt.;10000,0000;Straż Graniczna
19.10.2025 15:05:00;wewnątrz kraju;strefa;Podlaski;PSG w Kuźnicy;;Białoruś;Papierosy;Papierosy;527,21;Marlboro;szt.;600,0000;Straż Graniczna
19.10.2025 15:05:00;wewnątrz kraju;strefa;Podlaski;PSG w Kuźnicy;;Białoruś;Papierosy;Papierosy;70,30;Fest;szt.;80,0000;Straż Graniczna
19.10.2025 15:05:00;wewnątrz kraju;strefa;Podlaski;PSG w Kuźnicy;;Białoruś;Papierosy;Papierosy;175,74;Marlboro;szt.;200,0000;Straż Graniczna
18.10.2025 21:40:00;wewnątrz kraju;kraj;Podlaski;PSG w Bobrownikach;;wewnątrz kraju;Alkohol;Inne;424,00;ciecz o barwie jasnopomarańczowej ;litr;10,0000;Straż Graniczna
20.10.2025 04:00:00;Do RP;przejście;Nadbużański;PSG w Terespolu;Kukuryki - Kozłowiczy;Białoruś;Papierosy;Papierosy;843,54;;szt.;960,0000;Straż Graniczna
20.10.2025 01:00:00;Do RP;przejście;Nadodrzański;PSG w Świecku;Słubice – Frankfurt nad Odrą;Niemcy;Pojazdy;Ciężarowy;80000,00;Mercedes bus;szt.;1,0000;Straż Graniczna
19.10.2025 07:15:00;Z RP;przejście;Bieszczadzki;PSG w Rzeszowie–Jasionce;Rzeszów-Jasionka;lotnicza;Amunicja;Ostra;3,00;LC 24 5.56x45mm;szt.;1,0000;Straż Graniczna
20.10.2025 07:28:00;wewnątrz kraju;strefa;Podlaski;PSG w Kuźnicy;;Białoruś;Papierosy;Papierosy;26360,70;MIŃSK;szt.;30000,0000;Straż Graniczna
20.10.2025 06:10:00;wewnątrz kraju;kraj;Nadodrzański;PSG w Kłodzku;;wewnątrz kraju;Narkotyki;Inne;5200,00;metamfetamina;kg;0,0650;Straż Graniczna
20.10.2025 06:10:00;wewnątrz kraju;kraj;Nadodrzański;PSG w Kłodzku;;wewnątrz kraju;Waluta;Złoty - PLN;7700,00;;szt.;7700,0000;Straż Graniczna
20.10.2025 06:10:00;wewnątrz kraju;kraj;Nadodrzański;PSG w Kłodzku;;wewnątrz kraju;Waluta;Euro - EUR;1823,20;;szt.;430,0000;Straż Graniczna
20.10.2025 12:15:00;Z RP;przejście;Bieszczadzki;PSG w Medyce;Medyka - Szeginie;Ukraina;Pojazdy;Osobowy;75000,00;Renault ;szt.;1,0000;Straż Graniczna
20.10.2025 12:00:00;wewnątrz kraju;kraj;Morski;PSG w Ustce;;wewnątrz kraju;Narkotyki;Marihuana;105,00;;kg;0,0021;Straż Graniczna
20.10.2025 07:54:00;wewnątrz kraju;strefa;Nadbużański;PSG w Sławatyczach;;Białoruś;Papierosy;Papierosy;8786,90;QUEEN;szt.;10000,0000;Straż Graniczna
20.10.2025 22:37:00;Z RP;przejście;Bieszczadzki;PSG w Medyce;Medyka - Szeginie;Ukraina;Pojazdy;Osobowy;42000,00;KIA Sportage 3;szt.;1,0000;Straż Graniczna
21.10.2025 01:00:00;Do RP;przejście;Nadbużański;PSG w Hrebennem;Hrebenne - Rawa Ruska;Ukraina;Inne;Inne;321,90;Saszetki nikotynowe;szt.;15,0000;Straż Graniczna
21.10.2025 01:30:00;Z RP;przejście;Nadbużański;PSG w Hrebennem;Hrebenne - Rawa Ruska;Ukraina;Pojazdy;Inny;60000,00;Urządzenie budowlane (mixokret) Putzmeister M740 ;szt.;1,0000;Straż Graniczna
21.10.2025 00:25:00;wewnątrz kraju;strefa;Nadbużański;PSG w Sławatyczach;;Białoruś;Papierosy;Papierosy;8786,90;QUEEN MENTOL;szt.;10000,0000;Straż Graniczna
21.10.2025 07:43:00;wewnątrz kraju;strefa;Nadbużański;PSG w Kodniu;;Białoruś;Papierosy;Papierosy;8786,90;;szt.;10000,0000;Straż Graniczna
15.10.2025 08:30:00;wewnątrz kraju;strefa;Nadbużański;PSG w Terespolu;;Białoruś;Papierosy;Papierosy;8716,60;przy użyciu balonu meteorologicznego;szt.;9920,0000;Straż Graniczna
21.10.2025 00:50:00;wewnątrz kraju;kraj;Nadodrzański;PSG w Kłodzku;;wewnątrz kraju;Tytoń;susz tytoniowy;98058,85;16 worków foliowych;kg;116,4000;Straż Graniczna
21.10.2025 00:50:00;wewnątrz kraju;kraj;Nadodrzański;PSG w Kłodzku;;wewnątrz kraju;Tytoń;susz tytoniowy;219621,50;worki z zawartością suszu tytoniowego;kg;260,7000;Straż Graniczna
21.10.2025 00:50:00;wewnątrz kraju;kraj;Nadodrzański;PSG w Kłodzku;;wewnątrz kraju;Tytoń;krajanka tytoniowa;46329,52;krajanka tytoniowa;kg;69,3400;Straż Graniczna
21.10.2025 00:50:00;wewnątrz kraju;kraj;Nadodrzański;PSG w Kłodzku;;wewnątrz kraju;Inne;Inne;9000,00;krajalnica;szt.;1,0000;Straż Graniczna
21.10.2025 00:50:00;wewnątrz kraju;kraj;Nadodrzański;PSG w Kłodzku;;wewnątrz kraju;Inne;Inne;800,00;waga;szt.;1,0000;Straż Graniczna
21.10.2025 09:30:00;Z RP;przejście;Nadwiślański;PSG w Warszawie-Okęciu;;lotnicza;Narkotyki;Marihuana;438,00;;kg;0,0110;Straż Graniczna
21.10.2025 07:00:00;wewnątrz kraju;kraj;Nadbużański;PSG w Terespolu;;wewnątrz kraju;Pojazdy;Osobowy;35000,00;TOYOTA Yaris nr rej. WPI4198G;szt.;1,0000;Policja | SG
21.10.2025 07:00:00;wewnątrz kraju;kraj;Nadbużański;PSG w Terespolu;;wewnątrz kraju;Pojazdy;Osobowy;100000,00;Lexus UX250H nr rej. WPI 2086N;szt.;1,0000;Policja | SG
21.10.2025 10:30:00;wewnątrz kraju;strefa;Nadbużański;PSG w Białej Podlaskiej;;Białoruś;Papierosy;Papierosy;26290,40;Przy użyciu balonu meteorologicznego;szt.;29920,0000;Straż Graniczna
21.10.2025 13:50:00;Z RP;przejście;Nadbużański;PSG w Hrebennem;Hrebenne - Rawa Ruska;Ukraina;Narkotyki;Marihuana;22,00;narkotyki w postaci suszu roślinnego o wadze 0,44  grama netto o szacunkowej wartości 22 zł. ;kg;0,0004;Straż Graniczna
21.10.2025 10:30:00;wewnątrz kraju;kraj;Nadodrzański;PSG w Kaliszu;;wewnątrz kraju;Papierosy;Papierosy;4041,97;;szt.;4600,0000;Straż Graniczna
21.10.2025 10:30:00;wewnątrz kraju;kraj;Nadodrzański;PSG w Kaliszu;;wewnątrz kraju;Tytoń;Tytoń do palenia;5345,20;;kg;8,0000;Straż Graniczna
21.10.2025 10:30:00;wewnątrz kraju;kraj;Nadodrzański;PSG w Kaliszu;;wewnątrz kraju;Tytoń;Tytoń do palenia;23051,18;;kg;34,5000;Straż Graniczna
21.10.2025 10:30:00;wewnątrz kraju;kraj;Nadodrzański;PSG w Kaliszu;;wewnątrz kraju;Papierosy;Papierosy;35481,50;;szt.;40380,0000;Straż Graniczna
21.10.2025 10:30:00;wewnątrz kraju;kraj;Nadodrzański;PSG w Kaliszu;;wewnątrz kraju;Alkohol;Spirytus;1458,00;;litr;16,2000;Straż Graniczna
21.10.2025 02:55:00;Do RP;strefa;Podlaski;PSG w Michałowie;;Białoruś;Papierosy;Papierosy;26360,70;;szt.;30000,0000;Straż Graniczna
21.10.2025 09:13:00;wewnątrz kraju;strefa;Bieszczadzki;PSG w Medyce;;Ukraina;Papierosy;Papierosy;70,30;Paramount;szt.;80,0000;Straż Graniczna
21.10.2025 09:13:00;wewnątrz kraju;strefa;Bieszczadzki;PSG w Medyce;;Ukraina;Alkohol;Wódka;105,00;Pervak, Absolute Standard;litr;2,5000;Straż Graniczna
21.10.2025 09:05:00;Do RP;strefa;Podlaski;PSG w Michałowie;;Białoruś;Papierosy;Papierosy;26360,70;;szt.;30000,0000;Straż Graniczna
21.10.2025 15:45:00;wewnątrz kraju;kraj;Nadbużański;PSG w Lublinie;;wewnątrz kraju;Papierosy;Papierosy;395586,24;;szt.;450200,0000;Policja | SG
21.10.2025 14:30:00;wewnątrz kraju;kraj;Nadodrzański;PSG w Poznaniu-Ławicy;;wewnątrz kraju;Narkotyki;Inne;421,20;Alfa-pirolidynopentionenon, alfa PVP;kg;0,0032;Straż Graniczna
21.10.2025 17:20:00;wewnątrz kraju;kraj;Nadbużański;PSG w Lublinie;;wewnątrz kraju;Papierosy;Papierosy;54478,78;;szt.;62000,0000;Straż Graniczna
21.10.2025 22:50:00;wewnątrz kraju;strefa;Podlaski;PSG w Dubiczach Cerkiewnych;;Białoruś;Papierosy;Papierosy;26360,70;;szt.;30000,0000;Straż Graniczna
21.10.2025 06:20:00;wewnątrz kraju;strefa;Podlaski;PSG w Bobrownikach;;Białoruś;Papierosy;Papierosy;26360,70;;szt.;30000,0000;Straż Graniczna
22.10.2025 06:35:00;Do RP;przejście;Nadbużański;PSG w Terespolu;Kukuryki - Kozłowiczy;Białoruś;Papierosy;Papierosy;843,54;;szt.;960,0000;Straż Graniczna
22.10.2025 11:08:00;Do RP;przejście;Nadbużański;PSG w Dorohusku;Dorohusk - Jagodzin;Ukraina;Papierosy;Papierosy;52,72;WNIOSEK NR 277;szt.;60,0000;Straż Graniczna
22.10.2025 11:27:00;Do RP;przejście;Nadbużański;PSG w Dorohusku;Dorohusk - Jagodzin;Ukraina;Papierosy;Papierosy;35,15;WNIOSEK NR 278;szt.;40,0000;Straż Graniczna
22.10.2025 09:55:00;wewnątrz kraju;kraj;Morski;PSG w Szczecinie;;wewnątrz kraju;Pojazdy;Osobowy;90000,00;;szt.;1,0000;Straż Graniczna
22.10.2025 10:20:00;wewnątrz kraju;strefa;Bieszczadzki;PSG w Hermanowicach;;Ukraina;Papierosy;Papierosy;60102,40;;szt.;68400,0000;Straż Graniczna
22.10.2025 10:20:00;wewnątrz kraju;strefa;Bieszczadzki;PSG w Hermanowicach;;Ukraina;Narkotyki;Inne;63550,62;klefedron4-cmc;kg;1,0087;Straż Graniczna
22.10.2025 10:20:00;wewnątrz kraju;strefa;Bieszczadzki;PSG w Hermanowicach;;Ukraina;Inne;Inne;3740,00;tabletkami w ilości 711 szuk (tabletki Sildenafil) ;szt.;711,0000;Straż Graniczna
22.10.2025 15:30:00;wewnątrz kraju;strefa;Bieszczadzki;Bieszczadzki;;Ukraina;Pojazdy;Inny;60000,00;przyczepa kempingowa marki Swift Sprite;szt.;1,0000;inny | SG
22.10.2025 15:30:00;wewnątrz kraju;strefa;Bieszczadzki;Bieszczadzki;;Ukraina;Pojazdy;Inny;100000,00;przyczepa kempingowa marki Lunar Alaria;szt.;1,0000;inny | SG
22.10.2025 17:15:00;Z RP;przejście;Nadbużański;PSG w Hrebennem;Hrebenne - Rawa Ruska;Ukraina;Pojazdy;Osobowy;15000,00;BMW X5;szt.;1,0000;Straż Graniczna
22.10.2025 12:00:00;wewnątrz kraju;kraj;Śląski;PSG w Rudzie Śląskiej;;wewnątrz kraju;Narkotyki;Haszysz;3637,50;;kg;0,0728;Straż Graniczna
22.10.2025 12:00:00;wewnątrz kraju;kraj;Śląski;PSG w Rudzie Śląskiej;;wewnątrz kraju;Narkotyki;Amfetamina;141,20;;kg;0,0035;Straż Graniczna
22.10.2025 07:05:00;wewnątrz kraju;kraj;Śląski;PSG w Sosnowcu;;wewnątrz kraju;Tytoń;Tytoń do palenia;994,88;tytoniu do palenia w trzech woreczkach o zapięciu strunowym, o łącznej wadze 1489,27g;kg;1,4890;Straż Graniczna
22.10.2025 07:05:00;wewnątrz kraju;kraj;Śląski;PSG w Sosnowcu;;wewnątrz kraju;Papierosy;Papierosy;29699,72;;szt.;33800,0000;Straż Graniczna
22.10.2025 07:05:00;wewnątrz kraju;kraj;Śląski;PSG w Sosnowcu;;wewnątrz kraju;Papierosy;Papierosy;4006,83;;szt.;4560,0000;Straż Graniczna
23.10.2025 11:00:00;Do RP;przejście;Nadbużański;PSG w Hrubieszowie;Zosin - Ustiług;Ukraina;Inne;Inne;36,00;produkty pochodzenia roslinnego;kg;1,8000;SC | SG
23.10.2025 16:00:00;Do RP;przejście;Nadbużański;PSG w Terespolu;Kukuryki - Kozłowiczy;Białoruś;Papierosy;Papierosy;14059,04;;szt.;16000,0000;KAS | SG
23.10.2025 14:48:00;Do RP;przejście;Warmińsko-Mazurski;PSG w Grzechotkach;;Rosja;Papierosy;Papierosy;45,69;marka ASHFORD;szt.;52,0000;Straż Graniczna
23.10.2025 07:00:00;wewnątrz kraju;kraj;Nadbużański;PSG w Terespolu;;wewnątrz kraju;Pojazdy;Osobowy;80000,00;HYUNDAI TUSCON 2019r. ;szt.;1,0000;Policja | SG
23.10.2025 21:35:00;Do RP;przejście;Bieszczadzki;PSG w Lubaczowie;Budomierz - Hruszew;Ukraina;Broń;Inna;350,00;Pistolet 1JSPL01 numer seryjny R21353;szt.;1,0000;KAS | SG
23.10.2025 21:35:00;Do RP;przejście;Bieszczadzki;PSG w Lubaczowie;Budomierz - Hruszew;Ukraina;Amunicja;Inna;3,00;amunicja hukowa;szt.;5,0000;KAS | SG
23.10.2025 23:00:00;Do RP;przejście;Nadbużański;PSG w Terespolu;Kukuryki - Kozłowiczy;Białoruś;Papierosy;Papierosy;3514,76;NZ;szt.;4000,0000;Straż Graniczna
24.10.2025 03:57:00;Do RP;przejście;Nadbużański;PSG w Dorohusku;Dorohusk - Jagodzin;Ukraina;Papierosy;Papierosy;72,93;;szt.;83,0000;Straż Graniczna
24.10.2025 08:41:00;wewnątrz kraju;strefa;Podlaski;PSG w Nowym Dworze;;Białoruś;Papierosy;Papierosy;8786,90;500 paczek papierosów z napisaem ''Minsk'';szt.;10000,0000;Straż Graniczna
24.10.2025 13:05:00;Z RP;przejście;Nadwiślański;PSG w Warszawie-Okęciu;Warszawa-Okęcie;lotnicza;Amunicja;Ostra;;"O oznaczeniu na kryzie łuski ""270 02""";szt.;11,0000;Straż Graniczna
24.10.2025 10:45:00;wewnątrz kraju;strefa;Podlaski;PSG w Krynkach;;Białoruś;Papierosy;Papierosy;8786,90;NZ Gold;szt.;10000,0000;Straż Graniczna
24.10.2025 17:10:00;Do RP;przejście;Nadodrzański;PSG w Świecku;Słubice – Frankfurt nad Odrą;Niemcy;Pojazdy;Osobowy;85000,00;;szt.;1,0000;Policja | ŻW
25.10.2025 07:30:00;Do RP;przejście;Nadbużański;PSG w Terespolu;Kukuryki - Kozłowiczy;Białoruś;Papierosy;Papierosy;175,74;;szt.;200,0000;Straż Graniczna
25.10.2025 10:15:00;Z RP;strefa;Śląski;PSG w Katowicach-Pyrzowicach;;lotnicza;Amunicja;Ostra;10,00;koloru żółtego z zieloną końcówką;szt.;1,0000;Straż Graniczna
25.10.2025 14:30:00;Do RP;przejście;Bieszczadzki;PSG w Korczowej;Korczowa - Krakowiec;Ukraina;Amunicja;Ostra;2,50;;szt.;1,0000;Straż Graniczna
25.10.2025 14:35:00;Do RP;przejście;Bieszczadzki;PSG w Korczowej;Korczowa - Krakowiec;Ukraina;Amunicja;Ostra;2,50;;szt.;1,0000;Straż Graniczna
25.10.2025 14:40:00;Do RP;przejście;Bieszczadzki;PSG w Korczowej;Korczowa - Krakowiec;Ukraina;Amunicja;Ostra;2,50;;szt.;1,0000;Straż Graniczna
25.10.2025 14:45:00;Do RP;przejście;Bieszczadzki;PSG w Korczowej;Korczowa - Krakowiec;Ukraina;Amunicja;Ostra;20,00;;szt.;8,0000;Straż Graniczna
25.10.2025 13:40:00;Z RP;przejście;Bieszczadzki;PSG w Rzeszowie–Jasionce;Rzeszów-Jasionka;lotnicza;Amunicja;Ostra;2,00;amunicja ostra kal 5,56 NATO;szt.;1,0000;Straż Graniczna
25.10.2025 14:30:00;Z RP;przejście;Bieszczadzki;PSG w Rzeszowie–Jasionce;Rzeszów-Jasionka;lotnicza;Amunicja;Ostra;1,50;amunicja ostra kal. 9x19;szt.;1,0000;Straż Graniczna
25.10.2025 16:50:00;Do RP;przejście;Nadbużański;PSG w Hrebennem;Hrebenne - Rawa Ruska;Ukraina;Amunicja;Ostra;5,00;1  sztukę amunicji z kaliber   7.62.54 R;szt.;1,0000;Straż Graniczna
25.10.2025 16:35:00;Z RP;przejście;Nadbużański;PSG w Terespolu;Kukuryki - Kozłowiczy;Białoruś;Pojazdy;Naczepa;120000,00;SCHMITZ, nr rej. TR518, VIN: WSM00000005167447 rok produkcji 2016;szt.;1,0000;Straż Graniczna
25.10.2025 17:08:00;Z RP;przejście;Bieszczadzki;PSG w Korczowej;Korczowa - Krakowiec;Ukraina;Inne;Inne;100,00;2x tablica rejestracyjna włoska;szt.;2,0000;Straż Graniczna
25.10.2025 08:00:00;Do RP;przejście;Nadbużański;PSG w Hrebennem;Hrebenne - Rawa Ruska;Ukraina;Tytoń;Tytoń do palenia;21,65;Wyroby nowatorskie;kg;0,0324;KAS | SG
26.10.2025 06:15:00;Do RP;przejście;Bieszczadzki;PSG w Krościenku;Krościenko - Smolnica;Ukraina;Broń;Inna;;Hukowo-Startowa;szt.;1,0000;Straż Graniczna
26.10.2025 06:15:00;Do RP;przejście;Bieszczadzki;PSG w Krościenku;Krościenko - Smolnica;Ukraina;Amunicja;Inna;150,00;Hukowa;szt.;50,0000;Straż Graniczna
26.10.2025 09:15:00;Z RP;przejście;Karpacki;PSG w Krakowie-Balicach;;lotnicza;Amunicja;Ostra;1,90;;szt.;1,0000;Straż Graniczna
26.10.2025 11:45:00;Do RP;przejście;Bieszczadzki;PSG w Korczowej;Korczowa - Krakowiec;Ukraina;Amunicja;Ostra;40,00;kal 9x18mm;szt.;16,0000;Straż Graniczna
26.10.2025 13:00:00;Do RP;przejście;Nadbużański;PSG w Hrubieszowie;Zosin - Ustiług;Ukraina;Broń;Inna;60,00;imitacja kija bejsbolowego.Wniosek do OCRP D130/2025;szt.;1,0000;Straż Graniczna
26.10.2025 13:30:00;Do RP;przejście;Bieszczadzki;PSG w Korczowej;Korczowa - Krakowiec;Ukraina;Amunicja;Ostra;2,50;7,62 x 54R18mm;szt.;1,0000;Straż Graniczna
26.10.2025 13:15:00;Z RP;przejście;Bieszczadzki;PSG w Rzeszowie–Jasionce;Rzeszów-Jasionka;lotnicza;Amunicja;Ostra;2,00;amunicja ostra kal. 5,56x45 mm. z oznaczeniem na dnie łuski G.F.L. 21;szt.;1,0000;Straż Graniczna
26.10.2025 16:15:00;Z RP;przejście;Nadodrzański;PSG w Poznaniu-Ławicy;Poznań-Ławica;lotnicza;Broń;Inna;48,70;kastet;szt.;1,0000;Straż Graniczna
26.10.2025 13:30:00;wewnątrz kraju;strefa;Podlaski;PSG w Krynkach;;Białoruś;Papierosy;Papierosy;8786,90;NZ GOLD;szt.;10000,0000;Straż Graniczna
26.10.2025 15:25:00;Do RP;przejście;Nadbużański;PSG w Terespolu;Terespol - Brześć;Białoruś;Papierosy;Papierosy;2108,86;;szt.;2400,0000;KAS | SG
20.10.2025 09:30:00;wewnątrz kraju;kraj;Nadbużański;PSG w Hrubieszowie;;wewnątrz kraju;Pojazdy;Motocykl;39000,00;Suzuki GSX-S1000 nr rej. E3PASJA rok produkcji 2021;szt.;1,0000;Policja | SG
27.10.2025 16:15:00;Do RP;przejście;Bieszczadzki;PSG w Korczowej;Korczowa - Krakowiec;Ukraina;Amunicja;Ostra;2,50;Amunicja kaliber 7,62 x 39mm;szt.;1,0000;Straż Graniczna
27.10.2025 14:00:00;Do RP;przejście;Nadbużański;PSG w Dołhobyczowie;Dołhobyczów - Uhrynów;Ukraina;Papierosy;Papierosy;140,59;8 paczek (160 szt. papierosów);szt.;160,0000;Straż Graniczna
28.10.2025 09:00:00;wewnątrz kraju;kraj;Nadodrzański;PSG w Kaliszu;;wewnątrz kraju;Papierosy;Papierosy;14199,63;;szt.;16160,0000;Straż Graniczna
26.10.2025 20:05:00;wewnątrz kraju;kraj;Nadbużański;PSG w Terespolu;;wewnątrz kraju;Pojazdy;Osobowy;25000,00;Hyundai i20;szt.;1,0000;Policja | Policja | SG
26.10.2025 20:05:00;wewnątrz kraju;kraj;Nadbużański;PSG w Terespolu;;wewnątrz kraju;Pojazdy;Osobowy;35000,00;Mercedes VITO;szt.;1,0000;Policja | Policja | SG
26.10.2025 20:05:00;wewnątrz kraju;kraj;Nadbużański;PSG w Terespolu;;wewnątrz kraju;Pojazdy;Inny;20000,00;Przyczepa dwuosiowa typu Laweta;szt.;1,0000;Policja | Policja | SG
26.10.2025 20:05:00;wewnątrz kraju;kraj;Nadbużański;PSG w Terespolu;;wewnątrz kraju;Pojazdy;Osobowy;40000,00;Volkswagen Touareg;szt.;1,0000;Policja | Policja | SG
26.10.2025 20:05:00;wewnątrz kraju;kraj;Nadbużański;PSG w Terespolu;;wewnątrz kraju;Pojazdy;Osobowy;10000,00;Audi A4;szt.;1,0000;Policja | Policja | SG
26.10.2025 20:05:00;wewnątrz kraju;kraj;Nadbużański;PSG w Terespolu;;wewnątrz kraju;Pojazdy;Osobowy;15000,00;Renault Master;szt.;1,0000;Policja | Policja | SG
26.10.2025 20:05:00;wewnątrz kraju;kraj;Nadbużański;PSG w Terespolu;;wewnątrz kraju;Narkotyki;Inne;55,20;Mefedron;kg;0,0009;Policja | Policja | SG
26.10.2025 20:05:00;wewnątrz kraju;kraj;Nadbużański;PSG w Terespolu;;wewnątrz kraju;Narkotyki;Inne;80,00;Metaamfetamina;kg;0,0010;Policja | Policja | SG
26.10.2025 20:05:00;wewnątrz kraju;kraj;Nadbużański;PSG w Terespolu;;wewnątrz kraju;Inne;Podzespoły samochodowe;6000,00;podzespoły samochowe - bateria hybrydowa ;szt.;1,0000;Policja | Policja | SG
26.10.2025 20:05:00;wewnątrz kraju;kraj;Nadbużański;PSG w Terespolu;;wewnątrz kraju;Inne;Podzespoły samochodowe;500,00;podzespoły samochodowe - moduł podzespołów SOS;szt.;1,0000;Policja | Policja | SG
26.10.2025 20:05:00;wewnątrz kraju;kraj;Nadbużański;PSG w Terespolu;;wewnątrz kraju;Pojazdy;Osobowy;250000,00;BMW ;szt.;1,0000;Policja | Policja | SG
26.10.2025 20:05:00;wewnątrz kraju;kraj;Nadbużański;PSG w Terespolu;;wewnątrz kraju;Pojazdy;Osobowy;450000,00;SEAT CUPRA;szt.;1,0000;Policja | Policja | SG
26.10.2025 20:05:00;wewnątrz kraju;kraj;Nadbużański;PSG w Terespolu;;wewnątrz kraju;Pojazdy;Osobowy;300000,00;SKODA KODIAQ;szt.;1,0000;Policja | Policja | SG
26.10.2025 20:05:00;wewnątrz kraju;kraj;Nadbużański;PSG w Terespolu;;wewnątrz kraju;Pojazdy;Osobowy;180000,00;TOYOTA COROLLA;szt.;1,0000;Policja | Policja | SG
26.10.2025 20:05:00;wewnątrz kraju;kraj;Nadbużański;PSG w Terespolu;;wewnątrz kraju;Pojazdy;Osobowy;540000,00;AUDI;szt.;2,0000;Policja | Policja | SG
26.10.2025 20:05:00;wewnątrz kraju;kraj;Nadbużański;PSG w Terespolu;;wewnątrz kraju;Pojazdy;Osobowy;150000,00;BMW ;szt.;1,0000;Policja | Policja | SG
26.10.2025 20:05:00;wewnątrz kraju;kraj;Nadbużański;PSG w Terespolu;;wewnątrz kraju;Pojazdy;Osobowy;150000,00;VW PASSAT;szt.;1,0000;Policja | Policja | SG
26.10.2025 20:05:00;wewnątrz kraju;kraj;Nadbużański;PSG w Terespolu;;wewnątrz kraju;Pojazdy;Osobowy;250000,00;VW TOUAREG;szt.;1,0000;Policja | Policja | SG
26.10.2025 20:05:00;wewnątrz kraju;kraj;Nadbużański;PSG w Terespolu;;wewnątrz kraju;Pojazdy;Osobowy;120000,00;VOLVO XC 60;szt.;1,0000;Policja | Policja | SG
28.10.2025 06:00:00;wewnątrz kraju;strefa;Nadbużański;PSG w Dorohusku;;Ukraina;Narkotyki;Amfetamina;;;kg;0,4264;Policja | SG
28.10.2025 06:00:00;wewnątrz kraju;strefa;Nadbużański;PSG w Dorohusku;;Ukraina;Narkotyki;Inne;;MEFEDRON;kg;0,0320;Policja | SG
28.10.2025 06:00:00;wewnątrz kraju;strefa;Nadbużański;PSG w Dorohusku;;Ukraina;Narkotyki;Marihuana;;;kg;0,0282;Policja | SG
28.10.2025 06:00:00;wewnątrz kraju;kraj;Morski;PSG w Ustce;;wewnątrz kraju;Narkotyki;Marihuana;455,00;;kg;0,0091;Straż Graniczna
28.10.2025 14:10:00;Z RP;przejście;Śląski;PSG w Katowicach-Pyrzowicach;Katowice-Pyrzowice;lotnicza;Broń;Inna;70,00;Przedmiot przypominający pałkę teleskopową;szt.;1,0000;Straż Graniczna
28.10.2025 16:00:00;wewnątrz kraju;strefa;Nadodrzański;PSG w Jeleniej Górze;;Niemcy;Narkotyki;Marihuana;199360,00;susz;kg;4,9840;Straż Graniczna
28.10.2025 16:00:00;wewnątrz kraju;strefa;Nadodrzański;PSG w Jeleniej Górze;;Niemcy;Narkotyki;Inne;1727,91;tabletki psychoaktywne;tabletka;657,0000;Straż Graniczna
28.10.2025 18:10:00;Z RP;przejście;Nadodrzański;PSG w Poznaniu-Ławicy;Poznań-Ławica;lotnicza;Amunicja;Ostra;5,00;7,62x39 mm z napisem 84/04;szt.;1,0000;Straż Graniczna
28.10.2025 21:30:00;Z RP;przejście;Bieszczadzki;PSG w Korczowej;Korczowa - Krakowiec;Ukraina;Inne;Podzespoły samochodowe;43800,00;Części do pojazdu marki Audi Q8 ;szt.;15,0000;Straż Graniczna
29.10.2025 11:36:00;Z RP;przejście;Nadwiślański;PSG w Warszawie-Okęciu;Warszawa-Okęcie;lotnicza;Amunicja;Ostra;;"O oznaczeniu na kryzie łuski ""17 82""";szt.;1,0000;Straż Graniczna
29.10.2025 11:30:00;Z RP;przejście;Nadodrzański;PSG w Poznaniu-Ławicy;Poznań-Ławica;lotnicza;Amunicja;Ostra;11,00;46203;szt.;1,0000;Straż Graniczna
29.10.2025 08:25:00;wewnątrz kraju;kraj;Bieszczadzki;PSG w Rzeszowie–Jasionce;;wewnątrz kraju;Papierosy;Papierosy;369049,80;;szt.;420000,0000;Straż Graniczna
29.10.2025 08:30:00;wewnątrz kraju;kraj;Morski;PSG w Ustce;;wewnątrz kraju;Narkotyki;Amfetamina;4314,25;;kg;0,1726;Policja | KAS | SG | Policja
29.10.2025 08:30:00;wewnątrz kraju;kraj;Morski;PSG w Ustce;;wewnątrz kraju;Narkotyki;Marihuana;784,00;;kg;0,0157;Policja | KAS | SG | Policja
29.10.2025 18:20:00;Do RP;przejście;Podlaski;PSG w Sejnach;Ogrodniki – Lazdijaj;Litwa;Papierosy;Papierosy;16941,14;;szt.;19280,0000;Straż Graniczna
29.10.2025 18:20:00;Do RP;przejście;Podlaski;PSG w Sejnach;Ogrodniki – Lazdijaj;Litwa;Papierosy;Papierosy;28645,29;840 paczek marki NZ Gold, 500 paczek marki NZ Black, 40 paczek Mińsk Capital, 250 paczek marki Mińsk Super Slim;szt.;32600,0000;Straż Graniczna
29.10.2025 21:00:00;Do RP;przejście;Nadbużański;PSG w Terespolu;Kukuryki - Kozłowiczy;Białoruś;Papierosy;Papierosy;175,74;;szt.;200,0000;KAS | SG
30.10.2025 00:20:00;Z RP;przejście;Bieszczadzki;PSG w Medyce;Medyka - Szeginie;Ukraina;Pojazdy;Osobowy;5000,00;VOLKSWAGEN Bora;szt.;1,0000;Straż Graniczna
08.10.2025 08:30:00;Z RP;przejście;Nadbużański;PSG w Dołhobyczowie;Dołhobyczów - Uhrynów;Ukraina;Inne;Inne;;produkty pochodzenia roślinnego;kg;28,7000;SC
08.10.2025 08:30:00;Z RP;przejście;Nadbużański;PSG w Dołhobyczowie;Dołhobyczów - Uhrynów;Ukraina;Inne;Inne;46,50;produkty pochodzenia zwierzęcego;kg;3,1000;SC
30.10.2025 11:30:00;wewnątrz kraju;strefa;Nadbużański;PSG w Hrebennem;;Ukraina;Pojazdy;Osobowy;70000,00;pojazd marki Toyota C-HR o nr rej. LTM55094 nr VIN: NMTKZ3BX00R120970;szt.;1,0000;Policja | SG
30.10.2025 10:30:00;wewnątrz kraju;kraj;Warmińsko-Mazurski;PSG w Bezledach;;wewnątrz kraju;Pojazdy;Osobowy;150000,00;Toyota Corolla;szt.;1,0000;Policja | Policja | SG
30.10.2025 02:30:00;wewnątrz kraju;strefa;Bieszczadzki;PSG w Krościenku;;Ukraina;Narkotyki;Marihuana;300,30;;kg;0,0154;Straż Graniczna
30.10.2025 02:30:00;wewnątrz kraju;strefa;Bieszczadzki;PSG w Krościenku;;Ukraina;Narkotyki;Inne;398,34;Mefedron;kg;0,0039;Straż Graniczna
30.10.2025 14:30:00;wewnątrz kraju;kraj;Warmińsko-Mazurski;PSG w Bezledach;;wewnątrz kraju;Pojazdy;Osobowy;300000,00;Lexus NX350H;szt.;1,0000;Policja | Policja | SG
30.10.2025 19:12:00;wewnątrz kraju;kraj;Bieszczadzki;Bieszczadzki;;wewnątrz kraju;Inne;Podzespoły samochodowe;60000,00;silniki, skrzynie biegów, ukiłady napędowe;szt.;8,0000;Policja | Policja | SG | SG | SG | SG | SG
30.10.2025 19:12:00;wewnątrz kraju;kraj;Bieszczadzki;Bieszczadzki;;wewnątrz kraju;Pojazdy;Inny;85000,00;Koparka Takeuchi;szt.;1,0000;Policja | Policja | SG | SG | SG | SG | SG
30.10.2025 20:28:00;wewnątrz kraju;kraj;Bieszczadzki;Bieszczadzki;;wewnątrz kraju;Pojazdy;Inny;50000,00;maszyna budowlana;szt.;1,0000;Policja | SG
30.10.2025 23:05:00;Do RP;przejście;Bieszczadzki;PSG w Korczowej;Korczowa - Krakowiec;Ukraina;Broń;Inna;100,00;KASTET;szt.;1,0000;Straż Graniczna
30.10.2025 23:30:00;Do RP;przejście;Nadbużański;PSG w Terespolu;Kukuryki - Kozłowiczy;Białoruś;Papierosy;Papierosy;7029,52;;szt.;8000,0000;Straż Graniczna
30.10.2025 23:30:00;Do RP;przejście;Nadbużański;PSG w Terespolu;Kukuryki - Kozłowiczy;Białoruś;Inne;Inne;1600,00;ŚRODKI OCHRONY ROŚLIN 4 SZT. PO 5 L ;litr;20,0000;Straż Graniczna
30.10.2025 23:30:00;Z RP;przejście;Nadwiślański;PSG w Warszawie-Okęciu;Warszawa-Okęcie;lotnicza;Amunicja;Ostra;;o oznaczeniu na kryzie łuski „MKE 9P 25”;szt.;3,0000;Straż Graniczna
31.10.2025 08:20:00;wewnątrz kraju;strefa;Bieszczadzki;PSG w Krościenku;;Ukraina;Papierosy;Papierosy;386,62;;szt.;440,0000;Straż Graniczna
31.10.2025 09:50:00;Do RP;przejście;Bieszczadzki;PSG w Medyce;;Ukraina;Tytoń;Tytoń do palenia (wkłady);12,48;marki TEREA;kg;0,0031;Straż Graniczna
31.10.2025 13:50:00;Do RP;przejście;Nadbużański;PSG w Terespolu;Kukuryki - Kozłowiczy;Białoruś;Papierosy;Papierosy;1230,17;;szt.;1400,0000;Straż Graniczna
31.10.2025 13:50:00;Do RP;przejście;Nadbużański;PSG w Terespolu;Kukuryki - Kozłowiczy;Białoruś;Alkohol;Wódka;40,00;;litr;1,0000;Straż Graniczna
18.10.2025 18:00:00;Do RP;przejście;Nadbużański;PSG w Terespolu;Kukuryki - Kozłowiczy;Białoruś;Papierosy;Papierosy;685,38;;szt.;780,0000;Straż Graniczna
02.10.2025 19:00:00;Do RP;przejście;Nadbużański;PSG w Terespolu;Terespol - Brześć;Białoruś;Inne;Inne;38,00;produkty pochodzenia zwierzęcego;kg;3,8000;KAS | SG
02.10.2025 19:00:00;Do RP;przejście;Nadbużański;PSG w Terespolu;Terespol - Brześć;Białoruś;Papierosy;Papierosy;2108,86;;szt.;2400,0000;KAS | SG
31.10.2025 09:40:00;Do RP;przejście;Bieszczadzki;PSG w Krościenku;Krościenko - Smolnica;Ukraina;Papierosy;Papierosy;158,16;;szt.;180,0000;Straż Graniczna
31.10.2025 18:18:00;Z RP;strefa;Śląski;PSG w Katowicach-Pyrzowicach;Katowice-Pyrzowice;lotnicza;Broń;Inna;80,00;Kastet;szt.;1,0000;Straż Graniczna
31.10.2025 19:30:00;Do RP;przejście;Nadbużański;PSG w Dołhobyczowie;Dołhobyczów - Uhrynów;Ukraina;Inne;Inne;;metalowy długopis który w części górnej wykonany był z dolnej części łuski z oznaczeniem producenta S&B, kalibru 7,62x39 wraz ze spłonką;szt.;1,0000;Straż Graniczna
31.10.2025 23:50:00;wewnątrz kraju;kraj;Nadbużański;PSG w Hrubieszowie;;wewnątrz kraju;Pojazdy;Osobowy;60000,00;Samochod osobowy Ford Kuga biały;szt.;1,0000;Policja | Policja | SG
31.10.2025 23:50:00;wewnątrz kraju;kraj;Nadbużański;PSG w Hrubieszowie;;wewnątrz kraju;Pojazdy;Osobowy;76000,00;Samochód osobowy Ford Kuga szary ;szt.;1,0000;Policja | Policja | SG
01.11.2025 01:45:00;Do RP;przejście;Nadbużański;PSG w Terespolu;Terespol - Brześć;Białoruś;Papierosy;Papierosy;140,59;Wniosek SG do KAS nr 209 z dnia 01.11.2025;szt.;160,0000;Straż Graniczna
01.11.2025 12:30:00;Do RP;przejście;Bieszczadzki;PSG w Korczowej;Korczowa - Krakowiec;Ukraina;Amunicja;Ostra;2,50;kal. 5.56x45mm;szt.;1,0000;Straż Graniczna
01.11.2025 14:00:00;Do RP;przejście;Bieszczadzki;PSG w Korczowej;Korczowa - Krakowiec;Ukraina;Amunicja;Ostra;5,00;kal 5.56x45mm;szt.;2,0000;Straż Graniczna
01.11.2025 15:20:00;Do RP;przejście;Bieszczadzki;PSG w Korczowej;Korczowa - Krakowiec;Ukraina;Amunicja;Ostra;2,50;kal 5.56x45mm;szt.;1,0000;Straż Graniczna
01.11.2025 12:00:00;Do RP;przejście;Nadbużański;PSG w Dołhobyczowie;Dołhobyczów - Uhrynów;Ukraina;Papierosy;Papierosy;123,02;7 paczek po 20 szt. w paczce papierosów (łącznie 140 szt. papierosów);szt.;140,0000;Straż Graniczna
01.11.2025 12:00:00;Do RP;przejście;Nadbużański;PSG w Dołhobyczowie;Dołhobyczów - Uhrynów;Ukraina;Inne;Inne;37,50;Produkty pochodzenia zwierzęcego;kg;2,5000;Straż Graniczna
01.11.2025 12:00:00;Do RP;przejście;Nadbużański;PSG w Dołhobyczowie;Dołhobyczów - Uhrynów;Ukraina;Inne;Inne;581,40;olej napędowy;litr;114,0000;Straż Graniczna
01.11.2025 15:40:00;Do RP;przejście;Bieszczadzki;PSG w Korczowej;Korczowa - Krakowiec;Ukraina;Amunicja;Ostra;2,50;kal 5.56x45mm;szt.;1,0000;Straż Graniczna
01.11.2025 16:15:00;Do RP;przejście;Bieszczadzki;PSG w Korczowej;Korczowa - Krakowiec;Ukraina;Amunicja;Ostra;7,50;kal 5.56x45mm;szt.;3,0000;Straż Graniczna
01.11.2025 17:40:00;Do RP;przejście;Nadbużański;PSG w Hrebennem;Hrebenne - Rawa Ruska;Ukraina;Płyn do e-papierosów;Płyn do e-papierosów;46,80;;litr;0,0360;Straż Graniczna
01.11.2025 15:50:00;Do RP;przejście;Nadbużański;PSG w Lublinie;Świdnik k/Lublina;lotnicza;Inne;Inne;13,00;Parówki;kg;0,6500;SC | SG
01.11.2025 15:50:00;Do RP;przejście;Nadbużański;PSG w Lublinie;Świdnik k/Lublina;lotnicza;Inne;Inne;10,85;mandarynki;kg;1,5500;SC | SG
01.11.2025 19:10:00;Do RP;przejście;Nadbużański;PSG w Hrebennem;Hrebenne - Rawa Ruska;Ukraina;Papierosy;Papierosy;35,15;;szt.;40,0000;Straż Graniczna
01.11.2025 19:10:00;Do RP;przejście;Nadbużański;PSG w Hrebennem;Hrebenne - Rawa Ruska;Ukraina;Płyn do e-papierosów;Płyn do e-papierosów;234,00;;litr;0,1800;Straż Graniczna
01.11.2025 23:00:00;wewnątrz kraju;kraj;Nadbużański;PSG w Dorohusku;;wewnątrz kraju;Pojazdy;Naczepa;100000,00;;szt.;1,0000;Policja | inny | SG
02.11.2025 08:10:00;Z RP;przejście;Bieszczadzki;PSG w Rzeszowie–Jasionce;Rzeszów-Jasionka;lotnicza;Amunicja;Ostra;12,00;"7 szt. z oznaczeniem „IVI 20”, 1 szt. z oznaczeniem  „IVI 11""";szt.;8,0000;Straż Graniczna
02.11.2025 14:20:00;Do RP;przejście;Bieszczadzki;PSG w Korczowej;Korczowa - Krakowiec;Ukraina;Amunicja;Ostra;2,50;1 szt. naboju o kalibrze 5.45x39mm (amunicja ostra);szt.;1,0000;Straż Graniczna
02.11.2025 14:20:00;Do RP;przejście;Bieszczadzki;PSG w Korczowej;Korczowa - Krakowiec;Ukraina;Amunicja;Ostra;2,50;1 szt. naboju o kalibrze 7.62x 39 mm (amunicja ostra),;szt.;1,0000;Straż Graniczna
02.11.2025 13:53:00;Do RP;przejście;Nadbużański;PSG w Hrubieszowie;Zosin - Ustiług;Ukraina;Broń;Inna;60,00;IMITACJA KIJA BEJSBOLOWEGO;szt.;1,0000;Straż Graniczna
02.11.2025 14:15:00;wewnątrz kraju;kraj;Karpacki;Karpacki;;wewnątrz kraju;Narkotyki;Kokaina;182356,00;;kg;0,4559;Straż Graniczna
02.11.2025 14:15:00;wewnątrz kraju;kraj;Karpacki;Karpacki;;wewnątrz kraju;Narkotyki;Inne;564371,50;Efedryna;kg;10,5490;Straż Graniczna
02.11.2025 21:35:00;wewnątrz kraju;strefa;Podlaski;PSG w Lipsku;;Białoruś;Papierosy;Papierosy;8786,90;;szt.;10000,0000;Straż Graniczna
03.11.2025 07:15:00;wewnątrz kraju;strefa;Bieszczadzki;PSG w Hermanowicach;;Ukraina;Papierosy;Papierosy;3268,73;Papierosy różnych marek ;szt.;3720,0000;Straż Graniczna
31.10.2025 20:05:00;wewnątrz kraju;kraj;Bieszczadzki;Bieszczadzki;;wewnątrz kraju;Pojazdy;Ciężarowy;45000,00;DAF;szt.;1,0000;Policja | Policja | KAS | SG
31.10.2025 20:05:00;wewnątrz kraju;kraj;Bieszczadzki;Bieszczadzki;;wewnątrz kraju;Pojazdy;Naczepa;40000,00;LECITRAILER;szt.;1,0000;Policja | Policja | KAS | SG
31.10.2025 20:05:00;wewnątrz kraju;kraj;Bieszczadzki;Bieszczadzki;;wewnątrz kraju;Inne;Podzespoły samochodowe;60000,00;;szt.;200,0000;Policja | Policja | KAS | SG
25.10.2025 22:20:00;Do RP;przejście;Nadbużański;PSG w Dorohusku;Dorohusk - Jagodzin;Ukraina;Tytoń;Tytoń do palenia (wkłady);;ARBOZ PEARL, TWILIGHT PEARL, OASIS PEARL;kg;0,0424;Straż Graniczna
31.10.2025 16:39:00;Do RP;przejście;Nadbużański;PSG w Dorohusku;Dorohusk - Jagodzin;Ukraina;Papierosy;Papierosy;52,72;WINSTON;szt.;60,0000;Straż Graniczna
17.10.2025 10:00:00;Do RP;przejście;Bieszczadzki;PSG w Krościenku;Krościenko - Smolnica;Ukraina;Inne;Inne;192,00;towary odzwierzęce;kg;4,8000;Straż Graniczna
17.10.2025 10:00:00;Do RP;przejście;Bieszczadzki;PSG w Krościenku;Krościenko - Smolnica;Ukraina;Inne;Inne;192,00;towary odzwierzęce;kg;4,8000;Straż Graniczna
03.11.2025 14:24:00;wewnątrz kraju;kraj;Podlaski;PSG w Augustowie;;wewnątrz kraju;Papierosy;Papierosy;24603,32;papierosy róznych marek bez polskich znaków akcyzy;szt.;28000,0000;Policja | SG
03.11.2025 14:24:00;wewnątrz kraju;kraj;Podlaski;PSG w Augustowie;;wewnątrz kraju;Tytoń;krajanka tytoniowa;14981,66;;kg;17,0500;Policja | SG
20.10.2025 04:01:00;Do RP;przejście;Nadbużański;PSG w Dorohusku;Dorohusk - Jagodzin;Ukraina;Tytoń;Tytoń;55,00;;kg;0,5000;KAS | SG
03.11.2025 18:01:00;Z RP;przejście;Bieszczadzki;PSG w Lubaczowie;Budomierz - Hruszew;Ukraina;Pojazdy;Osobowy;30000,00;Ford Focus 2014r.;szt.;1,0000;Straż Graniczna
03.11.2025 14:05:00;wewnątrz kraju;kraj;Nadodrzański;PSG we Wrocławiu-Strachowicach;;wewnątrz kraju;Papierosy;Papierosy;18874,26;;szt.;21480,0000;Straż Graniczna
03.11.2025 14:05:00;wewnątrz kraju;kraj;Nadodrzański;PSG we Wrocławiu-Strachowicach;;wewnątrz kraju;Papierosy;Papierosy;5816,93;;szt.;6620,0000;Straż Graniczna
03.11.2025 06:00:00;wewnątrz kraju;kraj;Śląski;PSG w Katowicach-Pyrzowicach;;wewnątrz kraju;Narkotyki;Marihuana;13155,00;;kg;0,2631;Policja | SG
03.11.2025 06:00:00;wewnątrz kraju;kraj;Śląski;PSG w Katowicach-Pyrzowicach;;wewnątrz kraju;Narkotyki;Amfetamina;2971,50;;kg;0,0849;Policja | SG
04.11.2025 11:00:00;wewnątrz kraju;kraj;Nadbużański;PSG w Dorohusku;;wewnątrz kraju;Pojazdy;Naczepa;160000,00;SCHMITZ;szt.;1,0000;Policja | SG | KAS
05.11.2025 08:00:00;wewnątrz kraju;strefa;Nadbużański;PSG w Sławatyczach;;Białoruś;Papierosy;Papierosy;26360,70;balon metorologiczny;szt.;30000,0000;Straż Graniczna
04.11.2025 06:00:00;wewnątrz kraju;kraj;Bieszczadzki;PSG w Krościenku;;wewnątrz kraju;Inne;Inne;;substanje psychoaktywne;kg;1,2000;Straż Graniczna
05.11.2025 06:01:00;wewnątrz kraju;kraj;Warmińsko-Mazurski;PSG w Bezledach;;wewnątrz kraju;Narkotyki;Marihuana;4039,20;;kg;0,0898;Straż Graniczna
05.11.2025 06:01:00;wewnątrz kraju;kraj;Warmińsko-Mazurski;PSG w Bezledach;;wewnątrz kraju;Tytoń;susz tytoniowy;24019,87;;kg;27,3360;Straż Graniczna
05.11.2025 14:50:00;Do RP;przejście;Nadodrzański;PSG w Świecku;Świecko – Frankfurt;Niemcy;Pojazdy;Osobowy;70000,00;;szt.;1,0000;Straż Graniczna
05.11.2025 11:25:00;wewnątrz kraju;strefa;Podlaski;PSG w Bobrownikach;;Białoruś;Papierosy;Papierosy;7029,52;;szt.;8000,0000;Straż Graniczna
05.11.2025 17:00:00;wewnątrz kraju;kraj;Bieszczadzki;Bieszczadzki;;wewnątrz kraju;Pojazdy;Osobowy;130000,00;Peugeot 208;szt.;1,0000;Policja | Policja | SG
05.11.2025 15:00:00;wewnątrz kraju;kraj;Warmińsko-Mazurski;PSG w Bezledach;;wewnątrz kraju;Pojazdy;Osobowy;120000,00;;szt.;1,0000;Policja | Policja | SG
05.11.2025 18:30:00;Do RP;przejście;Nadbużański;PSG w Terespolu;Terespol - Brześć;Białoruś;Papierosy;Papierosy;421771,20;24 0000 paczek papierosów bez oznaczeń polskimi znakami akcyzy o wartości 421 771,2zł;szt.;480000,0000;KAS | SG | SG | SG
05.11.2025 16:35:00;wewnątrz kraju;kraj;Warmińsko-Mazurski;PSG w Węgorzewie;;wewnątrz kraju;Papierosy;Papierosy;808394,80;Marlboro bez znaków akcyzy;szt.;920000,0000;Straż Graniczna
05.11.2025 16:35:00;wewnątrz kraju;kraj;Warmińsko-Mazurski;PSG w Węgorzewie;;wewnątrz kraju;Papierosy;Papierosy;1774,95;Marlboro bez znaków akcyzy;szt.;2020,0000;Straż Graniczna
04.11.2025 15:42:00;wewnątrz kraju;kraj;Bieszczadzki;Bieszczadzki;;wewnątrz kraju;Papierosy;Papierosy;11197480,57;;szt.;12743380,0000;Straż Graniczna
04.11.2025 15:42:00;wewnątrz kraju;kraj;Bieszczadzki;Bieszczadzki;;wewnątrz kraju;Tytoń;krajanka tytoniowa;16830030,35;;kg;25189,0000;Straż Graniczna
29.10.2025 09:00:00;wewnątrz kraju;kraj;Nadbużański;PSG w Hrubieszowie;;wewnątrz kraju;Inne;Podzespoły samochodowe;263000,00;;szt.;1,0000;Policja | SG | SG | SG
05.11.2025 20:00:00;wewnątrz kraju;strefa;Bieszczadzki;PSG w Medyce;;Ukraina;Inne;Podzespoły samochodowe;400000,00;Części z pojazdów osobowych;szt.;44,0000;Straż Graniczna
06.11.2025 07:00:00;Do RP;przejście;Nadbużański;PSG w Terespolu;Terespol - Brześć;Białoruś;Papierosy;Papierosy;35,15;Camel;szt.;40,0000;KAS | SG
06.11.2025 07:00:00;Do RP;przejście;Nadbużański;PSG w Terespolu;Terespol - Brześć;Białoruś;Alkohol;Wódka;40,00;;litr;1,0000;KAS | SG
06.11.2025 07:00:00;Do RP;przejście;Nadbużański;PSG w Terespolu;Terespol - Brześć;Białoruś;Papierosy;Papierosy;369,05;NZ;szt.;420,0000;KAS | SG
06.11.2025 07:00:00;Do RP;przejście;Nadbużański;PSG w Terespolu;Terespol - Brześć;Białoruś;Papierosy;Papierosy;105,44;ALEX;szt.;120,0000;KAS | SG
06.11.2025 13:55:00;wewnątrz kraju;kraj;Nadbużański;PSG w Lublinie;;wewnątrz kraju;Papierosy;Papierosy;177143,90;;szt.;201600,0000;SC
06.11.2025 15:45:00;Z RP;przejście;Nadodrzański;PSG w Poznaniu-Ławicy;;lotnicza;Broń;Inna;50,00;Pałka teleskopowa;szt.;1,0000;Straż Graniczna
06.11.2025 19:00:00;wewnątrz kraju;kraj;Nadodrzański;PSG w Zgorzelcu;;wewnątrz kraju;Papierosy;Papierosy;1230166,00;Rothmans;szt.;1400000,0000;Straż Graniczna
06.11.2025 19:00:00;wewnątrz kraju;kraj;Nadodrzański;PSG w Zgorzelcu;;wewnątrz kraju;Papierosy;Papierosy;1230,17;Malboro;szt.;1400,0000;Straż Graniczna
06.11.2025 19:00:00;wewnątrz kraju;kraj;Nadodrzański;PSG w Zgorzelcu;;wewnątrz kraju;Papierosy;Papierosy;158,16;Camel;szt.;180,0000;Straż Graniczna
06.11.2025 19:00:00;wewnątrz kraju;kraj;Nadodrzański;PSG w Zgorzelcu;;wewnątrz kraju;Papierosy;Papierosy;158,16;Prince;szt.;180,0000;Straż Graniczna
06.11.2025 19:00:00;wewnątrz kraju;kraj;Nadodrzański;PSG w Zgorzelcu;;wewnątrz kraju;Papierosy;Papierosy;70,30;Richmond;szt.;80,0000;Straż Graniczna
06.11.2025 19:00:00;wewnątrz kraju;kraj;Nadodrzański;PSG w Zgorzelcu;;wewnątrz kraju;Papierosy;Papierosy;3514,76;LM ;szt.;4000,0000;Straż Graniczna
06.11.2025 19:00:00;wewnątrz kraju;kraj;Nadodrzański;PSG w Zgorzelcu;;wewnątrz kraju;Papierosy;Papierosy;193,31;Camel ;szt.;220,0000;Straż Graniczna
07.11.2025 04:00:00;wewnątrz kraju;kraj;Bieszczadzki;PSG w Krościenku;;wewnątrz kraju;Papierosy;Papierosy;18452,49;;szt.;21000,0000;Straż Graniczna
29.10.2025 11:00:00;Do RP;przejście;Nadbużański;PSG w Terespolu;Terespol - Brześć;Białoruś;Papierosy;Papierosy;281,18;;szt.;320,0000;Straż Graniczna
07.11.2025 14:45:00;Do RP;przejście;Bieszczadzki;PSG w Korczowej;Korczowa - Krakowiec;Ukraina;Amunicja;Ostra;2,50;1 szt. kaliber 5,56 x 45 mm;szt.;1,0000;Straż Graniczna
07.11.2025 12:10:00;wewnątrz kraju;strefa;Warmińsko-Mazurski;PSG w Gołdapi;;Rosja;Papierosy;Papierosy;11704,15;;szt.;13320,0000;Straż Graniczna
07.11.2025 19:30:00;Do RP;przejście;Nadbużański;PSG w Hrebennem;Hrebenne - Rawa Ruska;Ukraina;Papierosy;Papierosy;105,44;;szt.;120,0000;Straż Graniczna
07.11.2025 19:45:00;Do RP;przejście;Nadodrzański;PSG w Świecku;Świecko – Frankfurt;Niemcy;Narkotyki;Marihuana;101,20;;kg;0,0025;Straż Graniczna
07.11.2025 21:45:00;wewnątrz kraju;strefa;Nadbużański;PSG w Białej Podlaskiej;;Białoruś;Papierosy;Papierosy;26360,70;Przy użyciu balonu meteorologicznego;szt.;30000,0000;Straż Graniczna
08.11.2025 15:10:00;Z RP;przejście;Nadbużański;PSG w Hrebennem;Hrebenne - Rawa Ruska;Ukraina;Pojazdy;Osobowy;30000,00;VOLKSWAGEN, model: TRANSPORTER, nr rej. 78BTRV, nr. VIN WV2ZZZ7HZ5H091557, rok produkcji 2005, kolor SREBRNY;szt.;1,0000;Straż Graniczna
08.11.2025 17:22:00;Z RP;strefa;Nadwiślański;PSG w Warszawie-Okęciu;Warszawa-Okęcie;lotnicza;Amunicja;Ostra;;"o oznaczeniu na kryzie łuski ""MFS 9 mm LUGER""";szt.;5,0000;Straż Graniczna
09.11.2025 08:34:00;Do RP;przejście;Nadodrzański;PSG w Zielonej Górze-Babimoście;Gubinek – Guben;Niemcy;Pojazdy;Osobowy;40000,00;Pojazd zabezpieczyli f-sze Policji;szt.;1,0000;Policja
09.11.2025 11:14:00;Z RP;przejście;Bieszczadzki;PSG w Lubaczowie;Budomierz - Hruszew;Ukraina;Pojazdy;Osobowy;142000,00;HYUNDAI IONIQ6;szt.;1,0000;Straż Graniczna
09.11.2025 21:50:00;Do RP;przejście;Bieszczadzki;PSG w Korczowej;Korczowa - Krakowiec;Ukraina;Amunicja;Ostra;2,50;1 szt. nabój 7.62 x39 mm (amunicja ostra);szt.;1,0000;Straż Graniczna
10.11.2025 02:00:00;wewnątrz kraju;strefa;Podlaski;PSG w Kuźnicy;;Białoruś;Papierosy;Papierosy;26360,70;;szt.;30000,0000;Straż Graniczna
10.11.2025 09:25:00;wewnątrz kraju;strefa;Podlaski;PSG w Nowym Dworze;;Białoruś;Papierosy;Papierosy;26360,70;NZ ;szt.;30000,0000;Straż Graniczna
10.11.2025 08:40:00;Z RP;przejście;Nadbużański;PSG w Terespolu;Kukuryki - Kozłowiczy;Białoruś;Pojazdy;Naczepa;50000,00;naczepa SCHMITZ;szt.;1,0000;Straż Graniczna
10.11.2025 09:35:00;Do RP;przejście;Nadbużański;PSG w Hrebennem;Hrebenne - Rawa Ruska;Ukraina;Narkotyki;Marihuana;55,00;dwa  skręty  z zawartością suszu roślinnego o wadze 1.10 grama netto o szacunkowej wartości 55 zł;kg;0,0011;Straż Graniczna
10.11.2025 07:00:00;wewnątrz kraju;strefa;Podlaski;PSG w Kuźnicy;;Białoruś;Papierosy;Papierosy;52721,40;;szt.;60000,0000;Straż Graniczna
10.11.2025 10:45:00;Z RP;przejście;Bieszczadzki;PSG w Lubaczowie;Budomierz - Hruszew;Ukraina;Inne;Inne;40,00;Tablice rejestracyjne;szt.;2,0000;Straż Graniczna
10.11.2025 11:30:00;Z RP;przejście;Bieszczadzki;PSG w Korczowej;Korczowa - Krakowiec;Ukraina;Pojazdy;Osobowy;130000,00;MERCEDES-BENZ SPRINTER po ustalonym nr VIN WDB9066331S977188 figuruje w bazie SIS-R jako skradziony na terytorium Francji ;szt.;1,0000;Straż Graniczna
10.11.2025 13:30:00;Do RP;strefa;Śląski;PSG w Katowicach-Pyrzowicach;;lotnicza;Narkotyki;Haszysz;60,60;haszysz;kg;0,0010;Straż Graniczna
10.11.2025 09:30:00;Do RP;przejście;Bieszczadzki;PSG w Medyce;Przemyśl - Mościska;Ukraina;Papierosy;Papierosy;175,74;200 sztuk Sobrawe;szt.;200,0000;SC | SG
10.11.2025 09:30:00;Do RP;przejście;Bieszczadzki;PSG w Medyce;Przemyśl - Mościska;Ukraina;Tytoń;Tytoń do palenia (wkłady);1051,20;"Wyroby nowatorskie ""TERA""";kg;0,1460;SC | SG
09.11.2025 20:50:00;wewnątrz kraju;strefa;Podlaski;PSG w Sejnach;;Litwa;Papierosy;Papierosy;17573,80;;szt.;20000,0000;Straż Graniczna
10.11.2025 09:20:00;wewnątrz kraju;strefa;Podlaski;PSG w Sejnach;;Litwa;Papierosy;Papierosy;351,48;;szt.;400,0000;Straż Graniczna
10.11.2025 20:30:00;Do RP;przejście;Nadbużański;PSG w Terespolu;Terespol - Brześć;Białoruś;Papierosy;Papierosy;351,48;;szt.;400,0000;Straż Graniczna
10.11.2025 21:25:00;wewnątrz kraju;strefa;Podlaski;PSG w Białowieży;;Białoruś;Papierosy;Papierosy;26360,70;;szt.;30000,0000;Straż Graniczna
11.11.2025 05:50:00;Do RP;przejście;Nadbużański;PSG w Terespolu;Terespol - Brześć;Białoruś;Papierosy;Papierosy;351,48;;szt.;400,0000;Straż Graniczna
10.11.2025 19:43:00;Do RP;przejście;Nadbużański;PSG w Terespolu;Terespol - Brześć;Białoruś;Płyn do e-papierosów;Płyn do e-papierosów;78,00;;litr;0,0600;KAS | SG
11.11.2025 12:28:00;wewnątrz kraju;strefa;Podlaski;PSG w Nowym Dworze;;Białoruś;Papierosy;Papierosy;26360,70;Queen Menthol;szt.;30000,0000;Straż Graniczna
11.11.2025 13:10:00;Do RP;przejście;Nadbużański;PSG w Dołhobyczowie;Dołhobyczów - Uhrynów;Ukraina;Tytoń;Tytoń do palenia;46,04;4 opakowania (21,2 g) wyrobów nowatorskich marki HEETS i 9 opakowań (47,7 g)  wyrobów nowatorskich marki TEREA bez polskich znaków skarbowych akcyzy o łącznej wadze 68,9 g ;kg;0,0689;Straż Graniczna
12.11.2025 04:30:00;Z RP;przejście;Nadodrzański;PSG w Poznaniu-Ławicy;Poznań-Ławica;lotnicza;Amunicja;Ostra;8,00;;szt.;1,0000;Straż Graniczna
12.11.2025 10:05:00;Do RP;przejście;Bieszczadzki;PSG w Medyce;Medyka - Szeginie;Ukraina;Papierosy;Papierosy;158,16;rothmans;szt.;180,0000;Straż Graniczna
12.11.2025 13:09:00;wewnątrz kraju;kraj;Bieszczadzki;Bieszczadzki;;wewnątrz kraju;Pojazdy;Osobowy;80000,00;Peugeot 208 rok produkcji 2024;szt.;1,0000;Policja | Policja | SG
12.11.2025 14:15:00;Z RP;przejście;Nadwiślański;PSG w Warszawie-Okęciu;Warszawa-Okęcie;lotnicza;Amunicja;Ostra;;LI5A2 RG08;szt.;1,0000;Straż Graniczna
12.11.2025 16:20:00;Do RP;przejście;Nadbużański;PSG w Hrebennem;Hrebenne - Rawa Ruska;Ukraina;Amunicja;Ostra;4,00;1 sztuka amunicji kaliber 5,56;szt.;1,0000;Straż Graniczna
12.11.2025 14:30:00;wewnątrz kraju;strefa;Podlaski;PSG w Bobrownikach;;Białoruś;Papierosy;Papierosy;23548,89;;szt.;26800,0000;Straż Graniczna
12.11.2025 13:00:00;wewnątrz kraju;strefa;Podlaski;PSG w Sejnach;;Litwa;Papierosy;Papierosy;17573,80;NZ Gold, Mińsk Super Slim;szt.;20000,0000;Straż Graniczna
12.11.2025 06:05:00;wewnątrz kraju;kraj;Śląski;Śląski;;wewnątrz kraju;Narkotyki;Kokaina;10870,20;;kg;0,0329;Policja | SG
12.11.2025 06:05:00;wewnątrz kraju;kraj;Śląski;Śląski;;wewnątrz kraju;Papierosy;Papierosy;5272,14;;szt.;6000,0000;Policja | SG
12.11.2025 21:32:00;Do RP;przejście;Morski;PSG w Świnoujściu;Świnoujście;morska;Inne;Inne;90000,00;silniki zaburtowe;szt.;3,0000;Straż Graniczna
12.11.2025 21:32:00;Do RP;przejście;Morski;PSG w Świnoujściu;Świnoujście;morska;Inne;Inne;10000,00;piły mechaniczne łańcuchowe;szt.;2,0000;Straż Graniczna
13.11.2025 11:00:00;wewnątrz kraju;kraj;Nadodrzański;PSG w Kłodzku;;wewnątrz kraju;Narkotyki;Marihuana;225,00;;kg;0,0050;Policja | SG
13.11.2025 11:00:00;wewnątrz kraju;kraj;Nadodrzański;PSG w Kłodzku;;wewnątrz kraju;Narkotyki;Grzyby halucynogenne;;;kg;0,0150;Policja | SG
13.11.2025 11:00:00;wewnątrz kraju;kraj;Nadodrzański;PSG w Kłodzku;;wewnątrz kraju;Waluta;Złoty - PLN;5750,00;;szt.;5750,0000;Policja | SG
13.11.2025 11:00:00;wewnątrz kraju;kraj;Nadodrzański;PSG w Kłodzku;;wewnątrz kraju;Narkotyki;Marihuana;90,00;;kg;0,0020;Policja | SG
13.11.2025 11:00:00;wewnątrz kraju;kraj;Nadodrzański;PSG w Kłodzku;;wewnątrz kraju;Waluta;Złoty - PLN;5000,00;;szt.;5000,0000;Policja | SG
13.11.2025 13:10:00;Do RP;przejście;Bieszczadzki;PSG w Korczowej;Korczowa - Krakowiec;Ukraina;Amunicja;Ostra;2,50;7.62x39 mm (amunicja ostra);szt.;1,0000;Straż Graniczna
13.11.2025 12:15:00;Do RP;przejście;Bieszczadzki;PSG w Korczowej;Korczowa - Krakowiec;Ukraina;Amunicja;Ostra;2,50;7.62x39 mm (amunicja ostra);szt.;1,0000;Straż Graniczna
13.11.2025 12:20:00;Do RP;przejście;Bieszczadzki;PSG w Korczowej;Korczowa - Krakowiec;Ukraina;Amunicja;Ostra;50,00;7.62x39 mm (amunicja ostra);szt.;20,0000;Straż Graniczna
13.11.2025 15:16:00;Z RP;przejście;Bieszczadzki;PSG w Krościenku;Krościenko - Smolnica;Ukraina;Inne;Podzespoły samochodowe;15000,00;Silnik BMW X5;szt.;1,0000;Straż Graniczna
13.11.2025 16:30:00;wewnątrz kraju;kraj;Nadbużański;PSG w Sławatyczach;;wewnątrz kraju;Papierosy;Papierosy;54478,78;;szt.;62000,0000;Straż Graniczna
13.11.2025 13:35:00;wewnątrz kraju;kraj;Śląski;PSG w Katowicach-Pyrzowicach;;wewnątrz kraju;Narkotyki;Marihuana;495,00;;kg;0,0099;Straż Graniczna
14.11.2025 08:30:00;wewnątrz kraju;kraj;Nadodrzański;PSG w Zgorzelcu;;wewnątrz kraju;Papierosy;Papierosy;245154,51;różne marki;szt.;279000,0000;Straż Graniczna
14.11.2025 13:00:00;Z RP;przejście;Nadbużański;PSG w Terespolu;Terespol - Brześć;Białoruś;Pojazdy;Osobowy;280000,00;FIAT DUCATO, nr rej. NOO 827, nr. VIN: ZFA25000002T59808 , kolor biały, rok produkcji 2021;szt.;1,0000;Straż Graniczna
06.11.2025 13:45:00;wewnątrz kraju;kraj;Morski;PSG w Ustce;;wewnątrz kraju;Narkotyki;Inne;119622,00;Ketamina;kg;0,9969;Policja | SG
06.11.2025 13:45:00;wewnątrz kraju;kraj;Morski;PSG w Ustce;;wewnątrz kraju;Narkotyki;Inne;471002,40;klefedron;kg;7,8500;Policja | SG
06.11.2025 13:45:00;wewnątrz kraju;kraj;Morski;PSG w Ustce;;wewnątrz kraju;Narkotyki;Inne;324297,60;klofedron;kg;4,0537;Policja | SG
06.11.2025 13:45:00;wewnątrz kraju;kraj;Morski;PSG w Ustce;;wewnątrz kraju;Narkotyki;Marihuana;33376,00;;kg;0,6675;Policja | SG
06.11.2025 13:45:00;wewnątrz kraju;kraj;Morski;PSG w Ustce;;wewnątrz kraju;Narkotyki;Amfetamina;209,25;;kg;0,0084;Policja | SG
06.11.2025 13:45:00;wewnątrz kraju;kraj;Morski;PSG w Ustce;;wewnątrz kraju;Narkotyki;Kokaina;3114,00;;kg;0,0104;Policja | SG
14.11.2025 11:00:00;wewnątrz kraju;kraj;Morski;PSG w Świnoujściu;;wewnątrz kraju;Inne;Inne;80000,00;Silnik zaburtowy;szt.;1,0000;Straż Graniczna
15.11.2025 10:10:00;Z RP;przejście;Bieszczadzki;PSG w Lubaczowie;Budomierz - Hruszew;Ukraina;Pojazdy;Osobowy;69000,00;VW e-Golf;szt.;1,0000;Straż Graniczna
16.11.2025 13:20:00;Do RP;przejście;Bieszczadzki;PSG w Korczowej;Korczowa - Krakowiec;Ukraina;Amunicja;Ostra;2,50;1 sztukę amunicji kaliber 7,62 x 39mm;szt.;1,0000;Straż Graniczna
16.11.2025 13:20:00;Do RP;przejście;Bieszczadzki;PSG w Korczowej;Korczowa - Krakowiec;Ukraina;Amunicja;Ostra;2,50;1 sztukę amunicji kaliber 5,56 x 39mm;szt.;1,0000;Straż Graniczna
16.11.2025 20:25:00;Do RP;przejście;Bieszczadzki;PSG w Medyce;Medyka - Szeginie;Ukraina;Papierosy;Papierosy;35,15;PARAMOUNT GOLD ;szt.;40,0000;Straż Graniczna
16.11.2025 21:30:00;Z RP;przejście;Nadbużański;PSG w Hrebennem;Hrebenne - Rawa Ruska;Ukraina;Pojazdy;Osobowy;40000,00;MITSUBISHI OUTLANDER GX 4H PHEV AUTO;szt.;1,0000;Straż Graniczna
17.11.2025 00:10:00;Do RP;przejście;Bieszczadzki;PSG w Medyce;Medyka - Szeginie;Ukraina;Tytoń;Tytoń do palenia;146,00;;kg;0,1000;Straż Graniczna
17.11.2025 00:10:00;Do RP;przejście;Bieszczadzki;PSG w Medyce;Medyka - Szeginie;Ukraina;Papierosy;Papierosy;35,15;CHAMPION;szt.;40,0000;Straż Graniczna
17.11.2025 00:10:00;Do RP;przejście;Bieszczadzki;PSG w Medyce;Medyka - Szeginie;Ukraina;Papierosy;Papierosy;17,57;URTA;szt.;20,0000;Straż Graniczna
17.11.2025 00:10:00;Do RP;przejście;Bieszczadzki;PSG w Medyce;Medyka - Szeginie;Ukraina;Papierosy;Papierosy;22,85;WINSTON;szt.;26,0000;Straż Graniczna
17.11.2025 00:10:00;Do RP;przejście;Bieszczadzki;PSG w Medyce;Medyka - Szeginie;Ukraina;Papierosy;Papierosy;15,82;CAMEL;szt.;18,0000;Straż Graniczna
17.11.2025 03:10:00;Do RP;przejście;Bieszczadzki;PSG w Korczowej;Korczowa - Krakowiec;Ukraina;Amunicja;Ostra;2,50;amunicji kaliber 5,56 x 39mm;szt.;1,0000;Straż Graniczna
17.11.2025 03:15:00;Do RP;przejście;Bieszczadzki;PSG w Korczowej;Korczowa - Krakowiec;Ukraina;Amunicja;Ostra;2,50;amunicji kaliber 5,56 x 39mm;szt.;1,0000;Straż Graniczna
17.11.2025 02:00:00;Do RP;przejście;Nadbużański;PSG w Terespolu;Terespol - Brześć;Białoruś;Inne;RTV;1800,00;routery bezprzewodowe;szt.;3,0000;Straż Graniczna
17.11.2025 12:00:00;Do RP;przejście;Nadbużański;PSG w Dołhobyczowie;Dołhobyczów - Uhrynów;Ukraina;Amunicja;Ostra;4,00;;szt.;1,0000;Straż Graniczna
17.11.2025 14:00:00;Do RP;przejście;Nadbużański;PSG w Terespolu;Terespol - Brześć;Białoruś;Inne;Inne;7653,53;Produkty farmaceutyczne;szt.;523,0000;Straż Graniczna
17.11.2025 14:00:00;Do RP;przejście;Nadbużański;PSG w Terespolu;Terespol - Brześć;Białoruś;Inne;Inne;4050,00;Odzież;szt.;27,0000;Straż Graniczna
17.11.2025 14:00:00;Do RP;przejście;Nadbużański;PSG w Terespolu;Terespol - Brześć;Białoruś;Inne;Inne;4730,00;Artykuły elektroniczne;szt.;43,0000;Straż Graniczna
18.11.2025 05:15:00;Do RP;przejście;Nadbużański;PSG w Hrebennem;Hrebenne - Rawa Ruska;Ukraina;Papierosy;Papierosy;84,35;ujawniono 96szt. papierosów, uszczuplenia celne 143,00 zł.;szt.;96,0000;SC | SG
18.11.2025 05:15:00;Do RP;przejście;Nadbużański;PSG w Hrebennem;Hrebenne - Rawa Ruska;Ukraina;Tytoń;Tytoń do palenia;32,47;wyroby nowatorskie;kg;0,0486;SC | SG
18.11.2025 10:31:00;Z RP;przejście;Nadodrzański;PSG w Poznaniu-Ławicy;Poznań-Ławica;lotnicza;Broń;Inna;100,00;pałka teleskopowa;szt.;1,0000;Straż Graniczna
18.11.2025 11:30:00;wewnątrz kraju;strefa;Śląski;PSG w Bielsku-Białej;;Czechy;Narkotyki;Inne;12093,00;Pseudoefedryna;kg;0,4170;Straż Graniczna
18.11.2025 20:30:00;Do RP;przejście;Nadbużański;PSG w Dorohusku;Dorohusk - Jagodzin;Ukraina;Papierosy;Papierosy;70,30;4 PACZKI PAPIEROSÓW;szt.;80,0000;KAS | SG
18.11.2025 12:00:00;wewnątrz kraju;kraj;Bieszczadzki;PSG w Lubaczowie;;wewnątrz kraju;Tytoń;krajanka tytoniowa;777629,20;;kg;1160,0000;SC | SG
18.11.2025 12:00:00;wewnątrz kraju;kraj;Bieszczadzki;PSG w Lubaczowie;;wewnątrz kraju;Tytoń;susz tytoniowy;165581,39;;kg;247,0000;SC | SG
19.11.2025 06:40:00;wewnątrz kraju;strefa;Bieszczadzki;PSG w Korczowej;;Ukraina;Alkohol;Inne;700,00;Spirytus;litr;10,0000;SC | SG
19.11.2025 06:40:00;wewnątrz kraju;strefa;Bieszczadzki;PSG w Korczowej;;Ukraina;Papierosy;Papierosy;16536,95;Różne marki papiersów;szt.;18820,0000;SC | SG
19.11.2025 10:32:00;Z RP;przejście;Bieszczadzki;PSG w Rzeszowie–Jasionce;Rzeszów-Jasionka;lotnicza;Amunicja;Ostra;2,00;łuski z niewidocznymi śladami zbicia spłonek;szt.;2,0000;Straż Graniczna
19.11.2025 12:40:00;wewnątrz kraju;kraj;Bieszczadzki;Bieszczadzki;;wewnątrz kraju;Tytoń;Tytoń;108,00;Saszetka UDA PANCHHI;kg;0,2700;inny
19.11.2025 18:00:00;Z RP;przejście;Nadbużański;PSG w Hrebennem;Hrebenne - Rawa Ruska;Ukraina;Narkotyki;Marihuana;26,55;;kg;0,0006;Straż Graniczna
17.11.2025 12:30:00;wewnątrz kraju;kraj;Bieszczadzki;Bieszczadzki;;wewnątrz kraju;Tytoń;Tytoń;306,00;SASZETKA UDA PANCHHI, CCOL LIP;kg;0,4086;inny
20.11.2025 10:59:00;wewnątrz kraju;kraj;Bieszczadzki;Bieszczadzki;;wewnątrz kraju;Pojazdy;Osobowy;130000,00;BMW X1;szt.;1,0000;Policja | SG
19.11.2025 15:00:00;wewnątrz kraju;kraj;Podlaski;PSG w Augustowie;;wewnątrz kraju;Tytoń;krajanka tytoniowa;28996,77;;kg;33,0000;KAS | SG
19.11.2025 15:00:00;wewnątrz kraju;kraj;Podlaski;PSG w Augustowie;;wewnątrz kraju;Tytoń;susz tytoniowy;9020,03;;kg;13,5000;KAS | SG
20.11.2025 10:00:00;Do RP;przejście;Bieszczadzki;PSG w Lubaczowie;Budomierz - Hruszew;Ukraina;Inne;Inne;190,00;towar pochodzenia zwierzecego - mięso;kg;9,5000;Straż Graniczna
20.11.2025 09:50:00;wewnątrz kraju;strefa;Podlaski;PSG w Kuźnicy;;Białoruś;Papierosy;Papierosy;17573,80;MINSK;szt.;20000,0000;Straż Graniczna
20.11.2025 09:50:00;wewnątrz kraju;strefa;Podlaski;PSG w Kuźnicy;;Białoruś;Papierosy;Papierosy;17573,80;NZ;szt.;20000,0000;Straż Graniczna
19.11.2025 19:50:00;Z RP;przejście;Bieszczadzki;PSG w Korczowej;Korczowa - Krakowiec;Ukraina;Inne;Inne;;28 TYS 820 PAR (57640 SZT.) SKARPET Z LOGO RÓŻNYCH ZNANYCH MAREK;szt.;57640,0000;Straż Graniczna
18.11.2025 07:00:00;wewnątrz kraju;kraj;Karpacki;Karpacki;;wewnątrz kraju;Narkotyki;Inne;586,80;susz roślinny koloru brunatno - zielonego;kg;0,0147;Straż Graniczna
21.11.2025 07:00:00;wewnątrz kraju;kraj;Karpacki;Karpacki;;wewnątrz kraju;Inne;Inne;;przedniot przypominający broń z napisem HECKLER&KOCH KAL. 4.5 mn, HK 45 nr 18616712 ;szt.;1,0000;Straż Graniczna
21.11.2025 07:00:00;wewnątrz kraju;kraj;Karpacki;Karpacki;;wewnątrz kraju;Inne;Inne;;śrut stalowy okrągły Golden Devils BBs 1500 szt./4.5 mm //.177. Ilość nieznana.;szt.;0,0000;Straż Graniczna
21.11.2025 07:00:00;wewnątrz kraju;kraj;Karpacki;Karpacki;;wewnątrz kraju;Inne;Inne;170,00;przedmiot przypominający maczetę Fiskars XA3, cena ok 170 zł.;szt.;1,0000;Straż Graniczna
21.11.2025 07:00:00;wewnątrz kraju;kraj;Karpacki;Karpacki;;wewnątrz kraju;Inne;Inne;;przedmiot przypominający maczetę opisany na ostrzu KS.D.J STAINLESS STEEL 420;szt.;1,0000;Straż Graniczna
21.11.2025 08:30:00;wewnątrz kraju;kraj;Nadodrzański;PSG w Kaliszu;;wewnątrz kraju;Papierosy;Papierosy;15868,26;;szt.;18059,0000;Straż Graniczna
21.11.2025 08:30:00;wewnątrz kraju;kraj;Nadodrzański;PSG w Kaliszu;;wewnątrz kraju;Tytoń;krajanka tytoniowa;7349,65;;kg;11,0000;Straż Graniczna
21.11.2025 13:58:00;wewnątrz kraju;kraj;Śląski;PSG w Sosnowcu;;wewnątrz kraju;Narkotyki;Marihuana;2,50;;kg;0,0001;Straż Graniczna
22.11.2025 05:00:00;Z RP;strefa;Śląski;PSG w Katowicach-Pyrzowicach;;lotnicza;Amunicja;Ostra;1,00;przedmiot przypominający amunicję z napisem na denku łuski „S&B 18 9x19” ;szt.;1,0000;Straż Graniczna
22.11.2025 05:00:00;Z RP;strefa;Śląski;PSG w Katowicach-Pyrzowicach;;lotnicza;Amunicja;Ostra;1,00;przedmiot przypominający amunicję z napisem na denku łuski „S&B 9x10 NX 19”;szt.;1,0000;Straż Graniczna
22.11.2025 13:10:00;Do RP;przejście;Nadbużański;PSG w Hrebennem;Hrebenne - Rawa Ruska;Ukraina;Narkotyki;Marihuana;9,00;;kg;0,0002;Straż Graniczna
22.11.2025 16:00:00;Do RP;przejście;Bieszczadzki;PSG w Korczowej;Korczowa - Krakowiec;Ukraina;Amunicja;Ostra;5,00;;szt.;2,0000;Straż Graniczna
22.11.2025 16:00:00;Do RP;przejście;Bieszczadzki;PSG w Korczowej;Korczowa - Krakowiec;Ukraina;Amunicja;Inna;3,00;amunicja śrutowa;szt.;2,0000;Straż Graniczna
22.11.2025 16:00:00;Do RP;przejście;Bieszczadzki;PSG w Korczowej;Korczowa - Krakowiec;Ukraina;Amunicja;Ostra;2,50;;szt.;1,0000;Straż Graniczna
22.11.2025 14:00:00;wewnątrz kraju;kraj;Morski;PSG w Elblągu;;wewnątrz kraju;Papierosy;Papierosy;158164,20;papierosy marki Mińsk, MZ;szt.;180000,0000;Policja | SG
22.11.2025 20:40:00;Do RP;przejście;Nadbużański;PSG w Terespolu;Terespol - Brześć;Białoruś;Tytoń;Tytoń do palenia;107,71;Wkłady do podgrzewaczy tytoniu;kg;0,1612;Straż Graniczna
23.11.2025 13:10:00;Do RP;przejście;Bieszczadzki;PSG w Korczowej;Korczowa - Krakowiec;Ukraina;Amunicja;Ostra;2,50;kaliber 5.45 x39 mm (amunicja ostra);szt.;1,0000;Straż Graniczna
23.11.2025 13:48:00;Z RP;przejście;Nadwiślański;PSG w Warszawie-Okęciu;Warszawa-Okęcie;lotnicza;Amunicja;Ostra;;O oznaczeniu na kryzie łuski „22-GG-24”. ;szt.;1,0000;Straż Graniczna
23.11.2025 21:15:00;Z RP;przejście;Nadbużański;PSG w Hrubieszowie;Zosin - Ustiług;Ukraina;Pojazdy;Inny;3300,00; Rower górski marki CUBE koloru szarego;szt.;1,0000;Straż Graniczna
24.11.2025 00:30:00;Do RP;przejście;Nadbużański;PSG w Terespolu;Kukuryki - Kozłowiczy;Białoruś;Papierosy;Papierosy;702,95;KING;szt.;800,0000;Straż Graniczna
24.11.2025 04:10:00;Do RP;przejście;Nadodrzański;PSG w Świecku;Świecko – Frankfurt;Niemcy;Narkotyki;Marihuana;146,80;;kg;0,0037;Straż Graniczna
21.11.2025 05:15:00;Z RP;przejście;Nadwiślański;PSG w Warszawie-Okęciu;Warszawa-Okęcie;lotnicza;Amunicja;Ostra;;;szt.;5,0000;Straż Graniczna
24.11.2025 10:35:00;wewnątrz kraju;kraj;Bieszczadzki;Bieszczadzki;;wewnątrz kraju;Pojazdy;Osobowy;95000,00;Peugeot 508, rok produkcji 2019,;szt.;1,0000;Policja | Policja | SG
24.11.2025 13:30:00;wewnątrz kraju;strefa;Nadodrzański;PSG w Tuplicach;;Niemcy;Papierosy;Papierosy;1072001,80;;szt.;1220000,0000;Straż Graniczna
24.11.2025 19:27:00;Z RP;przejście;Podlaski;PSG w Bobrownikach;Bobrowniki - Bierestowica;Białoruś;Pojazdy;Osobowy;20000,00;peugeot 5008;szt.;1,0000;Straż Graniczna
25.11.2025 08:00:00;wewnątrz kraju;kraj;Nadbużański;PSG w Hrubieszowie;;wewnątrz kraju;Pojazdy;Osobowy;100000,00;;szt.;1,0000;Policja | SG
25.11.2025 11:25:00;Z RP;przejście;Nadbużański;PSG w Dorohusku;Dorohusk - Jagodzin;Ukraina;Pojazdy;Naczepa;200000,00;naczepa marki ROJO model KT4ST;szt.;1,0000;Straż Graniczna
25.11.2025 12:15:00;wewnątrz kraju;kraj;Morski;PSG w Elblągu;;wewnątrz kraju;Papierosy;Papierosy;1693481,66;papierosy bez polskich znaków akcyzy;szt.;1927280,0000;Straż Graniczna
25.11.2025 09:42:00;wewnątrz kraju;strefa;Bieszczadzki;PSG w Korczowej;;Ukraina;Papierosy;Papierosy;70,30;80 sztuk papierosów ( tj. 4 paczek papierosów bez polskich znaków akcyzy MF RP marki COMPLIMENT );szt.;80,0000;Straż Graniczna
25.11.2025 09:48:00;wewnątrz kraju;strefa;Bieszczadzki;PSG w Korczowej;;Ukraina;Papierosy;Papierosy;70,30;80 sztuk papierosów ( tj. 4 paczek papierosów bez polskich znaków akcyzy MF RP marki COMPLIMENT );szt.;80,0000;Straż Graniczna
25.11.2025 10:17:00;wewnątrz kraju;strefa;Bieszczadzki;PSG w Korczowej;;Ukraina;Papierosy;Papierosy;52,72;60 sztuk (3 paczKI marki COMPLIMENT bez polskich znaków akcyzy MF RP);szt.;60,0000;Straż Graniczna
25.11.2025 09:00:00;Do RP;przejście;Bieszczadzki;PSG w Medyce;Medyka - Szeginie;Ukraina;Papierosy;Papierosy;140,59;MARKA PARLIAMENT ;szt.;160,0000;SC | SG
25.11.2025 18:40:00;Do RP;przejście;Nadbużański;PSG w Terespolu;Kukuryki - Kozłowiczy;Białoruś;Papierosy;Papierosy;861,12;;szt.;980,0000;Straż Graniczna
25.11.2025 17:40:00;wewnątrz kraju;kraj;Morski;PSG we Władysławowie;;wewnątrz kraju;Narkotyki;Marihuana;45,00;;kg;0,0010;Straż Graniczna
26.11.2025 13:35:00;Z RP;przejście;Bieszczadzki;PSG w Lubaczowie;Budomierz - Hruszew;Ukraina;Pojazdy;Osobowy;50000,00;NISSAN Navara;szt.;1,0000;Straż Graniczna
26.11.2025 16:00:00;Do RP;przejście;Nadbużański;PSG w Hrubieszowie;Zosin - Ustiług;Ukraina;Papierosy;Papierosy;70,30;;szt.;80,0000;SC
26.11.2025 16:00:00;Do RP;przejście;Nadbużański;PSG w Hrubieszowie;Zosin - Ustiług;Ukraina;Alkohol;Inne;80,00;płyn o zapachu alkoholu powyżej 22%;litr;1,0000;SC
26.11.2025 15:30:00;Z RP;przejście;Nadbużański;PSG w Terespolu;Kukuryki - Kozłowiczy;Białoruś;Pojazdy;Naczepa;30000,00;KRONE;szt.;1,0000;Straż Graniczna
26.11.2025 10:00:00;wewnątrz kraju;strefa;Nadbużański;PSG w Dołhobyczowie;;Ukraina;Narkotyki;Marihuana;7,50;susz roślinny;kg;0,0002;Policja | SG
26.11.2025 10:00:00;wewnątrz kraju;strefa;Nadbużański;PSG w Dołhobyczowie;;Ukraina;Narkotyki;Marihuana;28,50;susz roślinny;kg;0,0006;Policja | SG
26.11.2025 10:00:00;wewnątrz kraju;strefa;Nadbużański;PSG w Dołhobyczowie;;Ukraina;Broń;Palna;350,00;rewolwer kaliber 6mm - przerobiony;szt.;1,0000;Policja | SG
26.11.2025 15:40:00;Do RP;przejście;Bieszczadzki;PSG w Medyce;Medyka - Szeginie;Ukraina;Papierosy;Papierosy;39,54;Papierosy marki Marshall;szt.;45,0000;Straż Graniczna
26.11.2025 18:30:00;Do RP;przejście;Nadbużański;PSG w Terespolu;Terespol - Brześć;Białoruś;Pojazdy;Osobowy;170000,00;TOYOTA RAV4;szt.;1,0000;Straż Graniczna
26.11.2025 15:45:00;Do RP;przejście;Bieszczadzki;PSG w Medyce;Medyka - Szeginie;Ukraina;Papierosy;Papierosy;12,30;Papierosy marki Kent;szt.;14,0000;Straż Graniczna
26.11.2025 19:50:00;Do RP;przejście;Bieszczadzki;PSG w Medyce;Medyka - Szeginie;Ukraina;Tytoń;Tytoń do palenia (wkłady);110,00;40 sztuk marki - NEO, 40 sztuk marki - KENT, 20 sztuk marki LUCKI STRIKE;kg;0,0275;Straż Graniczna
26.11.2025 23:30:00;Z RP;przejście;Nadbużański;PSG w Terespolu;Terespol - Brześć;Białoruś;Pojazdy;Osobowy;49000,00;Opel Corsa;szt.;1,0000;Straż Graniczna
26.11.2025 22:30:00;Do RP;przejście;Warmińsko-Mazurski;PSG w Bezledach;Bezledy - Bagrationowsk;Rosja;Pojazdy;Osobowy;300000,00;;szt.;1,0000;Straż Graniczna
27.11.2025 10:00:00;wewnątrz kraju;kraj;Bieszczadzki;Bieszczadzki;;wewnątrz kraju;Tytoń;Tytoń do palenia;6158338,55;;kg;9217,0000;SC | SG
27.11.2025 05:55:00;wewnątrz kraju;kraj;Nadodrzański;PSG w Poznaniu-Ławicy;;wewnątrz kraju;Tytoń;krajanka tytoniowa;31803,94;;kg;47,6000;Straż Graniczna
27.11.2025 05:55:00;wewnątrz kraju;kraj;Nadodrzański;PSG w Poznaniu-Ławicy;;wewnątrz kraju;Papierosy;Papierosy;8698,15;;szt.;9899,0000;Straż Graniczna
27.11.2025 05:55:00;wewnątrz kraju;kraj;Nadodrzański;PSG w Poznaniu-Ławicy;;wewnątrz kraju;Inne;Inne;250,00;Maszynka do papierosów;szt.;1,0000;Straż Graniczna
27.11.2025 05:55:00;wewnątrz kraju;kraj;Nadodrzański;PSG w Poznaniu-Ławicy;;wewnątrz kraju;Inne;Inne;362,00;Maszynka do papierosów;szt.;1,0000;Straż Graniczna
27.11.2025 05:55:00;wewnątrz kraju;kraj;Nadodrzański;PSG w Poznaniu-Ławicy;;wewnątrz kraju;Inne;Inne;1099,00;Maszynka do papierosów;szt.;1,0000;Straż Graniczna
27.11.2025 05:55:00;wewnątrz kraju;kraj;Nadodrzański;PSG w Poznaniu-Ławicy;;wewnątrz kraju;Inne;Inne;100,00;Waga;szt.;1,0000;Straż Graniczna
27.11.2025 10:35:00;Do RP;przejście;Bieszczadzki;PSG w Korczowej;Korczowa - Krakowiec;Ukraina;Amunicja;Ostra;2,50;kalibr 5.45 x39 mm (amunicja ostra) ;szt.;1,0000;Straż Graniczna
27.11.2025 13:00:00;Do RP;przejście;Nadbużański;PSG w Dorohusku;Dorohusk - Jagodzin;Ukraina;Papierosy;Papierosy;99,29;wniosek 284;szt.;113,0000;Straż Graniczna
27.11.2025 13:00:00;Do RP;przejście;Nadbużański;PSG w Dorohusku;Dorohusk - Jagodzin;Ukraina;Papierosy;Papierosy;35,15;wniosek 283;szt.;40,0000;Straż Graniczna
27.11.2025 13:50:00;Z RP;przejście;Nadwiślański;PSG w Warszawie-Okęciu;Warszawa-Okęcie;lotnicza;Amunicja;Ostra;;LC 23;szt.;1,0000;Straż Graniczna
27.11.2025 09:46:00;wewnątrz kraju;strefa;Bieszczadzki;PSG w Korczowej;;Ukraina;Papierosy;Papierosy;70,30;80 sztuk (4 paczek marki COMPLIMENT bez polskich znaków akcyzy MF RP);szt.;80,0000;Straż Graniczna
27.11.2025 10:50:00;wewnątrz kraju;kraj;Warmińsko-Mazurski;PSG w Braniewie;;wewnątrz kraju;Tytoń;krajanka tytoniowa;13781373,96;;kg;15684,0000;Straż Graniczna
27.11.2025 15:50:00;wewnątrz kraju;kraj;Nadbużański;PSG w Lublinie;;wewnątrz kraju;Papierosy;Papierosy;966734,74;;szt.;1100200,0000;SC | Policja
27.11.2025 10:50:00;wewnątrz kraju;kraj;Warmińsko-Mazurski;PSG w Braniewie;;wewnątrz kraju;Tytoń;krajanka tytoniowa;22968956,60;;kg;26140,0000;KAS | inny | SG
27.11.2025 10:50:00;wewnątrz kraju;kraj;Warmińsko-Mazurski;PSG w Braniewie;;wewnątrz kraju;Tytoń;krajanka tytoniowa;9187582,64;;kg;10456,0000;Straż Graniczna
27.11.2025 20:00:00;Do RP;przejście;Morski;PSG w Gdyni;Gdynia;morska;Pojazdy;Osobowy;180000,00;TOYOTA RAV 4 ;szt.;2,0000;Straż Graniczna
25.11.2025 22:47:00;wewnątrz kraju;kraj;Śląski;PSG w Opolu;;wewnątrz kraju;Narkotyki;Marihuana;22,00;;kg;0,0004;Straż Graniczna
28.11.2025 07:00:00;wewnątrz kraju;kraj;Nadbużański;Nadbużański;;wewnątrz kraju;Papierosy;Papierosy;79433,58;;szt.;90400,0000;Straż Graniczna
28.11.2025 12:00:00;wewnątrz kraju;strefa;Nadbużański;PSG we Włodawie;;Białoruś;Papierosy;Papierosy;26360,70;Papierosy marki NZ oraz Mińsk pochodzące prawdopodobnie z przemytu z wykorzystaniem balonu;szt.;30000,0000;Straż Graniczna
28.11.2025 14:10:00;Do RP;przejście;Nadbużański;PSG w Terespolu;Terespol - Brześć;Białoruś;Papierosy;Papierosy;615,08;;szt.;700,0000;Straż Graniczna
28.11.2025 14:25:00;Do RP;przejście;Nadbużański;PSG w Terespolu;Terespol - Brześć;Białoruś;Alkohol;Wódka;30,00;;litr;1,0000;Straż Graniczna
28.11.2025 14:25:00;Do RP;przejście;Nadbużański;PSG w Terespolu;Terespol - Brześć;Białoruś;Papierosy;Papierosy;35,15;;szt.;40,0000;Straż Graniczna
28.11.2025 12:40:00;wewnątrz kraju;strefa;Bieszczadzki;PSG w Medyce;;Ukraina;Płyn do e-papierosów;Płyn do e-papierosów;1152000,00;Płyn opatrzony etykietami m.in. z napisem „nicotine +99 %”;litr;320,0000;SC | SG
28.11.2025 08:50:00;wewnątrz kraju;kraj;Warmińsko-Mazurski;PSG w Braniewie;;wewnątrz kraju;Tytoń;krajanka tytoniowa;4613122,50;;kg;5250,0000;Straż Graniczna
28.11.2025 08:50:00;wewnątrz kraju;kraj;Warmińsko-Mazurski;PSG w Braniewie;;wewnątrz kraju;Tytoń;krajanka tytoniowa;2767873,50;;kg;3150,0000;inny | KAS | SG
28.11.2025 20:19:00;wewnątrz kraju;kraj;Warmińsko-Mazurski;PSG w Braniewie;;wewnątrz kraju;Tytoń;krajanka tytoniowa;1845249,00;;kg;2100,0000;Straż Graniczna
28.11.2025 16:47:00;wewnątrz kraju;kraj;Bieszczadzki;PSG w Krościenku;;wewnątrz kraju;Papierosy;Papierosy;19120,29;;szt.;21760,0000;Straż Graniczna
28.11.2025 22:30:00;wewnątrz kraju;kraj;Nadbużański;PSG w Hrubieszowie;;wewnątrz kraju;Pojazdy;Osobowy;100000,00;samochód osobowy Kia Niro, rok produkcji 2022, vin: KNACR81EGP5039338;szt.;1,0000;Policja | SG
29.11.2025 00:20:00;Z RP;przejście;Śląski;PSG w Katowicach-Pyrzowicach;Katowice-Pyrzowice;lotnicza;Broń;Inna;50,00;Przedmiot przypominający pałkę ;szt.;1,0000;Straż Graniczna
28.11.2025 22:25:00;wewnątrz kraju;strefa;Podlaski;PSG w Mielniku;;Białoruś;Papierosy;Papierosy;26132,24;;szt.;29740,0000;Straż Graniczna
28.11.2025 19:20:00;wewnątrz kraju;kraj;Bieszczadzki;Bieszczadzki;;wewnątrz kraju;Papierosy;Papierosy;5977552,33;Papierosy różnych marek;szt.;6802800,0000;Straż Graniczna
29.11.2025 17:30:00;Do RP;przejście;Nadbużański;PSG w Terespolu;Kukuryki - Kozłowiczy;Białoruś;Papierosy;Papierosy;351,48;;szt.;400,0000;Straż Graniczna
30.11.2025 06:20:00;Z RP;przejście;Nadbużański;PSG w Hrebennem;Hrebenne - Rawa Ruska;Ukraina;Pojazdy;Osobowy;16000,00;BMW   X5 ;szt.;1,0000;Straż Graniczna
30.11.2025 10:20:00;wewnątrz kraju;strefa;Nadbużański;PSG w Sławatyczach;;Białoruś;Papierosy;Papierosy;8786,90;marka Queen Menthol;szt.;10000,0000;Straż Graniczna
30.11.2025 07:00:00;Do RP;przejście;Nadbużański;PSG w Terespolu;Terespol - Brześć;Białoruś;Alkohol;Wódka;60,00;;litr;1,5000;KAS | SG
01.12.2025 06:50:00;wewnątrz kraju;strefa;Nadbużański;PSG we Włodawie;;Białoruś;Papierosy;Papierosy;8786,90;Papierosy marki QUEEN MENTHOL pochodzące najprawdopodobniej z przemytu z wykorzystaniem drona.;szt.;10000,0000;Straż Graniczna
01.12.2025 00:05:00;wewnątrz kraju;strefa;Podlaski;PSG w Bobrownikach;;Białoruś;Papierosy;Papierosy;11247,23;;szt.;12800,0000;Straż Graniczna
01.12.2025 10:15:00;Do RP;przejście;Nadbużański;PSG w Dorohusku;Dorohusk - Jagodzin;Ukraina;Papierosy;Papierosy;188,92;wniosek 286;szt.;215,0000;Straż Graniczna
01.12.2025 10:15:00;Do RP;przejście;Nadbużański;PSG w Dorohusku;Dorohusk - Jagodzin;Ukraina;Papierosy;Papierosy;152,89;wniosek 285;szt.;174,0000;Straż Graniczna
01.12.2025 02:25:00;wewnątrz kraju;strefa;Nadbużański;PSG w Dołhobrodach;;Białoruś;Papierosy;Papierosy;8786,90;NZ;szt.;10000,0000;Straż Graniczna
01.12.2025 11:50:00;Z RP;przejście;Bieszczadzki;PSG w Rzeszowie–Jasionce;Rzeszów-Jasionka;lotnicza;Amunicja;Ostra;2,50;"Amunicja karabinowa 5,54mm z ozn. na dnie łuski ""88 09""";szt.;1,0000;Straż Graniczna
01.12.2025 10:45:00;wewnątrz kraju;przejście;Warmińsko-Mazurski;PSG w Grzechotkach;Grzechotki - Mamonowo II;Rosja;Pojazdy;Osobowy;6000,00;Audi A3;szt.;1,0000;Straż Graniczna
01.12.2025 17:00:00;Do RP;przejście;Nadbużański;PSG w Terespolu;Terespol - Brześć;Białoruś;Inne;Inne;2400,00;Produkty pochodzenia zwierzęcego;kg;120,0000;KAS | SG
01.12.2025 14:00:00;wewnątrz kraju;kraj;Nadbużański;PSG w Terespolu;;wewnątrz kraju;Pojazdy;Osobowy;200000,00;LEXUS NX300H;szt.;1,0000;Policja | SG
01.12.2025 20:08:00;Do RP;strefa;Morski;PSG w Świnoujściu;;morska;Pojazdy;Osobowy;190000,00;TOYOTA RAV 4;szt.;1,0000;Straż Graniczna
01.12.2025 20:08:00;Do RP;strefa;Morski;PSG w Świnoujściu;;morska;Narkotyki;Inne;116,56;Metamfetamina;kg;0,0015;Straż Graniczna
01.12.2025 20:00:00;wewnątrz kraju;kraj;Bieszczadzki;Bieszczadzki;;wewnątrz kraju;Pojazdy;Osobowy;85000,00;Peugeot ;szt.;1,0000;Policja | SG
02.12.2025 05:35:00;Z RP;przejście;Bieszczadzki;PSG w Lubaczowie;Budomierz - Hruszew;Ukraina;Inne;Podzespoły samochodowe;13000,00;Silnik samochodu osobowego marki Mercedes ;szt.;1,0000;Straż Graniczna
02.12.2025 10:00:00;Z RP;przejście;Bieszczadzki;PSG w Korczowej;Korczowa - Krakowiec;Ukraina;Inne;Podzespoły samochodowe;34801,00;Części do pojazdu marki KIA NIRO 4 EV ;szt.;13,0000;Straż Graniczna
02.12.2025 09:31:00;wewnątrz kraju;strefa;Nadbużański;PSG w Dołhobrodach;;Białoruś;Papierosy;Papierosy;8786,90;QUEEN MENTHOL;szt.;10000,0000;Straż Graniczna
02.12.2025 11:25:00;Z RP;przejście;Nadodrzański;PSG w Poznaniu-Ławicy;Poznań-Ławica;lotnicza;Inne;Inne;100,00;Pałka teleskopowa;szt.;1,0000;Straż Graniczna
02.12.2025 12:30:00;wewnątrz kraju;strefa;Nadbużański;PSG we Włodawie;;Białoruś;Papierosy;Papierosy;8786,90;MIŃSK SUPERSLIM pochodzące prawdopodobnie z przemytu z wykorzystaniem BSP;szt.;10000,0000;Straż Graniczna
02.12.2025 15:55:00;Do RP;przejście;Nadbużański;PSG w Terespolu;Terespol - Brześć;Białoruś;Inne;Inne;160,00;produkty pochodzenia zwierzęcego;kg;8,0000;Straż Graniczna
02.12.2025 18:33:00;wewnątrz kraju;kraj;Bieszczadzki;Bieszczadzki;;wewnątrz kraju;Pojazdy;Osobowy;85000,00;Peugeot 3008, rok produkcji 2021;szt.;1,0000;Policja | SG
02.12.2025 17:00:00;wewnątrz kraju;kraj;Nadbużański;PSG w Lublinie;;wewnątrz kraju;Papierosy;Papierosy;79082,10;Papierosy różnych marek;szt.;90000,0000;Straż Graniczna
02.12.2025 21:59:00;wewnątrz kraju;kraj;Bieszczadzki;PSG w Krościenku;;wewnątrz kraju;Alkohol;Inne;2135,00;Płyn o zapachu alkoholu;litr;30,5000;Straż Graniczna
02.12.2025 21:59:00;wewnątrz kraju;kraj;Bieszczadzki;PSG w Krościenku;;wewnątrz kraju;Tytoń;Tytoń;3474,38;;kg;5,2000;Straż Graniczna
02.12.2025 21:59:00;wewnątrz kraju;kraj;Bieszczadzki;PSG w Krościenku;;wewnątrz kraju;Inne;Inne;38400,00;"Obuwie sportowe z oznaczeniami firmy ""ADIDAS""";szt.;128,0000;Straż Graniczna
02.12.2025 21:21:00;Do RP;przejście;Nadbużański;PSG w Dorohusku;Dorohusk - Jagodzin;Ukraina;Papierosy;Papierosy;229,34;współdziałanie z KAS;szt.;261,0000;KAS | SG
03.12.2025 00:30:00;wewnątrz kraju;kraj;Podlaski;PSG w Augustowie;;wewnątrz kraju;Papierosy;Papierosy;26360,70;NZ Gold, Minsk Superslims;szt.;30000,0000;Straż Graniczna
03.12.2025 02:30:00;wewnątrz kraju;strefa;Podlaski;PSG w Kuźnicy;;Białoruś;Papierosy;Papierosy;26360,70;;szt.;30000,0000;Straż Graniczna
03.12.2025 00:30:00;wewnątrz kraju;strefa;Nadbużański;PSG w Janowie Podlaskim;;Białoruś;Papierosy;Papierosy;26360,70;Za pomocą balonu meteorologicznego;szt.;30000,0000;Straż Graniczna
03.12.2025 00:01:00;wewnątrz kraju;strefa;Nadbużański;PSG w Sławatyczach;;Białoruś;Papierosy;Papierosy;20385,61;balon meteorologiczny ;szt.;23200,0000;Straż Graniczna
03.12.2025 09:30:00;wewnątrz kraju;strefa;Nadbużański;PSG w Kodniu;;Białoruś;Papierosy;Papierosy;26360,70;przy pomocy balonu meteorologicznego;szt.;30000,0000;Straż Graniczna
03.12.2025 11:45:00;Z RP;przejście;Bieszczadzki;PSG w Korczowej;Korczowa - Krakowiec;Ukraina;Pojazdy;Osobowy;6000,00;PEUGEOT PARTNER;szt.;1,0000;Straż Graniczna
03.12.2025 08:15:00;wewnątrz kraju;strefa;Nadbużański;PSG w Sławatyczach;;Białoruś;Papierosy;Papierosy;138973,61;;szt.;158160,0000;Straż Graniczna
03.12.2025 20:55:00;wewnątrz kraju;strefa;Podlaski;PSG w Kuźnicy;;Białoruś;Papierosy;Papierosy;26360,70;;szt.;30000,0000;Straż Graniczna
04.12.2025 02:10:00;wewnątrz kraju;kraj;Bieszczadzki;Bieszczadzki;;wewnątrz kraju;Amunicja;Ostra;6,00;Kaliber 5,45x39mm ;szt.;2,0000;Straż Graniczna
04.12.2025 06:00:00;Do RP;przejście;Nadbużański;PSG w Terespolu;Kukuryki - Kozłowiczy;Białoruś;Papierosy;Papierosy;35,15;40 sztul ;szt.;40,0000;KAS | SG
03.12.2025 16:16:00;wewnątrz kraju;strefa;Nadbużański;PSG w Sławatyczach;;Białoruś;Papierosy;Papierosy;26360,70;przy użyciu balonu meteorologicznego ;szt.;30000,0000;Straż Graniczna
04.12.2025 07:20:00;wewnątrz kraju;strefa;Nadbużański;PSG w Woli Uhruskiej;;Ukraina;Papierosy;Papierosy;26360,70;compliment, lifa;szt.;30000,0000;Straż Graniczna
04.12.2025 12:55:00;Do RP;przejście;Nadbużański;PSG w Hrebennem;Hrebenne - Rawa Ruska;Ukraina;Amunicja;Inna;9,00;Amunicja hukowa 9 mm;szt.;6,0000;KAS | SG
03.12.2025 14:30:00;wewnątrz kraju;kraj;Bieszczadzki;PSG w Krościenku;;wewnątrz kraju;Narkotyki;Inne;5999,63;Biały proszek zawierający mefedron;kg;91,0000;Straż Graniczna
04.12.2025 08:00:00;wewnątrz kraju;strefa;Nadbużański;PSG w Dorohusku;;Ukraina;Narkotyki;Amfetamina;7930,30;;kg;0,1133;Policja | SG
04.12.2025 08:00:00;wewnątrz kraju;strefa;Nadbużański;PSG w Dorohusku;;Ukraina;Narkotyki;Marihuana;13,05;;kg;0,0003;Policja | SG
04.12.2025 22:15:00;Do RP;przejście;Bieszczadzki;PSG w Korczowej;Korczowa - Krakowiec;Ukraina;Broń;Inna;80,00;kastet;szt.;1,0000;Straż Graniczna
05.12.2025 09:40:00;Do RP;przejście;Nadbużański;PSG w Lublinie;Świdnik k/Lublina;lotnicza;Alkohol;Whisky;159,80;;litr;1,7000;SC
05.12.2025 14:07:00;wewnątrz kraju;strefa;Nadwiślański;PSG w Warszawie-Okęciu;Warszawa-Okęcie;lotnicza;Narkotyki;Inne;2,40;substancja odurzająca  w postaci białego proszku mefedron;kg;0,0001;Straż Graniczna
05.12.2025 11:15:00;wewnątrz kraju;kraj;Nadodrzański;PSG w Zgorzelcu;;wewnątrz kraju;Papierosy;Papierosy;350597,31;;szt.;399000,0000;SC | SG
05.12.2025 11:15:00;wewnątrz kraju;kraj;Nadodrzański;PSG w Zgorzelcu;;wewnątrz kraju;Tytoń;Tytoń do palenia;29933,12;;kg;44,8000;SC | SG
05.12.2025 15:10:00;Z RP;przejście;Karpacki;PSG w Krakowie-Balicach;Kraków-Balice;lotnicza;Amunicja;Ostra;;;szt.;1,0000;Straż Graniczna
04.12.2025 07:20:00;wewnątrz kraju;kraj;Nadbużański;PSG w Hrubieszowie;;wewnątrz kraju;Pojazdy;Osobowy;80000,00;Toyota C-HR LU808SC rok 2019 Vin. NMTKZ3BX00R309702;szt.;1,0000;Policja | SG
05.12.2025 20:45:00;Do RP;przejście;Bieszczadzki;PSG w Medyce;;Ukraina;Papierosy;Papierosy;17,57;;szt.;20,0000;Straż Graniczna
06.12.2025 00:05:00;Do RP;przejście;Nadbużański;PSG w Terespolu;Terespol - Brześć;Białoruś;Pojazdy;Osobowy;170000,00;Mercedes VITO ;szt.;1,0000;Straż Graniczna
06.12.2025 13:00:00;Z RP;przejście;Nadodrzański;PSG w Poznaniu-Ławicy;Poznań-Ławica;lotnicza;Broń;Inna;100,00;kastet;szt.;1,0000;Straż Graniczna
06.12.2025 06:00:00;wewnątrz kraju;kraj;Nadbużański;PSG w Terespolu;;wewnątrz kraju;Papierosy;Papierosy;1230,17;wyroby tytoniowe bez polskich znaków skarbowych akcyzy w postaci papierosów w ilości 1400 sztuk o łącznej wartości 1230,17 zł.;szt.;1400,0000;KAS | SG
06.12.2025 14:20:00;wewnątrz kraju;kraj;Karpacki;PSG w Kielcach;;wewnątrz kraju;Papierosy;Papierosy;878,69;400 szt. papierosów DAVIDOVV GOLD, 600 szt. papierosów RICHMOND;szt.;1000,0000;Straż Graniczna
06.12.2025 14:20:00;wewnątrz kraju;kraj;Karpacki;PSG w Kielcach;;wewnątrz kraju;Papierosy;Papierosy;5078,83;1860 szt. DAVIDOVV, 400 szt. WINSTON, 1220 szt. RICHMOND, 1140 szt. MARLBORO, 1140 szt. ROTMANS, 20 szt. ASPEN;szt.;5780,0000;Straż Graniczna
07.12.2025 05:27:00;Z RP;strefa;Śląski;PSG w Katowicach-Pyrzowicach;;lotnicza;Amunicja;Ostra;4,00;ostra;szt.;1,0000;Straż Graniczna
07.12.2025 11:25:00;Z RP;przejście;Śląski;PSG w Katowicach-Pyrzowicach;Katowice-Pyrzowice;lotnicza;Broń;Inna;100,00;Pałka;szt.;1,0000;Straż Graniczna
08.12.2025 10:30:00;Do RP;przejście;Nadbużański;PSG w Dorohusku;Dorohusk - Jagodzin;Ukraina;Narkotyki;Inne;;AMENITA MUSCARIA;szt.;59,0000;KAS | SG
08.12.2025 17:00:00;wewnątrz kraju;kraj;Nadbużański;PSG w Białej Podlaskiej;;wewnątrz kraju;Narkotyki;Haszysz;155,00;;kg;0,0031;Straż Graniczna
08.12.2025 22:15:00;Z RP;przejście;Nadbużański;PSG w Terespolu;Terespol - Brześć;Białoruś;Pojazdy;Osobowy;750000,00;BMW M5, koloru białego, rok prod. 2025;szt.;1,0000;Straż Graniczna
09.12.2025 14:00:00;Do RP;przejście;Nadbużański;PSG w Terespolu;Terespol - Brześć;Białoruś;Inne;Inne;;PRODUKTY POCHODZENIA ZWIERZĘCEGO ;kg;12,0000;Straż Graniczna
09.12.2025 14:00:00;Do RP;przejście;Nadbużański;PSG w Terespolu;Terespol - Brześć;Białoruś;Inne;Podzespoły samochodowe;2000,00;CZĘŚCI SAMOCHODOWE ;szt.;40,0000;Straż Graniczna
09.12.2025 06:00:00;wewnątrz kraju;kraj;Karpacki;Karpacki;;wewnątrz kraju;Narkotyki;Amfetamina;180,00;;kg;0,0045;Straż Graniczna
09.12.2025 14:30:00;Do RP;przejście;Podlaski;PSG w Kuźnicy;Kuźnica Białostocka - Bruzgi;Białoruś;Papierosy;Papierosy;8778,11;;szt.;9990,0000;Straż Graniczna
09.12.2025 14:30:00;Do RP;przejście;Podlaski;PSG w Kuźnicy;Kuźnica Białostocka - Bruzgi;Białoruś;Papierosy;Papierosy;8778,11;;szt.;9990,0000;SC | SG
10.12.2025 02:15:00;Z RP;przejście;Nadbużański;PSG w Hrebennem;Hrebenne - Rawa Ruska;Ukraina;Pojazdy;Osobowy;60000,00;VOLKSWAGEN CRAFTER   o nr VIN: WV1ZZZ2EZG6010517, rok produkcji 2015, kolor biały;szt.;1,0000;Straż Graniczna
09.12.2025 22:00:00;wewnątrz kraju;kraj;Bieszczadzki;Bieszczadzki;;wewnątrz kraju;Pojazdy;Osobowy;600000,00;Porsche 911 Carrera;szt.;1,0000;Policja | SG
19.09.2025 15:00:00;wewnątrz kraju;kraj;Nadodrzański;PSG we Wrocławiu-Strachowicach;;wewnątrz kraju;Papierosy;Papierosy;3514,76;;szt.;4000,0000;Straż Graniczna
10.12.2025 12:51:00;Z RP;przejście;Nadwiślański;PSG w Warszawie-Okęciu;Warszawa-Okęcie;lotnicza;Amunicja;Ostra;;"kaliber 9 mm, o oznaczeniu na kryzie łuski "" S&B 9x19 24""";szt.;1,0000;Straż Graniczna
10.12.2025 06:05:00;wewnątrz kraju;kraj;Śląski;PSG w Sosnowcu;;wewnątrz kraju;Narkotyki;Marihuana;19994,40;;kg;0,4999;Straż Graniczna
10.12.2025 06:05:00;wewnątrz kraju;kraj;Śląski;PSG w Sosnowcu;;wewnątrz kraju;Narkotyki;Inne;9555,20;metamfetaina;kg;0,1194;Straż Graniczna
10.12.2025 17:30:00;Do RP;przejście;Podlaski;PSG w Bobrownikach;Bobrowniki - Bierestowica;Białoruś;Papierosy;Papierosy;70,30;;szt.;80,0000;Straż Graniczna
10.12.2025 19:00:00;Do RP;strefa;Śląski;PSG w Katowicach-Pyrzowicach;;lotnicza;Amunicja;Ostra;1,50;przedmiot przypominający amunicje LR .22 z elementem graficznym na denuku łuski;szt.;3,0000;Straż Graniczna
11.12.2025 12:20:00;Z RP;przejście;Nadwiślański;PSG w Warszawie-Okęciu;Warszawa-Okęcie;lotnicza;Amunicja;Ostra;;AMUNICJA OSTRA BEZ WIDOCZNYCH OZNACZEŃ;szt.;22,0000;Straż Graniczna
11.12.2025 13:30:00;Do RP;przejście;Bieszczadzki;PSG w Korczowej;Korczowa - Krakowiec;Ukraina;Inne;Inne;86,00;produkty odzwierzęce 4,3kg tj. mieso;kg;4,3000;SC | SG
11.12.2025 13:30:00;Do RP;przejście;Bieszczadzki;PSG w Korczowej;Korczowa - Krakowiec;Ukraina;Tytoń;Tytoń do palenia (wkłady);399,91;"Wkłady nowatorskie ""TEREA"" wkłady tytoniowe IQOS 20 paczek (5,4g w paczce) - 108g";kg;0,1080;SC | SG
11.12.2025 18:00:00;Do RP;przejście;Nadbużański;PSG w Terespolu;Kukuryki - Kozłowiczy;Białoruś;Papierosy;Papierosy;1230,17;;szt.;1400,0000;Straż Graniczna
11.12.2025 19:53:00;Z RP;przejście;Bieszczadzki;PSG w Korczowej;Korczowa - Krakowiec;Ukraina;Broń;Inna;100,00;Kastet;szt.;1,0000;Straż Graniczna
11.12.2025 22:38:00;wewnątrz kraju;kraj;Morski;PSG w Kołobrzegu;;wewnątrz kraju;Narkotyki;Marihuana;3116,04;susz roślinny w postaci ziela konopi innych niż włókniste ;kg;0,0779;Straż Graniczna
11.12.2025 22:38:00;wewnątrz kraju;kraj;Morski;PSG w Kołobrzegu;;wewnątrz kraju;Narkotyki;Inne;4252,50;mefedron;kg;0,0709;Straż Graniczna
11.12.2025 22:38:00;wewnątrz kraju;kraj;Morski;PSG w Kołobrzegu;;wewnątrz kraju;Narkotyki;Amfetamina;1242,88;;kg;0,0311;Straż Graniczna
12.12.2025 05:00:00;Do RP;przejście;Nadbużański;PSG w Terespolu;Kukuryki - Kozłowiczy;Białoruś;Papierosy;Papierosy;7029,52;;szt.;8000,0000;Straż Graniczna
12.12.2025 08:00:00;Do RP;przejście;Bieszczadzki;PSG w Medyce;Przemyśl - Mościska;Ukraina;Tytoń;Tytoń do palenia (wkłady);43,20;marka Delia;kg;0,0108;Straż Graniczna
12.12.2025 08:20:00;Do RP;przejście;Nadodrzański;PSG w Słubicach;Świecko - Frankfurt;Niemcy;Pojazdy;Osobowy;200000,00;Pickup;szt.;1,0000;Straż Graniczna
12.12.2025 08:20:00;Do RP;przejście;Nadodrzański;PSG w Słubicach;Świecko - Frankfurt;Niemcy;Narkotyki;Amfetamina;26,80;;kg;0,0007;Straż Graniczna
12.12.2025 07:30:00;wewnątrz kraju;strefa;Warmińsko-Mazurski;PSG w Grzechotkach;;Rosja;Papierosy;Papierosy;12038,05;;szt.;13700,0000;Straż Graniczna
12.12.2025 12:00:00;Z RP;strefa;Śląski;PSG w Katowicach-Pyrzowicach;;lotnicza;Narkotyki;Marihuana;26,70;susz roślinny;kg;0,0005;Straż Graniczna
12.12.2025 17:40:00;wewnątrz kraju;strefa;Nadodrzański;PSG w Zgorzelcu;;Czechy;Narkotyki;Marihuana;827070,30;17 worków;kg;18,3793;Straż Graniczna
12.12.2025 17:40:00;wewnątrz kraju;strefa;Nadodrzański;PSG w Zgorzelcu;;Czechy;Pojazdy;Osobowy;20000,00;;szt.;1,0000;Straż Graniczna
12.12.2025 17:40:00;wewnątrz kraju;strefa;Nadodrzański;PSG w Zgorzelcu;;Czechy;Waluta;Złoty - PLN;600,00;;szt.;600,0000;Straż Graniczna
13.12.2025 00:05:00;wewnątrz kraju;kraj;Śląski;PSG w Katowicach-Pyrzowicach;;wewnątrz kraju;Narkotyki;Inne;57,38;MDMA;kg;0,0013;Straż Graniczna
13.12.2025 00:05:00;wewnątrz kraju;kraj;Śląski;PSG w Katowicach-Pyrzowicach;;wewnątrz kraju;Narkotyki;Marihuana;370,30;susz roślinny;kg;0,0074;Straż Graniczna
12.12.2025 21:30:00;Do RP;przejście;Nadbużański;PSG w Hrebennem;Hrebenne - Rawa Ruska;Ukraina;Narkotyki;Inne;;Substancja roślinna w postaci zielonych granulek;kg;0,1038;Straż Graniczna
12.12.2025 21:30:00;Do RP;przejście;Nadbużański;PSG w Hrebennem;Hrebenne - Rawa Ruska;Ukraina;Narkotyki;Marihuana;13,50;substancja roślinna z widocznymi częściami rośliny;kg;0,0003;Straż Graniczna
13.12.2025 06:12:00;Do RP;przejście;Nadbużański;PSG w Terespolu;Terespol - Brześć;Białoruś;Inne;Inne;30,00;produkty pochodzenia zwierzęcego ;kg;3,0000;KAS | SG
13.12.2025 11:05:00;Z RP;przejście;Śląski;PSG w Katowicach-Pyrzowicach;Katowice-Pyrzowice;lotnicza;Broń;Inna;120,00;Przedmiot przypominający pałkę teleskopową;szt.;1,0000;Straż Graniczna
14.12.2025 00:30:00;Do RP;przejście;Bieszczadzki;PSG w Korczowej;Korczowa - Krakowiec;Ukraina;Amunicja;Ostra;5,00;2 szt. amunicja ostra kaliber 5,45x39;szt.;2,0000;Straż Graniczna
14.12.2025 06:20:00;wewnątrz kraju;strefa;Karpacki;PSG w Krakowie-Balicach;Kraków-Balice;lotnicza;Amunicja;Ostra;9,00;;szt.;3,0000;Straż Graniczna
14.12.2025 07:05:00;Z RP;przejście;Bieszczadzki;PSG w Korczowej;Korczowa - Krakowiec;Ukraina;Pojazdy;Osobowy;80000,00;ślady usuniętej poprzedniej naklejki z numerem VIN widocznej w świetle UV,nabity numer VIN również odbiega od wzoru stosowanego przez producenta;szt.;1,0000;Straż Graniczna
14.12.2025 13:00:00;Z RP;przejście;Bieszczadzki;PSG w Rzeszowie–Jasionce;Rzeszów-Jasionka;lotnicza;Amunicja;Ostra;1,50; oznaczenie łuski „3 70” ( kaliber 7.62x39mm);szt.;1,0000;Straż Graniczna
14.12.2025 16:00:00;Z RP;przejście;Nadbużański;PSG w Hrubieszowie;Zosin - Ustiług;Ukraina;Pojazdy;Osobowy;25000,00;;szt.;1,0000;Straż Graniczna
15.12.2025 00:25:00;wewnątrz kraju;strefa;Nadbużański;PSG w Terespolu;;Białoruś;Papierosy;Papierosy;10368,54;;szt.;11800,0000;Straż Graniczna
15.12.2025 10:00:00;Do RP;przejście;Podlaski;PSG w Bobrownikach;Bobrowniki - Bierestowica;Białoruś;Papierosy;Papierosy;52,72;Credo;szt.;60,0000;Straż Graniczna
15.12.2025 06:00:00;wewnątrz kraju;kraj;Podlaski;Podlaski;;wewnątrz kraju;Narkotyki;Amfetamina;137,20;;kg;0,0034;Straż Graniczna
02.12.2025 21:00:00;Do RP;przejście;Bieszczadzki;PSG w Lubaczowie;Budomierz - Hruszew;Ukraina;Inne;Inne;340,00;produkty pochodzenia zwierzęcego (mięso);kg;17,0000;SC | SG
15.12.2025 08:15:00;Z RP;przejście;Karpacki;PSG w Krakowie-Balicach;Kraków-Balice;lotnicza;Amunicja;Ostra;5,00;;szt.;1,0000;Straż Graniczna
15.12.2025 22:50:00;Z RP;strefa;Morski;PSG w Gdańsku;;lotnicza;Amunicja;Ostra;8,00;HULL 20 CARTRIDGE 21g 65mm;szt.;4,0000;inny
16.12.2025 04:35:00;Z RP;przejście;Nadbużański;PSG w Terespolu;Kukuryki - Kozłowiczy;Białoruś;Inne;Podzespoły samochodowe;45000,00;Silnik elektryczny oraz skrzynia biegów;szt.;1,0000;Straż Graniczna
16.12.2025 04:35:00;Z RP;przejście;Nadbużański;PSG w Terespolu;Kukuryki - Kozłowiczy;Białoruś;Inne;Podzespoły samochodowe;40000,00;silnik wraz z skrzynią biegów;szt.;1,0000;Straż Graniczna
16.12.2025 08:30:00;Do RP;przejście;Nadbużański;PSG w Dorohusku;Dorohusk - Jagodzin;Ukraina;Amunicja;Ostra;5,20;kal. 7,62 x 39;szt.;2,0000;Straż Graniczna
16.12.2025 16:39:00;wewnątrz kraju;kraj;Warmińsko-Mazurski;PSG w Bezledach;;wewnątrz kraju;Pojazdy;Osobowy;120000,00;;szt.;1,0000;Straż Graniczna
16.12.2025 18:00:00;Z RP;przejście;Nadodrzański;PSG w Poznaniu-Ławicy;Poznań-Ławica;lotnicza;Broń;Inna;8,00;Kastet;szt.;1,0000;Straż Graniczna
17.12.2025 05:20:00;Do RP;przejście;Nadbużański;PSG w Terespolu;Kukuryki - Kozłowiczy;Białoruś;Alkohol;Wódka;30,00;;litr;1,0000;Straż Graniczna
17.12.2025 05:20:00;Do RP;przejście;Nadbużański;PSG w Terespolu;Kukuryki - Kozłowiczy;Białoruś;Papierosy;Papierosy;175,74;;szt.;200,0000;Straż Graniczna
17.12.2025 08:10:00;wewnątrz kraju;przejście;Nadodrzański;PSG w Zielonej Górze-Babimoście;Zielona Góra-Babimost;lotnicza;Amunicja;Ostra;3,00;naboju Remington 223 z napisem ,,GGK”;szt.;1,0000;Straż Graniczna
17.12.2025 09:35:00;wewnątrz kraju;kraj;Śląski;PSG w Rudzie Śląskiej;;wewnątrz kraju;Papierosy;Papierosy;4059,55;;szt.;4620,0000;Straż Graniczna
17.12.2025 22:00:00;Do RP;przejście;Nadbużański;PSG w Terespolu;Terespol - Brześć;Białoruś;Papierosy;Papierosy;35,15;;szt.;40,0000;KAS | SG
17.12.2025 22:00:00;Do RP;przejście;Nadbużański;PSG w Terespolu;Terespol - Brześć;Białoruś;Alkohol;Koniak;40,00;Metaxa;litr;1,0000;KAS | SG
17.12.2025 23:45:00;Do RP;przejście;Bieszczadzki;PSG w Korczowej;Korczowa - Krakowiec;Ukraina;Amunicja;Ostra;12,50;kal 12/70;szt.;5,0000;Straż Graniczna
18.12.2025 00:20:00;Z RP;przejście;Śląski;PSG w Katowicach-Pyrzowicach;Katowice-Pyrzowice;lotnicza;Broń;Inna;120,00;Przedmiot przypominający pałkę teleskopową;szt.;1,0000;Straż Graniczna
18.12.2025 00:10:00;Do RP;przejście;Bieszczadzki;PSG w Lubaczowie;;Ukraina;Inne;Inne;50,00;Element z grawerunkiem KMHKR81EFRU254094;szt.;1,0000;Straż Graniczna
18.12.2025 00:10:00;Do RP;przejście;Bieszczadzki;PSG w Lubaczowie;;Ukraina;Inne;Inne;50,00;metalowy element z grawerunkiem;szt.;1,0000;Straż Graniczna
18.12.2025 00:10:00;Do RP;przejście;Bieszczadzki;PSG w Lubaczowie;;Ukraina;Inne;Podzespoły samochodowe;100,00;podzespół elektryczny;szt.;1,0000;Straż Graniczna
18.12.2025 00:10:00;Do RP;przejście;Bieszczadzki;PSG w Lubaczowie;;Ukraina;Inne;Inne;100,00;naklejka znamionowa;szt.;2,0000;Straż Graniczna
18.12.2025 00:10:00;Do RP;przejście;Bieszczadzki;PSG w Lubaczowie;;Ukraina;Inne;Inne;50,00;naklejka znamionowa HYUNDAY MOTOR COMPANY ;szt.;1,0000;Straż Graniczna
18.12.2025 05:30:00;wewnątrz kraju;kraj;Bieszczadzki;PSG w Rzeszowie–Jasionce;;wewnątrz kraju;Narkotyki;Marihuana;49455,00;;kg;0,9891;Straż Graniczna
18.12.2025 09:41:00;Z RP;przejście;Bieszczadzki;PSG w Hermanowicach;Malhowice - Niżankowice;Ukraina;Pojazdy;Osobowy;10000,00;;szt.;1,0000;Straż Graniczna
18.12.2025 13:00:00;Do RP;przejście;Nadbużański;PSG w Hrebennem;Hrebenne - Rawa Ruska;Ukraina;Broń;Inna;50,00;pałka teleskopowa;szt.;1,0000;Straż Graniczna
18.12.2025 14:30:00;wewnątrz kraju;przejście;Bieszczadzki;PSG w Rzeszowie–Jasionce;Rzeszów-Jasionka;lotnicza;Amunicja;Inna;1,50;"""ślepy"" nabój";szt.;1,0000;Straż Graniczna
18.12.2025 12:34:00;wewnątrz kraju;strefa;Bieszczadzki;PSG w Korczowej;;Ukraina;Papierosy;Papierosy;52,72;60 sztuk papierosów bez polskich znaków akcyzy MF RP ( tj. 3 paczek papierosów marki COMPLIMENT );szt.;60,0000;Straż Graniczna
18.12.2025 17:59:00;Do RP;przejście;Nadbużański;PSG w Terespolu;Terespol - Brześć;Białoruś;Inne;Inne;2433,10;olej napędowy;litr;290,0000;KAS | SG
18.12.2025 17:39:00;wewnątrz kraju;strefa;Bieszczadzki;PSG w Medyce;;Ukraina;Płyn do e-papierosów;Płyn do e-papierosów;1864800,00;płyn o 99 % stężeniu nikotyny;litr;518,0000;Straż Graniczna
18.12.2025 17:39:00;wewnątrz kraju;strefa;Bieszczadzki;PSG w Medyce;;Ukraina;Inne;Inne;120001,00;płyn smakowy do produkcji wyrobów nowatorskich;litr;70,0000;Straż Graniczna
18.12.2025 21:00:00;Do RP;przejście;Nadbużański;PSG w Terespolu;Kukuryki - Kozłowiczy;Białoruś;Papierosy;Papierosy;351,48;;szt.;400,0000;Straż Graniczna
18.12.2025 23:30:00;Z RP;przejście;Nadbużański;PSG w Terespolu;Terespol - Brześć;Białoruś;Pojazdy;Osobowy;450000,00;SAMOCHÓD OSOBOWY - MERCEDES-BENZ ;szt.;1,0000;Straż Graniczna
18.12.2025 23:00:00;Do RP;przejście;Nadodrzański;PSG w Słubicach;Świecko - Frankfurt;Niemcy;Narkotyki;Haszysz;124,00;;kg;0,0025;Straż Graniczna
18.12.2025 23:00:00;Do RP;przejście;Nadodrzański;PSG w Słubicach;Świecko - Frankfurt;Niemcy;Narkotyki;Marihuana;19,60;;kg;0,0005;Straż Graniczna
19.12.2025 03:30:00;Do RP;przejście;Nadodrzański;PSG w Zielonej Górze-Babimoście;Gubinek – Guben;Niemcy;Narkotyki;Marihuana;107,60;;kg;0,0027;Straż Graniczna
19.12.2025 03:30:00;Do RP;przejście;Nadodrzański;PSG w Zielonej Górze-Babimoście;Gubinek – Guben;Niemcy;Narkotyki;Amfetamina;4,40;;kg;0,0001;Straż Graniczna
18.12.2025 22:15:00;wewnątrz kraju;kraj;Warmińsko-Mazurski;PSG w Gołdapi;;wewnątrz kraju;Papierosy;Papierosy;41298,43;;szt.;47000,0000;Straż Graniczna
19.12.2025 10:40:00;Do RP;przejście;Nadbużański;PSG w Terespolu;Kukuryki - Kozłowiczy;Białoruś;Papierosy;Papierosy;913,84;KING;szt.;1040,0000;Straż Graniczna
19.12.2025 10:40:00;Do RP;przejście;Nadbużański;PSG w Terespolu;Kukuryki - Kozłowiczy;Białoruś;Alkohol;Wódka;80,00;;litr;2,0000;Straż Graniczna
19.12.2025 05:45:00;wewnątrz kraju;strefa;Podlaski;PSG w Krynkach;;Białoruś;Papierosy;Papierosy;26360,70;;szt.;30000,0000;Straż Graniczna
19.12.2025 16:20:00;Do RP;przejście;Bieszczadzki;PSG w Medyce;Medyka - Szeginie;Ukraina;Broń;Inna;80,00;kastet;szt.;1,0000;SC | SG
19.12.2025 19:34:00;Do RP;przejście;Bieszczadzki;PSG w Korczowej;Korczowa - Krakowiec;Ukraina;Amunicja;Ostra;25,00;Amunicja ostra kalibru 12/76 mm;szt.;10,0000;Straż Graniczna
19.12.2025 23:08:00;Do RP;przejście;Bieszczadzki;PSG w Korczowej;Korczowa - Krakowiec;Ukraina;Papierosy;Papierosy;52,72;COMPLIMENT;szt.;60,0000;Straż Graniczna
20.12.2025 22:00:00;Do RP;przejście;Nadbużański;PSG w Terespolu;Terespol - Brześć;Białoruś;Papierosy;Papierosy;4217,71;;szt.;4800,0000;KAS | SG
22.12.2025 17:00:00;Do RP;przejście;Nadbużański;PSG w Terespolu;Terespol - Brześć;Białoruś;Papierosy;Papierosy;1054,43;;szt.;1200,0000;KAS | SG
21.12.2025 21:36:00;Do RP;przejście;Nadbużański;PSG w Terespolu;Terespol - Brześć;Białoruś;Papierosy;Papierosy;7890,64;;szt.;8980,0000;KAS | SG
22.12.2025 12:15:00;Do RP;przejście;Nadbużański;PSG w Dołhobyczowie;Dołhobyczów - Uhrynów;Ukraina;Papierosy;Papierosy;117,74;;szt.;134,0000;Straż Graniczna
22.12.2025 17:32:00;Z RP;przejście;Bieszczadzki;PSG w Krościenku;Krościenko - Smolnica;Ukraina;Pojazdy;Osobowy;80000,00;Peugeot 5008;szt.;1,0000;Straż Graniczna
23.12.2025 02:00:00;Do RP;przejście;Nadbużański;PSG w Dorohusku;Dorohusk - Jagodzin;Ukraina;Amunicja;Ostra;;długość 56mm, średnica 10mm, oznaczenie na spłonce 270 oraz 98;szt.;1,0000;SC | SG
23.12.2025 11:39:00;wewnątrz kraju;kraj;Bieszczadzki;Bieszczadzki;;wewnątrz kraju;Pojazdy;Osobowy;130000,00;Peugeot 3008, rok produkcji 2025;szt.;1,0000;Policja | SG
23.12.2025 12:44:00;wewnątrz kraju;kraj;Bieszczadzki;Bieszczadzki;;wewnątrz kraju;Pojazdy;Osobowy;60000,00;Peugeot 308 rok produkcji 2019;szt.;1,0000;Policja | Policja | SG
23.12.2025 10:17:00;Do RP;przejście;Nadbużański;PSG w Dołhobyczowie;Dołhobyczów - Uhrynów;Ukraina;Papierosy;Papierosy;175,74;Sobranie;szt.;200,0000;Straż Graniczna
23.12.2025 16:40:00;Do RP;przejście;Nadbużański;PSG w Terespolu;Kukuryki - Kozłowiczy;Białoruś;Papierosy;Papierosy;2636,07;;szt.;3000,0000;Straż Graniczna
24.12.2025 00:45:00;Z RP;przejście;Nadbużański;PSG w Hrubieszowie;Zosin - Ustiług;Ukraina;Inne;Podzespoły samochodowe;15000,00;Niekompletna Karoseria z pojazdu BMW M8 COMPETITION AUTO – data produkcji 2022 koloru niebieskiego o nr  karoserii 84582420 który jest przypisany do pojazdu BMW M8 o nr VIN :WBSGV02050CJ11163;szt.;1,0000;Straż Graniczna
24.12.2025 00:45:00;Z RP;przejście;Nadbużański;PSG w Hrubieszowie;Zosin - Ustiług;Ukraina;Inne;Podzespoły samochodowe;7000,00;Automatyczna Skrzynia Biegów z pojazdu BMW 540I XDRIVE M SPORT AUTO – data produkcji 2017  o nr tj. 0337718Z0F przypisany do pojazdu  BMW 540I ;szt.;1,0000;Straż Graniczna
24.12.2025 00:45:00;Z RP;przejście;Nadbużański;PSG w Hrubieszowie;Zosin - Ustiług;Ukraina;Inne;Podzespoły samochodowe;1500,00;Sterownik silnika z pojazdu RANGE ROVER SPORT HSE SDV – data produkcji 2016 przypisany do numeru VIN o treści SALWA2KE4GA662088 ;szt.;1,0000;Straż Graniczna
24.12.2025 00:45:00;Z RP;przejście;Nadbużański;PSG w Hrubieszowie;Zosin - Ustiług;Ukraina;Inne;Podzespoły samochodowe;1500,00; Skórzany Boczek drzwi z pojazdu AUDI RS4  TFSI QUATTRO – data produkcji 2020 o numerze PKN  0710606 który jest przypisany do nr VIN:  WUAZZZF47LA901041 ;szt.;1,0000;Straż Graniczna
24.12.2025 10:30:00;Do RP;przejście;Nadbużański;PSG w Terespolu;Terespol - Brześć;Białoruś;Papierosy;Papierosy;7029,52;Wyroby tytoniowe bez polskich znaków skarbowych akcyzy w postaci papierosów w ilości 8000 sztuk o wartości 7 029,52;szt.;8000,0000;KAS | SG
24.12.2025 15:15:00;Do RP;przejście;Podlaski;PSG w Rutce-Tartak;Budzisko;Litwa;Pojazdy;Inny;35000,00;VW TRANSPORTER;szt.;1,0000;Straż Graniczna
25.12.2025 12:35:00;wewnątrz kraju;strefa;Nadbużański;PSG w Sławatyczach;;Białoruś;Papierosy;Papierosy;26360,70;przy użyciu balonu meteorologicznego;szt.;30000,0000;Straż Graniczna
26.12.2025 00:00:00;wewnątrz kraju;strefa;Nadbużański;PSG w Białej Podlaskiej;;Białoruś;Papierosy;Papierosy;26360,70;Przy użyciu balonu meteorologicznego;szt.;30000,0000;Straż Graniczna
26.12.2025 00:00:00;wewnątrz kraju;strefa;Nadbużański;PSG w Białej Podlaskiej;;Białoruś;Papierosy;Papierosy;26360,70;Przy użyciu balonu meteorologicznego;szt.;30000,0000;KAS | SG
26.12.2025 13:20:00;wewnątrz kraju;strefa;Podlaski;PSG w Nowym Dworze;;Białoruś;Papierosy;Papierosy;19858,39;NZ;szt.;22600,0000;Straż Graniczna
26.12.2025 13:20:00;wewnątrz kraju;strefa;Podlaski;PSG w Nowym Dworze;;Białoruś;Papierosy;Papierosy;6502,31;;szt.;7400,0000;Straż Graniczna
26.12.2025 15:51:00;wewnątrz kraju;strefa;Podlaski;PSG w Mielniku;;Białoruś;Papierosy;Papierosy;20737,08;;szt.;23600,0000;Straż Graniczna
26.12.2025 23:40:00;Do RP;przejście;Nadbużański;PSG w Terespolu;Kukuryki - Kozłowiczy;Białoruś;Papierosy;Papierosy;1757,38;wyroby tytoniowe bez polskich znaków skarbowych akcyzy w postaci papierosów w ilości 2000 sztuk o łącznej wartości 1757,38zł;szt.;2000,0000;Straż Graniczna
27.12.2025 05:00:00;Z RP;strefa;Morski;PSG w Gdańsku;;lotnicza;Amunicja;Ostra;24,00;RWS 8X 57JS;szt.;4,0000;inny | SG
27.12.2025 12:15:00;Z RP;przejście;Nadbużański;PSG w Hrubieszowie;Zosin - Ustiług;Ukraina;Inne;Podzespoły samochodowe;11000,00;skrzynia biegów;szt.;1,0000;Straż Graniczna
27.12.2025 11:40:00;wewnątrz kraju;strefa;Podlaski;PSG w Kuźnicy;;Białoruś;Papierosy;Papierosy;17573,80;Mińsk;szt.;20000,0000;Straż Graniczna
27.12.2025 11:40:00;wewnątrz kraju;strefa;Podlaski;PSG w Kuźnicy;;Białoruś;Papierosy;Papierosy;8786,90;NZ;szt.;10000,0000;Straż Graniczna
27.12.2025 10:10:00;wewnątrz kraju;strefa;Podlaski;PSG w Narewce;;Białoruś;Papierosy;Papierosy;17573,80;MIŃSK;szt.;20000,0000;Straż Graniczna
27.12.2025 10:10:00;wewnątrz kraju;strefa;Podlaski;PSG w Narewce;;Białoruś;Papierosy;Papierosy;8786,90;NZ GOLD;szt.;10000,0000;Straż Graniczna
27.12.2025 12:18:00;wewnątrz kraju;kraj;Nadbużański;PSG w Lublinie;;wewnątrz kraju;Papierosy;Papierosy;26360,70;Przy użyciu balonu meteorologicznego;szt.;30000,0000;Straż Graniczna
28.12.2025 10:55:00;wewnątrz kraju;strefa;Podlaski;PSG w Szudziałowie;;Białoruś;Papierosy;Papierosy;26360,70;NZ GOLD;szt.;30000,0000;Straż Graniczna
28.12.2025 14:22:00;Z RP;przejście;Bieszczadzki;PSG w Lubaczowie;Budomierz - Hruszew;Ukraina;Pojazdy;Osobowy;180000,00;KIA EV6 nr VIN KNAC581EPR5162895;szt.;1,0000;Straż Graniczna
28.12.2025 23:00:00;Do RP;przejście;Nadbużański;PSG w Dołhobyczowie;Dołhobyczów - Uhrynów;Ukraina;Płyn do e-papierosów;Płyn do e-papierosów;125,58;;litr;0,0966;SC | SG
29.12.2025 09:05:00;Z RP;przejście;Bieszczadzki;PSG w Lubaczowie;Budomierz - Hruszew;Ukraina;Pojazdy;Osobowy;150000,00;KIA EV6;szt.;1,0000;Straż Graniczna
29.12.2025 09:05:00;Z RP;przejście;Bieszczadzki;PSG w Lubaczowie;Budomierz - Hruszew;Ukraina;Inne;Inne;40,00;francuskie tablice rejestracyjne;szt.;2,0000;Straż Graniczna
29.12.2025 17:00:00;Do RP;przejście;Nadbużański;PSG w Hrebennem;Hrebenne - Rawa Ruska;Ukraina;Papierosy;Papierosy;281,18;160 sztuk WINSTON, 160 sztuk JADE;szt.;320,0000;Straż Graniczna
29.12.2025 18:00:00;Do RP;przejście;Nadbużański;PSG w Hrebennem;Hrebenne - Rawa Ruska;Ukraina;Inne;Inne;54,05;Saszetki nikotynowe;kg;0,0819;Straż Graniczna
29.12.2025 20:20:00;Do RP;przejście;Nadbużański;PSG w Hrebennem;Hrebenne - Rawa Ruska;Ukraina;Płyn do e-papierosów;Płyn do e-papierosów;312,00;;litr;0,2400;Straż Graniczna
29.12.2025 20:20:00;Do RP;przejście;Nadbużański;PSG w Hrebennem;Hrebenne - Rawa Ruska;Ukraina;Tytoń;Tytoń do palenia;57,73;wyroby nowatorskie;kg;0,0864;Straż Graniczna
30.12.2025 12:36:00;Do RP;przejście;Nadbużański;PSG w Dorohusku;Dorohusk - Jagodzin;Ukraina;Papierosy;Papierosy;87,87;;szt.;100,0000;Straż Graniczna
30.12.2025 12:46:00;Do RP;przejście;Nadbużański;PSG w Dorohusku;Dorohusk - Jagodzin;Ukraina;Papierosy;Papierosy;105,44;;szt.;120,0000;Straż Graniczna
30.12.2025 12:54:00;Do RP;przejście;Nadbużański;PSG w Dorohusku;Dorohusk - Jagodzin;Ukraina;Papierosy;Papierosy;181,89;;szt.;207,0000;Straż Graniczna
30.12.2025 11:00:00;wewnątrz kraju;strefa;Nadbużański;PSG w Białej Podlaskiej;;Białoruś;Papierosy;Papierosy;8716,60;Queen Menthol;szt.;9920,0000;Straż Graniczna
30.12.2025 13:00:00;wewnątrz kraju;strefa;Bieszczadzki;PSG w Medyce;;Ukraina;Papierosy;Papierosy;2565,77;;szt.;2920,0000;Straż Graniczna
30.12.2025 13:00:00;wewnątrz kraju;strefa;Bieszczadzki;PSG w Medyce;;Ukraina;Papierosy;Papierosy;281,18;papierosy różnych marek produkcji ukraińskiej-bez znaków skarbowych RP;szt.;320,0000;Straż Graniczna
30.12.2025 13:50:00;Do RP;przejście;Nadbużański;PSG w Hrubieszowie;Zosin - Ustiług;Ukraina;Amunicja;Inna;;wkłady Flaubert 4mm;szt.;11,0000;Straż Graniczna
30.12.2025 18:30:00;Do RP;przejście;Nadbużański;PSG w Terespolu;Terespol - Brześć;Białoruś;Papierosy;Papierosy;8786,90;;szt.;10000,0000;KAS | SG
26.12.2025 22:20:00;Do RP;przejście;Bieszczadzki;PSG w Medyce;Medyka - Szeginie;Ukraina;Tytoń;Tytoń do palenia (wkłady);43,20;wyroby nowatorskie KENT;kg;0,0108;Straż Graniczna
